PDG	Ctau	CtauScaleFactor	Efficiency	StatError	RelativeStatError	PuUpEffic	PuDownEffic	TruncEffic	StatError	PuUpTrunEffic	PuDownTruncEffic	EfficiencyNeg	StatError	RelativeStatError	TrunEfficNeg	StatError
6001113	0.35	0.01		4.573e-205		0.000000		0.000000		0.000000		0.000000		0.000000		0.000000		0.000000		0.00000000		0		0.000000		-1.000000		0		0.000000
6001113	0.7	0.02		3.518e-102		0.000000		1.110451		0.000000		0.000000		0.000000		0.000000		0.000000		0.00000000		0		0.000000		-1.000000		0		0.000000
6001113	1.4	0.04		4.107e-51		0.000000		1.020972		0.000000		0.000000		0.000000		0.000000		0.000000		0.00000000		0		0.000000		-1.000000		0		0.000000
6001113	2.1	0.06		3.167e-34		0.000000		1.010305		0.000000		0.000000		0.000000		0.000000		0.000000		0.00000000		0		0.000000		-1.000000		0		0.000000
6001113	2.8	0.08		7.651e-26		0.000000		1.006513		0.000000		0.000000		0.000000		0.000000		0.000000		0.00000000		0		0.000000		-1.000000		0		0.000000
6001113	3.5	0.1		7.511e-21		0.000000		1.004547		0.000000		0.000000		0.000000		0.000000		0.000000		0.00000000		0		0.000000		-1.000000		0		0.000000
6001113	7	0.2		4.524e-11		0.000000		0.996210		0.000000		0.000000		0.000000		0.000000		0.000000		0.00000000		0		0.000000		-1.000000		0		0.000000
6001113	14	0.4		1.967e-06		0.000002		0.890445		0.000002		0.000002		0.000002		0.000001		0.000002		0.00000196		0		0.000000		-1.000000		0		0.000000
6001113	21	0.6		5.749e-05		0.000044		0.771238		0.000056		0.000058		0.000057		0.000031		0.000056		0.00005811		0		0.000000		-1.000000		0		0.000000
6001113	28	0.8		0.0002829		0.000204		0.720142		0.000272		0.000290		0.000283		0.000144		0.000272		0.00028964		0		0.000000		-1.000000		0		0.000000
6001113	35	1		0.0006855		0.000485		0.707240		0.000655		0.000708		0.000686		0.000343		0.000655		0.00070816		0		0.000000		-1.000000		0		0.000000
6001113	70	2		0.002594		0.001906		0.734572		0.002453		0.002706		0.002639		0.001370		0.002488		0.00276333		0		0.000000		-1.000000		0		0.000000
6001113	140	4		0.002881		0.002241		0.777859		0.002748		0.002970		0.002788		0.001528		0.002634		0.00290393		0		0.000000		-1.000000		0		0.000000
6001113	210	6		0.002615		0.002089		0.798564		0.002509		0.002677		0.002208		0.001244		0.002093		0.00228774		0		0.000000		-1.000000		0		0.000000
6001113	280	8		0.002433		0.001971		0.809923		0.002341		0.002481		0.001776		0.001016		0.001688		0.00183497		0		0.000000		-1.000000		0		0.000000
6001113	350	10		0.002313		0.001890		0.816977		0.002231		0.002354		0.001475		0.000852		0.001404		0.00152071		0		0.000000		-1.000000		0		0.000000
6001113	700	20		0.002062		0.001714		0.831452		0.001995		0.002089		0.000786		0.000464		0.000751		0.00080745		0		0.000000		-1.000000		0		0.000000
6001113	1.4e+03	40		0.001933		0.001622		0.838798		0.001874		0.001955		0.000404		0.000241		0.000386		0.00041403		0		0.000000		-1.000000		0		0.000000
6001113	2.1e+03	60		0.00189		0.001590		0.841255		0.001834		0.001910		0.000272		0.000163		0.000260		0.00027816		0		0.000000		-1.000000		0		0.000000
6001113	2.8e+03	80		0.001869		0.001575		0.842483		0.001814		0.001888		0.000205		0.000123		0.000196		0.00020941		0		0.000000		-1.000000		0		0.000000
6001113	3.5e+03	1e+02		0.001856		0.001565		0.843221		0.001802		0.001875		0.000164		0.000099		0.000157		0.00016790		0		0.000000		-1.000000		0		0.000000
6002113	3.5	0.01		5.513e-26		0.000000		1.142150		0.000000		0.000000		0.000000		0.000000		0.000000		0.00000000		8.302e-35		0.000000		1.142252		8.302e-35		0.000000
6002113	7	0.02		1.028e-13		0.000000		1.034808		0.000000		0.000000		0.000000		0.000000		0.000000		0.00000000		2.827e-18		0.000000		1.050860		2.827e-18		0.000000
6002113	14	0.04		1.143e-07		0.000000		0.852920		0.000000		0.000000		0.000000		0.000000		0.000000		0.00000011		3.543e-10		0.000000		1.024850		3.543e-10		0.000000
6002113	21	0.06		1.147e-05		0.000008		0.674667		0.000011		0.000012		0.000011		0.000005		0.000011		0.00001212		1.385e-07		0.000000		1.013238		1.385e-07		0.000000
6002113	28	0.08		0.0001122		0.000061		0.546789		0.000103		0.000122		0.000112		0.000043		0.000103		0.00012208		2.331e-06		0.000002		1.001461		2.331e-06		0.000002
6002113	35	0.1		0.0004352		0.000198		0.455759		0.000395		0.000479		0.000435		0.000140		0.000395		0.00047903		1.153e-05		0.000011		0.983111		1.153e-05		0.000008
6002113	70	0.2		0.006569		0.001557		0.237002		0.006060		0.007099		0.006569		0.001101		0.006060		0.00709899		0.0002102		0.000164		0.779460		0.0002102		0.000116
6002113	140	0.4		0.02948		0.003269		0.110881		0.028559		0.030359		0.029484		0.002312		0.028559		0.03035901		0.001107		0.000427		0.385277		0.001107		0.000302
6002113	210	0.6		0.05267		0.004000		0.075942		0.051962		0.053237		0.052671		0.002829		0.051959		0.05323330		0.002458		0.000710		0.288778		0.002458		0.000502
6002113	280	0.8		0.07001		0.004528		0.064683		0.069644		0.070121		0.069965		0.003202		0.069601		0.07008023		0.003683		0.000997		0.270614		0.003683		0.000705
6002113	350	1		0.08093		0.004987		0.061619		0.080969		0.080531		0.080756		0.003522		0.080791		0.08038593		0.004636		0.001236		0.266687		0.004636		0.000874
6002113	700	2		0.07253		0.014633		0.201741		0.078404		0.065188		0.077076		0.009194		0.081145		0.07179617		0.006007		0.002766		0.460431		0.006534		0.002067
6002113	1.4e+03	4		0.01624		0.012764		0.785782		0.021752		0.011718		0.020367		0.013636		0.026185		0.01527093		0.001914		0.001907		0.996311		0.002557		0.002042
6002113	2.1e+03	6		0.007282		0.006556		0.900271		0.010183		0.005067		0.007884		0.006534		0.010778		0.00560947		0.0009766		0.001096		1.122639		0.001151		0.001102
6002113	2.8e+03	8		0.004781		0.004482		0.937494		0.006778		0.003289		0.004369		0.003851		0.006100		0.00305628		0.0006837		0.000798		1.167450		0.0006889		0.000697
6002113	3.5e+03	10		0.003704		0.003539		0.955431		0.005286		0.002534		0.002901		0.002629		0.004091		0.00201341		0.0005502		0.000655		1.189924		0.000479		0.000498
6002113	7e+03	20		0.002219		0.002185		0.984374		0.003198		0.001505		0.000995		0.000939		0.001425		0.00068248		0.0003549		0.000436		1.227200		0.0001801		0.000195
6002113	1.4e+04	40		0.001718		0.001712		0.996384		0.002486		0.001162		0.000412		0.000395		0.000594		0.00028140		0.0002848		0.000354		1.242777		7.803e-05		0.000086
6002113	2.1e+04	60		0.001578		0.001578		1.000124		0.002285		0.001066		0.000258		0.000248		0.000373		0.00017599		0.0002646		0.000330		1.247594		4.961e-05		0.000055
6002113	2.8e+04	80		0.001512		0.001515		1.001951		0.002191		0.001021		0.000188		0.000181		0.000271		0.00012786		0.0002551		0.000319		1.249937		3.633e-05		0.000040
6002113	3.5e+04	1e+02		0.001474		0.001479		1.003034		0.002137		0.000995		0.000147		0.000142		0.000213		0.00010035		0.0002495		0.000312		1.251323		2.865e-05		0.000032
6003113	35	0.01		6.699e-06		0.000006		0.864238		0.000008		0.000006		0.000007		0.000004		0.000008		0.00000560		4.372e-16		0.000000		1.165281		4.372e-16		0.000000
6003113	70	0.02		0.002032		0.001311		0.644906		0.002222		0.001822		0.002032		0.000927		0.002222		0.00182173		9.518e-09		0.000000		1.073695		9.518e-09		0.000000
6003113	140	0.04		0.02708		0.011551		0.426629		0.028826		0.025338		0.027075		0.008168		0.028826		0.02533841		2.515e-05		0.000026		1.014533		2.515e-05		0.000018
6003113	210	0.06		0.05651		0.018142		0.321071		0.059785		0.053634		0.056506		0.012829		0.059785		0.05363378		0.0002605		0.000251		0.963612		0.0002605		0.000177
6003113	280	0.08		0.07754		0.020101		0.259224		0.081669		0.074218		0.077544		0.014214		0.081669		0.07421777		0.0007502		0.000673		0.897234		0.0007502		0.000476
6003113	350	0.1		0.09136		0.020044		0.219391		0.095832		0.087949		0.091363		0.014173		0.095832		0.08794940		0.001354		0.001116		0.824184		0.001354		0.000789
6003113	700	0.2		0.1099		0.015018		0.136591		0.113796		0.107330		0.109947		0.010619		0.113796		0.10732985		0.003785		0.002144		0.566544		0.003785		0.001516
6003113	1.4e+03	0.4		0.09018		0.008800		0.097577		0.092421		0.088648		0.090184		0.006222		0.092421		0.08864848		0.004247		0.001940		0.456854		0.004247		0.001372
6003113	2.1e+03	0.6		0.07007		0.006052		0.086378		0.071542		0.069035		0.070067		0.004280		0.071542		0.06903521		0.00323		0.001432		0.443428		0.00323		0.001013
6003113	2.8e+03	0.8		0.05599		0.004633		0.082748		0.057052		0.055269		0.055993		0.003276		0.057052		0.05527250		0.002386		0.001053		0.441340		0.002386		0.000744
6003113	3.5e+03	1		0.04598		0.003802		0.082701		0.046799		0.045440		0.045987		0.002689		0.046801		0.04545490		0.001801		0.000795		0.441398		0.001801		0.000562
6003113	7e+03	2		0.02083		0.002371		0.113794		0.021342		0.020479		0.021221		0.001623		0.021685		0.02090840		0.0006056		0.000271		0.447933		0.0006169		0.000195
6003113	1.4e+04	4		0.006976		0.002062		0.295640		0.007313		0.006727		0.007112		0.001419		0.007410		0.00689214		0.000159		0.000083		0.521247		0.0001621		0.000059
6003113	2.1e+04	6		0.003963		0.001543		0.389376		0.004202		0.003789		0.003608		0.001021		0.003802		0.00346518		8.181e-05		0.000047		0.577452		7.447e-05		0.000031
6003113	2.8e+04	8		0.002887		0.001253		0.434074		0.003079		0.002748		0.002292		0.000752		0.002431		0.00219122		5.65e-05		0.000034		0.607178		4.486e-05		0.000020
6003113	3.5e+04	10		0.002365		0.001086		0.459298		0.002532		0.002246		0.001646		0.000584		0.001752		0.00156893		4.477e-05		0.000028		0.624587		3.116e-05		0.000014
6003113	7e+04	20		0.00156		0.000788		0.505346		0.001682		0.001474		0.000652		0.000265		0.000700		0.00061800		2.755e-05		0.000018		0.657273		1.152e-05		0.000006
6003113	1.4e+05	40		0.001258		0.000662		0.526031		0.001361		0.001186		0.000288		0.000124		0.000310		0.00027233		2.143e-05		0.000014		0.672235		4.909e-06		0.000003
6003113	2.1e+05	60		0.00117		0.000623		0.532580		0.001267		0.001101		0.000184		0.000081		0.000199		0.00017391		1.968e-05		0.000013		0.676995		3.1e-06		0.000002
6003113	2.8e+05	80		0.001128		0.000604		0.535790		0.001222		0.001062		0.000135		0.000060		0.000146		0.00012764		1.886e-05		0.000013		0.679331		2.262e-06		0.000001
6003113	3.5e+05	1e+02		0.001103		0.000593		0.537696		0.001196		0.001038		0.000107		0.000047		0.000115		0.00010079		1.838e-05		0.000013		0.680719		1.78e-06		0.000001
