PDG	Ctau	CtauScaleFactor	Efficiency	StatError	RelativeStatError	PuUpEffic	PuDownEffic	TruncEffic	StatError	PuUpTrunEffic	PuDownTruncEffic	EfficiencyNeg	StatError	RelativeStatError	TrunEfficNeg	StatError
6001113	0.35	0.01		1.179e-179		0.000000		0.000000		0.000000		0.000000		0.000000		0.000000		0.000000		0.00000000		0		0.000000		-1.000000		0		0.000000
6001113	0.7	0.02		1.803e-90		0.000000		1.002130		0.000000		0.000000		0.000000		0.000000		0.000000		0.00000000		0		0.000000		-1.000000		0		0.000000
6001113	1.4	0.04		4.917e-46		0.000000		1.001047		0.000000		0.000000		0.000000		0.000000		0.000000		0.00000000		0		0.000000		-1.000000		0		0.000000
6001113	2.1	0.06		2.663e-31		0.000000		1.000698		0.000000		0.000000		0.000000		0.000000		0.000000		0.00000000		0		0.000000		-1.000000		0		0.000000
6001113	2.8	0.08		5.689e-24		0.000000		1.000529		0.000000		0.000000		0.000000		0.000000		0.000000		0.00000000		0		0.000000		-1.000000		0		0.000000
6001113	3.5	0.1		1.352e-19		0.000000		1.000428		0.000000		0.000000		0.000000		0.000000		0.000000		0.00000000		0		0.000000		-1.000000		0		0.000000
6001113	7	0.2		5.978e-11		0.000000		1.000003		0.000000		0.000000		0.000000		0.000000		0.000000		0.00000000		0		0.000000		-1.000000		0		0.000000
6001113	14	0.4		9.297e-07		0.000001		0.957911		0.000001		0.000001		0.000001		0.000001		0.000001		0.00000081		0		0.000000		-1.000000		0		0.000000
6001113	21	0.6		2.321e-05		0.000019		0.818198		0.000023		0.000022		0.000018		0.000018		0.000019		0.00001669		0		0.000000		-1.000000		0		0.000000
6001113	28	0.8		0.0001254		0.000091		0.724015		0.000122		0.000123		0.000077		0.000077		0.000078		0.00006952		0		0.000000		-1.000000		0		0.000000
6001113	35	1		0.000357		0.000253		0.707582		0.000342		0.000360		0.000171		0.000171		0.000175		0.00015550		0		0.000000		-1.000000		0		0.000000
6001113	70	2		0.002782		0.002209		0.793977		0.002590		0.002941		0.000669		0.000668		0.000683		0.00060852		0		0.000000		-1.000000		0		0.000000
6001113	140	4		0.006425		0.005489		0.854314		0.005904		0.006951		0.000938		0.000937		0.000957		0.00085511		0		0.000000		-1.000000		0		0.000000
6001113	210	6		0.007894		0.006912		0.875519		0.007218		0.008632		0.000883		0.000882		0.000900		0.00080558		0		0.000000		-1.000000		0		0.000000
6001113	280	8		0.008583		0.007617		0.887437		0.007825		0.009445		0.000787		0.000786		0.000802		0.00071843		0		0.000000		-1.000000		0		0.000000
6001113	350	10		0.008963		0.008024		0.895277		0.008156		0.009903		0.000699		0.000698		0.000712		0.00063774		0		0.000000		-1.000000		0		0.000000
6001113	700	20		0.009611		0.008776		0.913026		0.008711		0.010717		0.000430		0.000430		0.000438		0.00039268		0		0.000000		-1.000000		0		0.000000
6001113	1.4e+03	40		0.009867		0.009109		0.923143		0.008923		0.011057		0.000239		0.000238		0.000243		0.00021790		0		0.000000		-1.000000		0		0.000000
6001113	2.1e+03	60		0.009941		0.009212		0.926721		0.008983		0.011158		0.000165		0.000164		0.000168		0.00015041		0		0.000000		-1.000000		0		0.000000
6001113	2.8e+03	80		0.009975		0.009263		0.928550		0.009011		0.011207		0.000126		0.000126		0.000128		0.00011478		0		0.000000		-1.000000		0		0.000000
6001113	3.5e+03	1e+02		0.009995		0.009292		0.929660		0.009027		0.011235		0.000102		0.000101		0.000103		0.00009279		0		0.000000		-1.000000		0		0.000000
6002113	3.5	0.01		2.131e-19		0.000000		1.003666		0.000000		0.000000		0.000000		0.000000		0.000000		0.00000000		2.014e-62		0.000000		1.004052		2.014e-62		0.000000
6002113	7	0.02		3.689e-11		0.000000		0.984822		0.000000		0.000000		0.000000		0.000000		0.000000		0.00000000		1.773e-32		0.000000		1.002098		1.773e-32		0.000000
6002113	14	0.04		4.133e-07		0.000000		0.824123		0.000000		0.000000		0.000000		0.000000		0.000000		0.00000037		1.189e-17		0.000000		1.001080		1.189e-17		0.000000
6002113	21	0.06		1.066e-05		0.000006		0.581086		0.000011		0.000010		0.000011		0.000006		0.000011		0.00000981		8.759e-13		0.000000		1.000728		8.759e-13		0.000000
6002113	28	0.08		6.336e-05		0.000025		0.401083		0.000066		0.000060		0.000063		0.000025		0.000066		0.00006015		2.186e-10		0.000000		1.000552		2.186e-10		0.000000
6002113	35	0.1		0.0002022		0.000060		0.295300		0.000208		0.000196		0.000202		0.000060		0.000208		0.00019641		5.705e-09		0.000000		1.000446		5.705e-09		0.000000
6002113	70	0.2		0.002835		0.000391		0.138115		0.002825		0.002869		0.002835		0.000391		0.002825		0.00286878		3.048e-06		0.000003		1.000233		3.048e-06		0.000003
6002113	140	0.4		0.01419		0.001174		0.082752		0.014009		0.014489		0.014185		0.001174		0.014009		0.01448921		4.969e-05		0.000050		1.000082		4.969e-05		0.000050
6002113	210	0.6		0.02589		0.001771		0.068389		0.025661		0.026337		0.025894		0.001771		0.025662		0.02633802		0.0001054		0.000105		0.999994		0.0001054		0.000105
6002113	280	0.8		0.03481		0.002213		0.063580		0.034666		0.035211		0.034821		0.002214		0.034677		0.03522065		0.0001407		0.000141		0.999946		0.0001408		0.000141
6002113	350	1		0.04081		0.002540		0.062227		0.040813		0.041086		0.040870		0.002543		0.040877		0.04113530		0.0001588		0.000159		0.999925		0.000159		0.000159
6002113	700	2		0.04691		0.003211		0.068451		0.047280		0.046752		0.047914		0.003195		0.048539		0.04751427		0.0001538		0.000154		1.000095		0.000157		0.000157
6002113	1.4e+03	4		0.03797		0.003630		0.095599		0.037908		0.037990		0.038369		0.002928		0.039234		0.03763292		0.0001082		0.000108		1.001847		0.0001093		0.000109
6002113	2.1e+03	6		0.03249		0.003781		0.116377		0.032129		0.032670		0.030133		0.002453		0.030926		0.02942666		8.758e-05		0.000088		1.003791		8.123e-05		0.000081
6002113	2.8e+03	8		0.02947		0.003814		0.129453		0.028961		0.029733		0.024562		0.002072		0.025257		0.02393080		7.713e-05		0.000078		1.005243		6.429e-05		0.000064
6002113	3.5e+03	10		0.02761		0.003813		0.138088		0.027024		0.027925		0.020665		0.001783		0.021275		0.02010540		7.097e-05		0.000071		1.006294		5.312e-05		0.000053
6002113	7e+03	20		0.02389		0.003748		0.156890		0.023163		0.024288		0.011440		0.001034		0.011807		0.01109723		5.914e-05		0.000060		1.008834		2.832e-05		0.000028
6002113	1.4e+04	40		0.02206		0.003683		0.166924		0.021280		0.022493		0.006022		0.000558		0.006223		0.00583253		5.356e-05		0.000054		1.010328		1.462e-05		0.000015
6002113	2.1e+04	60		0.02146		0.003656		0.170344		0.020664		0.021902		0.004084		0.000381		0.004222		0.00395386		5.176e-05		0.000052		1.010859		9.85e-06		0.000010
6002113	2.8e+04	80		0.02117		0.003642		0.172067		0.020358		0.021609		0.003090		0.000290		0.003195		0.00299031		5.088e-05		0.000051		1.011130		7.427e-06		0.000007
6002113	3.5e+04	1e+02		0.02099		0.003633		0.173104		0.020176		0.021433		0.002485		0.000234		0.002570		0.00240429		5.035e-05		0.000051		1.011295		5.96e-06		0.000006
6003113	35	0.01		0.0001238		0.000074		0.594324		0.000125		0.000119		0.000124		0.000074		0.000125		0.00011855		7.223e-33		0.000000		1.003794		7.223e-33		0.000000
6003113	70	0.02		0.002047		0.000732		0.357606		0.002057		0.002022		0.002047		0.000732		0.002057		0.00202237		7.641e-18		0.000000		1.001978		7.641e-18		0.000000
6003113	140	0.04		0.01118		0.002164		0.193555		0.011260		0.011158		0.011181		0.002164		0.011260		0.01115837		1.794e-10		0.000000		1.001041		1.794e-10		0.000000
6003113	210	0.06		0.02193		0.003075		0.140220		0.022101		0.021913		0.021928		0.003075		0.022101		0.02191312		4.344e-08		0.000000		1.000710		4.344e-08		0.000000
6003113	280	0.08		0.03083		0.003638		0.117984		0.031077		0.030825		0.030832		0.003638		0.031077		0.03082517		6.223e-07		0.000001		1.000540		6.223e-07		0.000001
6003113	350	0.1		0.03724		0.003976		0.106757		0.037532		0.037246		0.037242		0.003976		0.037532		0.03724614		2.925e-06		0.000003		1.000435		2.925e-06		0.000003
6003113	700	0.2		0.04671		0.004215		0.090253		0.047029		0.046761		0.046705		0.004215		0.047029		0.04676080		5.072e-05		0.000051		1.000182		5.072e-05		0.000051
6003113	1.4e+03	0.4		0.03925		0.003385		0.086237		0.039501		0.039319		0.039251		0.003385		0.039501		0.03931945		0.0001499		0.000150		0.999981		0.0001499		0.000150
6003113	2.1e+03	0.6		0.03145		0.002705		0.086026		0.031626		0.031520		0.031446		0.002705		0.031626		0.03152013		0.0001807		0.000181		0.999919		0.0001807		0.000181
6003113	2.8e+03	0.8		0.02592		0.002236		0.086266		0.026048		0.026005		0.025924		0.002236		0.026052		0.02600768		0.0001823		0.000182		0.999905		0.0001823		0.000182
6003113	3.5e+03	1		0.02197		0.001902		0.086575		0.022055		0.022064		0.021981		0.001903		0.022070		0.02207442		0.0001742		0.000174		0.999910		0.0001743		0.000174
6003113	7e+03	2		0.01233		0.001100		0.089214		0.012313		0.012479		0.012421		0.001095		0.012423		0.01253258		0.0001243		0.000124		1.000103		0.0001251		0.000125
6003113	1.4e+04	4		0.006861		0.000727		0.105937		0.006785		0.007036		0.006632		0.000602		0.006604		0.00672610		7.783e-05		0.000078		1.001721		7.522e-05		0.000075
6003113	2.1e+04	6		0.005177		0.000634		0.122543		0.005094		0.005349		0.004522		0.000418		0.004494		0.00459723		6.108e-05		0.000061		1.003610		5.335e-05		0.000053
6003113	2.8e+04	8		0.004407		0.000590		0.133946		0.004324		0.004573		0.003430		0.000321		0.003406		0.00349197		5.303e-05		0.000053		1.005064		4.127e-05		0.000041
6003113	3.5e+04	10		0.003975		0.000563		0.141776		0.003892		0.004136		0.002763		0.000260		0.002741		0.00281514		4.839e-05		0.000049		1.006136		3.364e-05		0.000034
6003113	7e+04	20		0.003183		0.000508		0.159467		0.003104		0.003331		0.001400		0.000134		0.001388		0.00142959		3.967e-05		0.000040		1.008779		1.746e-05		0.000017
6003113	1.4e+05	40		0.002826		0.000478		0.169200		0.002751		0.002967		0.000705		0.000068		0.000698		0.00072041		3.565e-05		0.000036		1.010362		8.893e-06		0.000009
6003113	2.1e+05	60		0.002713		0.000468		0.172557		0.002639		0.002852		0.000471		0.000046		0.000466		0.00048153		3.436e-05		0.000035		1.010929		5.965e-06		0.000006
6003113	2.8e+05	80		0.002658		0.000463		0.174255		0.002584		0.002795		0.000354		0.000034		0.000350		0.00036162		3.372e-05		0.000034		1.011220		4.488e-06		0.000004
6003113	3.5e+05	1e+02		0.002625		0.000460		0.175279		0.002552		0.002761		0.000283		0.000028		0.000280		0.00028953		3.335e-05		0.000034		1.011397		3.597e-06		0.000004
