PDG	Ctau	CtauScaleFactor	EfficiencyOverAcceptance	StatError	RelativeStatError	PuUpEffic	PuDownEffic	TruncEffic	StatError	PuUpTruncEffic	PuDownTrunEffic	EfficiencyNeg	StatError	RelativeStatError	TrunEfficNeg	StatError
6001113	0.015	0.01		0		0.000000		-1.000000		0.000000		0.000000		0.0000		0.000000		0.000000		0.000000		0		0.000000		-1.000000		0		0.000000
6001113	0.03	0.02		0		0.000000		-1.000000		0.000000		0.000000		0.0000		0.000000		0.000000		0.000000		0		0.000000		-1.000000		0		0.000000
6001113	0.06	0.04		0		0.000000		-1.000000		0.000000		0.000000		0.0000		0.000000		0.000000		0.000000		0		0.000000		-1.000000		0		0.000000
6001113	0.09	0.06		0		0.000000		-1.000000		0.000000		0.000000		0.0000		0.000000		0.000000		0.000000		0		0.000000		-1.000000		0		0.000000
6001113	0.12	0.08		0		0.000000		-1.000000		0.000000		0.000000		0.0000		0.000000		0.000000		0.000000		0		0.000000		-1.000000		0		0.000000
6001113	0.15	0.1		0		0.000000		-1.000000		0.000000		0.000000		0.0000		0.000000		0.000000		0.000000		0		0.000000		-1.000000		0		0.000000
6001113	0.3	0.2		0		0.000000		-1.000000		0.000000		0.000000		0.0000		0.000000		0.000000		0.000000		0		0.000000		-1.000000		0		0.000000
6001113	0.6	0.4		0		0.000000		-1.000000		0.000000		0.000000		0.0000		0.000000		0.000000		0.000000		0		0.000000		-1.000000		0		0.000000
6001113	0.9	0.6		0		0.000000		-1.000000		0.000000		0.000000		0.0000		0.000000		0.000000		0.000000		0		0.000000		-1.000000		0		0.000000
6001113	1.2	0.8		0		0.000000		-1.000000		0.000000		0.000000		0.0000		0.000000		0.000000		0.000000		0		0.000000		-1.000000		0		0.000000
6001113	1.5	1		0		0.000000		-1.000000		0.000000		0.000000		0.0000		0.000000		0.000000		0.000000		0		0.000000		-1.000000		0		0.000000
6001113	3	2		0		0.000000		-1.000000		0.000000		0.000000		0.0000		0.000000		0.000000		0.000000		0		0.000000		-1.000000		0		0.000000
6001113	6	4		0		0.000000		-1.000000		0.000000		0.000000		0.0000		0.000000		0.000000		0.000000		0		0.000000		-1.000000		0		0.000000
6001113	9	6		0		0.000000		-1.000000		0.000000		0.000000		0.0000		0.000000		0.000000		0.000000		0		0.000000		-1.000000		0		0.000000
6001113	12	8		0		0.000000		-1.000000		0.000000		0.000000		0.0000		0.000000		0.000000		0.000000		0		0.000000		-1.000000		0		0.000000
6001113	15	10		0		0.000000		-1.000000		0.000000		0.000000		0.0000		0.000000		0.000000		0.000000		0		0.000000		-1.000000		0		0.000000
6001113	30	20		0		0.000000		-1.000000		0.000000		0.000000		0.0000		0.000000		0.000000		0.000000		0		0.000000		-1.000000		0		0.000000
6001113	60	40		0		0.000000		-1.000000		0.000000		0.000000		0.0000		0.000000		0.000000		0.000000		0		0.000000		-1.000000		0		0.000000
6001113	90	60		0		0.000000		-1.000000		0.000000		0.000000		0.0000		0.000000		0.000000		0.000000		0		0.000000		-1.000000		0		0.000000
6001113	120	80		0		0.000000		-1.000000		0.000000		0.000000		0.0000		0.000000		0.000000		0.000000		0		0.000000		-1.000000		0		0.000000
6001113	150	1e+02		0		0.000000		-1.000000		0.000000		0.000000		0.0000		0.000000		0.000000		0.000000		0		0.000000		-1.000000		0		0.000000
6002113	0.15	0.01		0		0.000000		-1.000000		0.000000		0.000000		0.0000		0.000000		0.000000		0.000000		0		0.000000		-1.000000		0		0.000000
6002113	0.3	0.02		0		0.000000		-1.000000		0.000000		0.000000		0.0000		0.000000		0.000000		0.000000		0		0.000000		-1.000000		0		0.000000
6002113	0.6	0.04		0		0.000000		-1.000000		0.000000		0.000000		0.0000		0.000000		0.000000		0.000000		0		0.000000		-1.000000		0		0.000000
6002113	0.9	0.06		0		0.000000		-1.000000		0.000000		0.000000		0.0000		0.000000		0.000000		0.000000		0		0.000000		-1.000000		0		0.000000
6002113	1.2	0.08		0		0.000000		-1.000000		0.000000		0.000000		0.0000		0.000000		0.000000		0.000000		0		0.000000		-1.000000		0		0.000000
6002113	1.5	0.1		0		0.000000		-1.000000		0.000000		0.000000		0.0000		0.000000		0.000000		0.000000		0		0.000000		-1.000000		0		0.000000
6002113	3	0.2		0		0.000000		-1.000000		0.000000		0.000000		0.0000		0.000000		0.000000		0.000000		0		0.000000		-1.000000		0		0.000000
6002113	6	0.4		0		0.000000		-1.000000		0.000000		0.000000		0.0000		0.000000		0.000000		0.000000		0		0.000000		-1.000000		0		0.000000
6002113	9	0.6		0		0.000000		-1.000000		0.000000		0.000000		0.0000		0.000000		0.000000		0.000000		0		0.000000		-1.000000		0		0.000000
6002113	12	0.8		0		0.000000		-1.000000		0.000000		0.000000		0.0000		0.000000		0.000000		0.000000		0		0.000000		-1.000000		0		0.000000
6002113	15	1		0		0.000000		-1.000000		0.000000		0.000000		0.0000		0.000000		0.000000		0.000000		0		0.000000		-1.000000		0		0.000000
6002113	30	2		0		0.000000		-1.000000		0.000000		0.000000		0.0000		0.000000		0.000000		0.000000		0		0.000000		-1.000000		0		0.000000
6002113	60	4		0		0.000000		-1.000000		0.000000		0.000000		0.0000		0.000000		0.000000		0.000000		0		0.000000		-1.000000		0		0.000000
6002113	90	6		0		0.000000		-1.000000		0.000000		0.000000		0.0000		0.000000		0.000000		0.000000		0		0.000000		-1.000000		0		0.000000
6002113	120	8		0		0.000000		-1.000000		0.000000		0.000000		0.0000		0.000000		0.000000		0.000000		0		0.000000		-1.000000		0		0.000000
6002113	150	10		0		0.000000		-1.000000		0.000000		0.000000		0.0000		0.000000		0.000000		0.000000		0		0.000000		-1.000000		0		0.000000
6002113	300	20		0		0.000000		-1.000000		0.000000		0.000000		0.0000		0.000000		0.000000		0.000000		0		0.000000		-1.000000		0		0.000000
6002113	600	40		0		0.000000		-1.000000		0.000000		0.000000		0.0000		0.000000		0.000000		0.000000		0		0.000000		-1.000000		0		0.000000
6002113	900	60		0		0.000000		-1.000000		0.000000		0.000000		0.0000		0.000000		0.000000		0.000000		0		0.000000		-1.000000		0		0.000000
6002113	1.2e+03	80		0		0.000000		-1.000000		0.000000		0.000000		0.0000		0.000000		0.000000		0.000000		0		0.000000		-1.000000		0		0.000000
6002113	1.5e+03	1e+02		0		0.000000		-1.000000		0.000000		0.000000		0.0000		0.000000		0.000000		0.000000		0		0.000000		-1.000000		0		0.000000
6003113	1.5	0.01		9.802e-37		0.000000		1.153897		0.000000		0.000000		0.0000		0.000000		0.000000		0.000000		3.007e-57		0.000000		1.153899		3.007e-57		0.000000
6003113	3	0.02		4.644e-19		0.000000		1.075887		0.000000		0.000000		0.0000		0.000000		0.000000		0.000000		7.3e-29		0.000000		1.077758		7.3e-29		0.000000
6003113	6	0.04		1.988e-10		0.000000		0.971180		0.000000		0.000000		0.0000		0.000000		0.000000		0.000000		6.661e-15		0.000000		1.028550		6.661e-15		0.000000
6003113	9	0.06		1.25e-07		0.000000		0.862792		0.000000		0.000000		0.0000		0.000000		0.000000		0.000000		2.251e-10		0.000000		1.014521		2.251e-10		0.000000
6003113	12	0.08		2.892e-06		0.000002		0.785223		0.000004		0.000002		0.0000		0.000002		0.000004		0.000002		3.58e-08		0.000000		1.004559		3.58e-08		0.000000
6003113	15	0.1		1.8e-05		0.000013		0.737558		0.000022		0.000011		0.0000		0.000009		0.000022		0.000011		6.882e-07		0.000001		0.991560		6.882e-07		0.000000
6003113	30	0.2		0.000485		0.000320		0.658818		0.000554		0.000324		0.0005		0.000226		0.000562		0.000320		0.0001711		0.000152		0.887930		0.0001711		0.000107
6003113	60	0.4		0.00144		0.000883		0.612868		0.001609		0.000998		0.0014		0.000624		0.001630		0.000982		0.001606		0.001226		0.763514		0.001606		0.000867
6003113	90	0.6		0.001763		0.000994		0.563636		0.001869		0.001270		0.0018		0.000703		0.001895		0.001248		0.002745		0.001995		0.726736		0.002745		0.001410
6003113	120	0.8		0.001935		0.001030		0.532176		0.001920		0.001453		0.0019		0.000728		0.001947		0.001426		0.003348		0.002390		0.713994		0.003348		0.001689
6003113	150	1		0.002063		0.001083		0.524801		0.001926		0.001602		0.0021		0.000766		0.001954		0.001572		0.003664		0.002597		0.708814		0.003664		0.001832
6003113	300	2		0.002424		0.001410		0.581885		0.001900		0.002041		0.0024		0.000997		0.001930		0.002003		0.004037		0.002845		0.704859		0.004037		0.001912
6003113	600	4		0.002657		0.001719		0.647097		0.001871		0.002330		0.0027		0.001216		0.001902		0.002286		0.004012		0.002834		0.706425		0.004012		0.001557
6003113	900	6		0.002737		0.001838		0.671646		0.001858		0.002431		0.0027		0.001300		0.001889		0.002386		0.003962		0.002803		0.707564		0.003962		0.001253
6003113	1.2e+03	8		0.002776		0.001899		0.684157		0.001850		0.002481		0.0028		0.001343		0.001881		0.002435		0.003928		0.002782		0.708272		0.003928		0.001038
6003113	1.5e+03	10		0.002799		0.001936		0.691706		0.001845		0.002510		0.0028		0.001369		0.001876		0.002464		0.003904		0.002767		0.708746		0.003904		0.000883
6003113	3e+03	20		0.002843		0.002010		0.706850		0.001834		0.002568		0.0028		0.001421		0.001865		0.002521		0.00385		0.002733		0.709817		0.00385		0.000501
6003113	6e+03	40		0.002865		0.002047		0.714425		0.001828		0.002597		0.0029		0.001447		0.001859		0.002549		0.00382		0.002714		0.710420		0.00382		0.000267
6003113	9e+03	60		0.002872		0.002059		0.716949		0.001826		0.002606		0.0029		0.001456		0.001857		0.002558		0.003809		0.002707		0.710632		0.003809		0.000182
6003113	1.2e+04	80		0.002875		0.002065		0.718211		0.001825		0.002610		0.0029		0.001460		0.001856		0.002562		0.003804		0.002704		0.710740		0.003804		0.000138
6003113	1.5e+04	1e+02		0.002877		0.002069		0.718967		0.001824		0.002613		0.0029		0.001463		0.001855		0.002565		0.003801		0.002702		0.710806		0.003801		0.000111
