PDG	Ctau	CtauScaleFactor	EfficiencyOverAcceptance	StatError	RelativeStatError	PuUpEffic	PuDownEffic	TruncEffic	StatError	PuUpTruncEffic	PuDownTrunEffic	EfficiencyNeg	StatError	RelativeStatError	TrunEfficNeg	StatError
6001113	0.015	0.01		0		0.000000		-1.000000		0.000000		0.000000		0.0000		0.000000		0.000000		0.000000		0		0.000000		-1.000000		0		0.000000
6001113	0.03	0.02		0		0.000000		-1.000000		0.000000		0.000000		0.0000		0.000000		0.000000		0.000000		0		0.000000		-1.000000		0		0.000000
6001113	0.06	0.04		0		0.000000		-1.000000		0.000000		0.000000		0.0000		0.000000		0.000000		0.000000		0		0.000000		-1.000000		0		0.000000
6001113	0.09	0.06		0		0.000000		-1.000000		0.000000		0.000000		0.0000		0.000000		0.000000		0.000000		0		0.000000		-1.000000		0		0.000000
6001113	0.12	0.08		0		0.000000		-1.000000		0.000000		0.000000		0.0000		0.000000		0.000000		0.000000		0		0.000000		-1.000000		0		0.000000
6001113	0.15	0.1		0		0.000000		-1.000000		0.000000		0.000000		0.0000		0.000000		0.000000		0.000000		0		0.000000		-1.000000		0		0.000000
6001113	0.3	0.2		0		0.000000		-1.000000		0.000000		0.000000		0.0000		0.000000		0.000000		0.000000		0		0.000000		-1.000000		0		0.000000
6001113	0.6	0.4		0		0.000000		-1.000000		0.000000		0.000000		0.0000		0.000000		0.000000		0.000000		0		0.000000		-1.000000		0		0.000000
6001113	0.9	0.6		0		0.000000		-1.000000		0.000000		0.000000		0.0000		0.000000		0.000000		0.000000		0		0.000000		-1.000000		0		0.000000
6001113	1.2	0.8		0		0.000000		-1.000000		0.000000		0.000000		0.0000		0.000000		0.000000		0.000000		0		0.000000		-1.000000		0		0.000000
6001113	1.5	1		0		0.000000		-1.000000		0.000000		0.000000		0.0000		0.000000		0.000000		0.000000		0		0.000000		-1.000000		0		0.000000
6001113	3	2		0		0.000000		-1.000000		0.000000		0.000000		0.0000		0.000000		0.000000		0.000000		0		0.000000		-1.000000		0		0.000000
6001113	6	4		0		0.000000		-1.000000		0.000000		0.000000		0.0000		0.000000		0.000000		0.000000		0		0.000000		-1.000000		0		0.000000
6001113	9	6		0		0.000000		-1.000000		0.000000		0.000000		0.0000		0.000000		0.000000		0.000000		0		0.000000		-1.000000		0		0.000000
6001113	12	8		0		0.000000		-1.000000		0.000000		0.000000		0.0000		0.000000		0.000000		0.000000		0		0.000000		-1.000000		0		0.000000
6001113	15	10		0		0.000000		-1.000000		0.000000		0.000000		0.0000		0.000000		0.000000		0.000000		0		0.000000		-1.000000		0		0.000000
6001113	30	20		0		0.000000		-1.000000		0.000000		0.000000		0.0000		0.000000		0.000000		0.000000		0		0.000000		-1.000000		0		0.000000
6001113	60	40		0		0.000000		-1.000000		0.000000		0.000000		0.0000		0.000000		0.000000		0.000000		0		0.000000		-1.000000		0		0.000000
6001113	90	60		0		0.000000		-1.000000		0.000000		0.000000		0.0000		0.000000		0.000000		0.000000		0		0.000000		-1.000000		0		0.000000
6001113	120	80		0		0.000000		-1.000000		0.000000		0.000000		0.0000		0.000000		0.000000		0.000000		0		0.000000		-1.000000		0		0.000000
6001113	150	1e+02		0		0.000000		-1.000000		0.000000		0.000000		0.0000		0.000000		0.000000		0.000000		0		0.000000		-1.000000		0		0.000000
6002113	0.15	0.01		0		0.000000		-1.000000		0.000000		0.000000		0.0000		0.000000		0.000000		0.000000		0		0.000000		-1.000000		0		0.000000
6002113	0.3	0.02		0		0.000000		-1.000000		0.000000		0.000000		0.0000		0.000000		0.000000		0.000000		0		0.000000		-1.000000		0		0.000000
6002113	0.6	0.04		0		0.000000		-1.000000		0.000000		0.000000		0.0000		0.000000		0.000000		0.000000		0		0.000000		-1.000000		0		0.000000
6002113	0.9	0.06		0		0.000000		-1.000000		0.000000		0.000000		0.0000		0.000000		0.000000		0.000000		0		0.000000		-1.000000		0		0.000000
6002113	1.2	0.08		0		0.000000		-1.000000		0.000000		0.000000		0.0000		0.000000		0.000000		0.000000		0		0.000000		-1.000000		0		0.000000
6002113	1.5	0.1		0		0.000000		-1.000000		0.000000		0.000000		0.0000		0.000000		0.000000		0.000000		0		0.000000		-1.000000		0		0.000000
6002113	3	0.2		0		0.000000		-1.000000		0.000000		0.000000		0.0000		0.000000		0.000000		0.000000		0		0.000000		-1.000000		0		0.000000
6002113	6	0.4		0		0.000000		-1.000000		0.000000		0.000000		0.0000		0.000000		0.000000		0.000000		0		0.000000		-1.000000		0		0.000000
6002113	9	0.6		0		0.000000		-1.000000		0.000000		0.000000		0.0000		0.000000		0.000000		0.000000		0		0.000000		-1.000000		0		0.000000
6002113	12	0.8		0		0.000000		-1.000000		0.000000		0.000000		0.0000		0.000000		0.000000		0.000000		0		0.000000		-1.000000		0		0.000000
6002113	15	1		0		0.000000		-1.000000		0.000000		0.000000		0.0000		0.000000		0.000000		0.000000		0		0.000000		-1.000000		0		0.000000
6002113	30	2		0		0.000000		-1.000000		0.000000		0.000000		0.0000		0.000000		0.000000		0.000000		0		0.000000		-1.000000		0		0.000000
6002113	60	4		0		0.000000		-1.000000		0.000000		0.000000		0.0000		0.000000		0.000000		0.000000		0		0.000000		-1.000000		0		0.000000
6002113	90	6		0		0.000000		-1.000000		0.000000		0.000000		0.0000		0.000000		0.000000		0.000000		0		0.000000		-1.000000		0		0.000000
6002113	120	8		0		0.000000		-1.000000		0.000000		0.000000		0.0000		0.000000		0.000000		0.000000		0		0.000000		-1.000000		0		0.000000
6002113	150	10		0		0.000000		-1.000000		0.000000		0.000000		0.0000		0.000000		0.000000		0.000000		0		0.000000		-1.000000		0		0.000000
6002113	300	20		0		0.000000		-1.000000		0.000000		0.000000		0.0000		0.000000		0.000000		0.000000		0		0.000000		-1.000000		0		0.000000
6002113	600	40		0		0.000000		-1.000000		0.000000		0.000000		0.0000		0.000000		0.000000		0.000000		0		0.000000		-1.000000		0		0.000000
6002113	900	60		0		0.000000		-1.000000		0.000000		0.000000		0.0000		0.000000		0.000000		0.000000		0		0.000000		-1.000000		0		0.000000
6002113	1.2e+03	80		0		0.000000		-1.000000		0.000000		0.000000		0.0000		0.000000		0.000000		0.000000		0		0.000000		-1.000000		0		0.000000
6002113	1.5e+03	1e+02		0		0.000000		-1.000000		0.000000		0.000000		0.0000		0.000000		0.000000		0.000000		0		0.000000		-1.000000		0		0.000000
6003113	1.5	0.01		7.318e-23		0.000000		1.004297		0.000000		0.000000		0.0000		0.000000		0.000000		0.000000		0		0.000000		-1.000000		0		0.000000
6003113	3	0.02		7.683e-13		0.000000		0.997593		0.000000		0.000000		0.0000		0.000000		0.000000		0.000000		0		0.000000		-1.000000		0		0.000000
6003113	6	0.04		6.136e-08		0.000000		0.919625		0.000000		0.000000		0.0000		0.000000		0.000000		0.000000		0		0.000000		-1.000000		0		0.000000
6003113	9	0.06		2.533e-06		0.000002		0.812963		0.000002		0.000002		0.0000		0.000002		0.000002		0.000002		0		0.000000		-1.000000		0		0.000000
6003113	12	0.08		1.622e-05		0.000012		0.731565		0.000013		0.000013		0.0000		0.000012		0.000013		0.000013		0		0.000000		-1.000000		0		0.000000
6003113	15	0.1		4.935e-05		0.000033		0.673301		0.000038		0.000039		0.0000		0.000033		0.000039		0.000039		0		0.000000		-1.000000		0		0.000000
6003113	30	0.2		0.0004481		0.000233		0.519990		0.000338		0.000380		0.0004		0.000233		0.000342		0.000375		0		0.000000		-1.000000		0		0.000000
6003113	60	0.4		0.001301		0.000530		0.407090		0.000981		0.001162		0.0013		0.000530		0.000991		0.001146		0		0.000000		-1.000000		0		0.000000
6003113	90	0.6		0.0018		0.000674		0.374520		0.001361		0.001640		0.0018		0.000674		0.001375		0.001619		0		0.000000		-1.000000		0		0.000000
6003113	120	0.8		0.002081		0.000758		0.364457		0.001578		0.001917		0.0021		0.000758		0.001594		0.001893		0		0.000000		-1.000000		0		0.000000
6003113	150	1		0.00225		0.000813		0.361330		0.001709		0.002086		0.0022		0.000813		0.001726		0.002060		0		0.000000		-1.000000		0		0.000000
6003113	300	2		0.00255		0.000925		0.362686		0.001945		0.002393		0.0026		0.000925		0.001964		0.002364		0		0.000000		-1.000000		0		0.000000
6003113	600	4		0.002653		0.000974		0.367314		0.002028		0.002504		0.0027		0.000974		0.002047		0.002474		0		0.000000		-1.000000		0		0.000000
6003113	900	6		0.002675		0.000988		0.369435		0.002046		0.002530		0.0027		0.000988		0.002066		0.002500		0		0.000000		-1.000000		0		0.000000
6003113	1.2e+03	8		0.002683		0.000994		0.370604		0.002053		0.002540		0.0027		0.000994		0.002073		0.002510		0		0.000000		-1.000000		0		0.000000
6003113	1.5e+03	10		0.002687		0.000998		0.371340		0.002056		0.002545		0.0027		0.000998		0.002076		0.002515		0		0.000000		-1.000000		0		0.000000
6003113	3e+03	20		0.002693		0.001004		0.372889		0.002061		0.002553		0.0027		0.001004		0.002081		0.002523		0		0.000000		-1.000000		0		0.000000
6003113	6e+03	40		0.002694		0.001007		0.373703		0.002063		0.002555		0.0027		0.001007		0.002083		0.002525		0		0.000000		-1.000000		0		0.000000
6003113	9e+03	60		0.002694		0.001008		0.373980		0.002063		0.002556		0.0027		0.001008		0.002084		0.002526		0		0.000000		-1.000000		0		0.000000
6003113	1.2e+04	80		0.002694		0.001008		0.374120		0.002064		0.002557		0.0027		0.001008		0.002084		0.002527		0		0.000000		-1.000000		0		0.000000
6003113	1.5e+04	1e+02		0.002694		0.001008		0.374204		0.002064		0.002557		0.0027		0.001008		0.002084		0.002527		0		0.000000		-1.000000		0		0.000000
