1 1.095596 1.133769 1.050051 1 35.4657 1.486862 6002113 13 0 19.54434 1.699903 6002113 11 1 201 67647
1 0.01217822 0.001818087 0.06209253 1 104.1094 1.566289 6003113 13 1 36.348 1.741351 6003113 11 1 120 40130
1 1.123647 1.241142 1.010512 0 27.04636 5.289693 6002113 11 0 39.65098 1.786439 6002113 13 1 173 58220
1 0.006131473 0.0009213082 0.03465866 0 29.72608 1.950117 6002113 11 1 31.28013 1.171843 6002113 13 1 206 69381
1 1.095596 1.133769 1.050051 0 5.64191 2.235528 6003113 11 1 84.83707 1.51317 6003113 13 1 135 45373
1 0.6235333 0.981489 0.3895437 0 132.1303 1.514874 6003113 13 0 954.1567 2.141189 6003113 11 1 29 9477
1 1.192805 1.083559 1.213989 0 11.8069 1.632453 6002113 11 1 23.5587 1.669264 6002113 13 1 77 25768
1 1.058012 1.115802 0.9930252 0 56.67827 1.43404 6002113 13 0 20.05733 1.235602 6002113 11 1 167 56177
1 1.152501 1.258655 1.04415 1 38.2312 1.0294 6002113 11 1 81.70013 1.171279 6002113 13 1 208 69925
1 0.00526219 0.000796892 0.0301381 0 568.8986 3.458584 6003113 11 1 27.23305 2.49829 6003113 13 1 288 97053
1 1.059052 1.139164 0.9715886 0 1.988245 3.371071 6002113 11 1 18.73873 1.141413 6002113 13 1 260 87593
1 1.157728 1.196465 1.111764 1 16.33743 2.204833 6001113 13 0 1.008464 11.83195 6001113 11 1 26 8686
1 0.5762256 0.2893137 0.9113798 0 1.480857 1.358892 6002113 11 1 69.12589 1.366094 6002113 13 1 98 32801
1 1.142868 1.177299 1.103399 0 49.74282 3.53603 6002113 13 0 66.96342 4.751337 6002113 11 1 50 16674
1 1.645109 2.1548 1.183545 1 19.69737 1.125625 6002113 13 0 15.51035 1.640412 6002113 11 1 146 48868
1 1.157728 1.196465 1.111764 1 40.36501 2.422949 6002113 13 0 91.47151 2.798533 6002113 11 1 218 73190
1 0.7934737 0.4881172 1.065644 1 1.823165 1.884964 6002113 11 0 50.58084 1.522253 6002113 13 1 169 56881
1 0.3355998 0.123277 0.6770892 0 6.067336 1.547799 6002113 11 0 61.45786 4.941089 6002113 13 1 25 8276
1 0.1991887 0.05938704 0.4717879 0 46.02273 1.211403 6002113 11 1 55.74195 1.500359 6002113 13 1 70 23532
1 1.575265 1.775696 1.383444 0 55.47679 1.93009 6002113 11 1 67.72312 1.790866 6002113 13 1 116 38763
1 1.282494 1.437562 1.137462 1 45.34603 1.905687 6003113 13 0 389.3884 2.134803 6003113 11 1 84 28306
1 1.109295 1.155893 1.053631 0 57.41478 2.501383 6002113 11 1 18.55767 2.211489 6002113 13 1 14 4417
1 1.199401 1.201198 1.170168 1 49.32396 1.723916 6003113 13 0 265.934 1.973071 6003113 11 1 37 12219
1 1.152971 1.190243 1.109341 0 1.02947 1.543094 6001113 11 1 42.84819 1.066062 6001113 13 1 24 7947
1 1.095596 1.133769 1.050051 0 71.61052 2.687033 6002113 11 0 75.41573 3.06898 6002113 13 1 33 10929
1 1.56971 1.920896 1.202337 1 66.16766 1.323075 6002113 11 1 79.06808 1.170374 6002113 13 1 38 12711
1 1.099696 0.9023142 1.195627 0 60.14311 47.42913 6002113 11 0 48.59462 4.798732 6002113 13 1 105 35243
1 1.142868 1.177299 1.103399 1 102.448 2.568498 6003113 13 0 927.1343 2.580185 6003113 11 1 105 35270
1 1.036252 1.095703 0.9699052 1 20.41588 3.416051 6003113 13 0 486.4368 2.92736 6003113 11 1 117 39265
1 1.56971 1.920896 1.202337 1 71.90356 2.624664 6003113 13 0 1383.496 4.648304 6003113 11 1 122 40984
1 1.42456 2.044705 0.9864829 0 116.3786 2.452635 6003113 13 0 114.5058 2.529533 6003113 11 1 283 95275
1 1.49586 1.706142 1.278772 1 124.0163 1.63493 6003113 13 0 289.9481 1.912365 6003113 11 1 227 76354
1 1.1849 1.214892 1.148506 0 27.63503 1.482048 6003113 11 1 77.63788 1.389473 6003113 13 1 15 4876
1 1.114777 0.884905 1.24054 1 36.60627 2.849185 6002113 13 1 149.205 1.683738 6002113 11 1 55 18244
1 1.761918 2.058838 1.43754 0 13.29272 2.244163 6002113 11 1 102.5274 1.729146 6002113 13 1 23 7431
1 1.099696 0.9023142 1.195627 1 50.30641 1.900164 6002113 13 0 72.88795 3.340679 6002113 11 1 7 2276
1 0.4903168 0.2233237 0.8385035 0 90.4282 5.607955 6002113 11 0 27.90832 2.886276 6002113 13 1 272 91567
1 1.10316 1.145079 1.05266 0 80.20952 1.898049 6003113 13 1 608.8976 3.114686 6003113 11 1 295 99284
1 1.524498 1.73059 1.317664 1 33.99682 1.379408 6002113 13 1 86.53331 1.776439 6002113 11 1 40 13181
1 1.099519 1.139476 1.051563 0 69.79904 9.028543 6003113 11 1 28.27862 2.096761 6003113 13 1 68 22850
