1 0.4094664 0.1680855 0.7591912 1 0.51272 1.857401 6003113 11 1 51.82949 1.360605 6003113 13 1 387 92876
1 0.3355998 0.123277 0.6770892 1 143.5771 1.460852 6003113 11 1 39.88514 1.064186 6003113 13 1 389 93161
1 0.01649731 0.002495913 0.08064243 1 6.059238 1.981504 6003113 11 1 86.00029 1.07917 6003113 13 1 409 98019
1 1.036252 1.095703 0.9699052 1 31.50124 2.415733 6003113 13 1 6.830403 1.255888 6003113 11 1 12 2690
1 1.42456 2.044705 0.9864829 1 47.13647 1.449948 6003113 11 1 59.1431 1.482625 6003113 13 1 12 2753
1 0.7055845 0.3974356 1.016366 0 8.449113 1.072594 6002113 11 1 20.61221 1.454954 6002113 13 1 12 2771
1 0.0400028 0.006971349 0.1567229 0 472.4744 2.082806 6003113 11 1 70.17049 1.106245 6003113 13 1 21 4899
1 0.3767309 0.1505117 0.7131262 1 6.050839 1.161806 6002113 11 1 31.4966 1.660786 6002113 13 1 16 3667
1 1.056557 1.108524 0.9965968 1 0.5612177 1.2064 6003113 11 1 55.18705 1.428938 6003113 13 1 16 3670
1 1.142868 1.177299 1.103399 0 377.3641 1.444868 6003113 11 1 79.02985 1.149787 6003113 13 1 16 3680
1 1.147959 1.183877 1.106546 1 30.91696 1.036493 6003113 13 1 2.219949 1.080276 6003113 11 1 19 4522
1 1.152971 1.190243 1.109341 1 39.66315 1.11516 6003113 13 0 363.7049 1.131561 6003113 11 1 33 7769
1 1.055133 1.104334 0.9975671 1 7.250562 1.100269 6002113 11 1 20.22908 1.078394 6002113 13 1 41 9673
1 1.566869 2.206142 1.088645 1 41.84258 1.666546 6003113 11 1 25.61035 2.159116 6003113 13 1 45 10757
1 1.194803 1.137859 1.187115 1 62.49455 1.065684 6003113 13 1 57.55014 1.630017 6003113 11 1 66 15767
1 1.033406 1.101364 0.958024 1 46.70423 1.160212 6003113 13 1 73.71545 1.252572 6003113 11 1 69 16348
1 1.199428 1.046014 1.251733 0 2.936676 3.547461 6002113 11 1 27.6785 1.115193 6002113 13 1 70 16639
1 1.059052 1.139164 0.9715886 1 131.6157 1.245865 6003113 13 0 5.809215 4.95309 6003113 11 1 70 16647
1 1.048997 1.136673 0.9559695 1 103.8432 1.14267 6003113 13 1 71.57096 1.062086 6003113 11 1 70 16661
1 1.062846 1.139449 0.9784784 1 87.09322 1.053608 6003113 11 1 59.40212 1.30157 6003113 13 1 70 16777
1 1.15499 1.021547 1.194574 1 54.6613 1.075977 6003113 13 0 198.9502 1.213946 6003113 11 1 73 17341
1 1.191782 1.185832 1.16486 1 65.1971 1.057216 6003113 13 0 206.8866 1.060491 6003113 11 1 74 17652
1 1.183608 1.169262 1.159476 1 58.38037 1.683991 6003113 13 1 114.8511 1.155938 6003113 11 1 76 18003
1 1.550791 1.753763 1.352368 1 41.29628 1.340656 6003113 13 1 48.40083 1.063367 6003113 11 1 76 18057
1 1.174602 1.053046 1.204645 1 61.98684 1.085293 6003113 13 1 41.37681 1.943668 6003113 11 1 177 42294
1 1.298986 1.452146 1.156092 1 11.33803 2.286279 6002113 11 1 33.94384 1.052543 6002113 13 1 177 42377
1 0.06482654 0.01276116 0.2218368 1 28.44213 1.106043 6002113 13 0 1.014296 4.217396 6002113 11 1 177 42410
1 1.034916 1.100018 0.9626585 1 43.70208 1.053539 6003113 13 1 111.5844 1.365158 6003113 11 1 206 49433
1 1.035838 1.098122 0.9666125 1 37.27987 1.057543 6002113 13 1 1.521944 1.079071 6002113 11 1 216 51627
1 1.191782 1.185832 1.16486 1 24.85068 1.133579 6003113 13 0 6.309284 1.267766 6003113 11 1 216 51721
1 1.109295 1.155893 1.053631 1 60.25595 1.047708 6003113 13 1 13.5067 1.063746 6003113 11 1 231 55216
1 1.151918 0.9752633 1.225726 1 46.83035 1.165179 6003113 13 0 61.09041 1.870176 6003113 11 1 312 74679
1 0.4544891 0.2018274 0.792879 1 28.00627 1.134362 6003113 13 1 79.33711 1.058921 6003113 11 1 153 36546
1 1.152971 1.190243 1.109341 1 62.80558 1.082119 6003113 13 1 13.72405 1.418034 6003113 11 1 147 35107
1 1.866054 2.331325 1.3979 1 18.89459 1.766634 6002113 13 0 19.30276 1.282193 6002113 11 1 147 35270
1 0.4442115 0.1872741 0.8068974 1 25.59352 1.08147 6002113 11 1 31.28245 1.222169 6002113 13 1 148 35446
1 1.062846 1.139449 0.9784784 1 69.54836 1.064944 6003113 11 1 24.83006 1.690481 6003113 13 1 155 36979
1 1.035838 1.098122 0.9666125 1 38.77658 1.289418 6003113 13 1 60.90583 2.008036 6003113 11 1 155 37044
1 1.575265 1.775696 1.383444 1 25.45938 1.090816 6002113 11 1 20.03227 3.993647 6002113 13 1 155 37082
1 1.167323 1.186361 1.134647 1 41.90017 1.059239 6003113 13 1 29.3865 1.115995 6003113 11 1 165 39577
1 1.49586 1.706142 1.278772 1 2.41065 1.153325 6003113 11 1 47.90681 1.452847 6003113 13 1 166 39622
1 1.03119 1.524041 0.7057037 1 29.19335 1.163254 6003113 11 1 65.46445 1.065501 6003113 13 1 166 39769
1 1.209625 1.112975 1.222657 1 53.5711 1.057438 6003113 13 1 14.8619 1.122515 6003113 11 1 176 42095
1 1.167323 1.186361 1.134647 1 49.11872 1.47381 6003113 11 1 48.7867 1.357377 6003113 13 1 212 50768
1 1.213336 1.227995 1.180605 0 144.8297 1.050548 6003113 11 1 44.94604 1.162146 6003113 13 1 351 84042
1 1.050919 0.8056091 1.198818 1 66.70502 1.191225 6003113 13 1 33.59642 1.12754 6003113 11 1 351 84229
1 1.26516 1.422013 1.117256 1 68.64947 1.268567 6003113 13 1 37.14411 1.175469 6003113 11 1 394 94523
1 1.190567 1.223018 1.152597 1 49.91713 1.1064 6003113 13 1 6.314109 1.096466 6003113 11 1 395 94770
1 1.106427 1.150534 1.053346 1 34.87534 1.044339 6003113 13 1 25.37498 1.249193 6003113 11 1 395 94800
1 0.1793033 0.05184105 0.4351809 1 89.81591 1.326465 6003113 13 0 225.0863 1.716596 6003113 11 1 398 95301
1 1.126364 0.9389989 1.211138 1 17.0475 1.851904 6002113 13 1 7.191503 1.108321 6002113 11 1 398 95309
1 1.209625 1.112975 1.222657 0 126.5467 1.495967 6003113 11 1 20.98846 2.64457 6003113 13 1 398 95316
1 0.2792014 0.09677438 0.588659 1 39.65403 1.203311 6003113 13 1 80.32501 1.065587 6003113 11 1 398 95401
1 0.003151584 0.0005086883 0.01887308 1 62.34623 6.171136 6003113 13 0 131.5432 6.992599 6003113 11 1 18 4306
1 0.5380682 0.2637946 0.8676014 1 41.22736 1.401624 6002113 13 1 1.383704 1.307264 6002113 11 1 23 5352
1 1.142868 1.177299 1.103399 1 19.81385 1.070736 6003113 13 1 14.12386 1.220068 6003113 11 1 23 5388
1 0.5292084 0.8493549 0.3262614 0 405.0171 1.264488 6003113 11 1 72.04649 1.084639 6003113 13 1 23 5461
1 1.227292 1.202911 1.205555 0 63.833 6.615733 6003113 11 0 70.11862 1.191143 6003113 13 1 25 5980
1 1.213336 1.227995 1.180605 1 2.011849 1.597524 6002113 11 1 26.39523 2.995965 6002113 13 1 24 5683
1 1.217313 1.182622 1.199648 1 87.68736 1.115532 6003113 11 1 38.61954 1.987884 6003113 13 1 187 44733
1 1.641128 1.972201 1.285192 1 99.92511 1.246041 6003113 13 1 46.1833 1.741761 6003113 11 1 36 8401
1 1.812285 2.096335 1.505211 0 76.4669 2.550282 6003113 11 1 27.77924 1.070247 6003113 13 1 36 8492
1 1.173319 1.196671 1.139395 1 52.89455 1.069527 6003113 13 1 51.75276 1.513882 6003113 11 1 36 8618
1 1.174602 1.053046 1.204645 0 52.26318 1.251569 6003113 11 1 58.72084 1.074408 6003113 13 1 99 23591
1 1.034916 1.100018 0.9626585 1 24.45832 1.18619 6003113 13 1 141.7178 1.911012 6003113 11 1 99 23621
1 1.058012 1.115802 0.9930252 0 23.54852 5.942401 6003113 11 1 61.23889 1.696493 6003113 13 1 99 23699
1 1.179161 1.206147 1.144075 1 85.49628 1.159956 6003113 13 1 16.24777 1.862821 6003113 11 1 114 27132
1 0.6998869 0.3767799 1.045889 0 487.8571 1.314998 6003113 11 1 96.93232 1.070378 6003113 13 1 114 27331
1 0.7268606 1.122648 0.4611204 1 70.93256 1.476373 6003113 13 1 25.31213 1.158107 6003113 11 1 159 38076
1 1.192805 1.083559 1.213989 1 45.86845 1.097359 6002113 13 1 5.013207 1.049347 6002113 11 1 159 38150
1 1.173319 1.196671 1.139395 1 12.52549 1.571666 6003113 11 1 28.65837 1.090705 6003113 13 1 236 56406
1 1.10316 1.145079 1.05266 1 62.15522 1.061204 6003113 11 1 61.72142 1.070862 6003113 13 1 236 56443
1 1.167323 1.186361 1.134647 1 46.8708 1.04478 6003113 13 1 88.61539 1.070657 6003113 11 1 382 91585
1 1.147959 1.183877 1.106546 0 8.288492 1.677761 6003113 11 1 47.61945 1.075652 6003113 13 1 241 57767
1 0.2304392 0.07526134 0.508429 1 29.04947 1.346175 6003113 11 1 28.23926 1.646463 6003113 13 1 244 58428
1 1.56971 1.920896 1.202337 1 7.430972 2.434613 6002113 11 1 27.99476 1.12301 6002113 13 1 244 58534
1 0.9517445 0.6636014 1.162862 1 22.46851 1.145187 6003113 13 1 63.46299 1.113331 6003113 11 1 245 58645
1 0.1527629 0.0402692 0.399808 1 55.03756 1.370627 6003113 13 0 105.03 5.224766 6003113 11 1 282 67446
1 1.157728 1.196465 1.111764 1 39.12461 1.736764 6003113 13 1 65.05619 3.419705 6003113 11 1 282 67560
1 1.112575 1.233052 0.9981722 1 42.76821 1.485123 6003113 13 1 44.29818 1.078202 6003113 11 1 298 71350
1 1.56971 1.920896 1.202337 1 87.8282 2.041807 6003113 11 1 30.43085 1.331944 6003113 13 1 291 69763
1 1.106427 1.150534 1.053346 1 35.1138 1.179326 6002113 13 1 6.597456 1.20137 6002113 11 1 292 69974
1 1.298986 1.452146 1.156092 1 152.6618 1.149787 6003113 11 1 43.85098 1.37205 6003113 13 1 374 89735
1 1.053247 1.09991 0.9980844 1 22.85377 1.81537 6003113 13 1 148.7401 1.107694 6003113 11 1 390 93561
1 0.5380682 0.2637946 0.8676014 1 16.49927 1.104646 6002113 13 1 12.30729 1.060848 6002113 11 1 390 93598
1 1.314649 1.46568 1.173482 1 49.73652 1.248833 6003113 13 0 54.00745 1.196211 6003113 11 1 59 14005
1 1.145385 0.9245803 1.259718 0 182.9032 3.941731 6003113 11 1 53.18324 1.448032 6003113 13 1 59 14113
1 1.054444 1.13827 0.9640688 1 17.13263 1.7723 6003113 11 1 105.2073 1.276503 6003113 13 1 80 19119
1 1.031225 1.102163 0.9526981 1 15.89917 1.977271 6002113 13 1 5.650886 1.879387 6002113 11 1 78 18512
1 1.1849 1.214892 1.148506 1 76.18798 1.188448 6003113 13 0 165.7468 1.07183 6003113 11 1 139 33281
1 1.095596 1.133769 1.050051 1 54.02316 1.033381 6003113 13 0 234.0933 1.074908 6003113 11 1 162 38730
1 0.789787 0.4650854 1.097808 1 36.07335 2.362619 6003113 13 1 55.66237 1.07022 6003113 11 1 163 38937
1 1.112575 1.233052 0.9981722 1 7.036767 1.790863 6003113 11 1 61.20032 1.275406 6003113 13 1 326 78065
1 1.524498 1.73059 1.317664 1 94.81271 1.338195 6003113 11 1 43.59329 1.362198 6003113 13 1 326 78180
1 0.6571895 0.3457574 1.000641 1 38.17225 3.345106 6003113 11 1 48.37801 1.232282 6003113 13 1 249 59759
1 1.182032 1.113501 1.180358 1 85.99982 1.041675 6003113 13 0 248.3027 1.303706 6003113 11 1 250 59924
1 1.524498 1.73059 1.317664 1 17.58465 2.194606 6002113 13 1 52.6203 1.083313 6002113 11 1 279 66840
1 1.174602 1.053046 1.204645 1 19.19751 2.47419 6002113 11 1 25.66889 1.221838 6002113 13 1 286 68490
1 1.298986 1.452146 1.156092 1 29.16612 1.145271 6003113 13 0 25.89778 5.182263 6003113 11 1 301 72020
1 1.227292 1.202911 1.205555 1 25.39795 1.060393 6003113 13 0 70.60409 1.091089 6003113 11 1 327 78336
1 1.191782 1.185832 1.16486 1 34.61455 1.068032 6002113 13 0 0.1986963 1.226654 6002113 11 1 327 78366
1 1.550791 1.753763 1.352368 1 31.69231 1.071479 6003113 13 1 22.44415 1.443123 6003113 11 1 340 81393
1 1.10316 1.145079 1.05266 0 303.3934 1.072319 6003113 11 1 58.46172 1.061416 6003113 13 1 340 81526
1 1.329532 1.478061 1.189894 1 82.4756 1.252496 6003113 13 1 132.6213 1.683812 6003113 11 1 342 81986
1 0.9894024 0.7036328 1.19152 1 40.27302 1.08554 6003113 13 1 75.21729 2.07193 6003113 11 1 384 91923
1 1.183608 1.169262 1.159476 0 404.908 1.157565 6003113 11 1 67.92546 1.083023 6003113 13 1 384 91955
1 1.147959 1.183877 1.106546 1 52.02369 1.08832 6003113 13 1 30.25562 1.228698 6003113 11 1 350 83793
1 0.0739324 0.01495082 0.2461688 1 4.868445 1.222647 6002113 11 1 28.80422 1.441581 6002113 13 1 350 83955
1 1.225386 1.141194 1.230719 1 72.59682 1.047844 6003113 11 1 87.06536 1.057052 6003113 13 1 405 97095
1 1.114777 0.884905 1.24054 1 54.43976 1.221139 6003113 11 1 31.02136 1.125077 6003113 13 1 405 97142
1 1.057513 1.112379 0.9951048 0 58.65752 1.632321 6003113 11 1 42.59808 1.09221 6003113 13 1 376 90030
1 0.5179346 0.9281273 0.2807825 1 95.93488 1.217028 6003113 11 1 42.16864 1.858237 6003113 13 1 414 99344
1 1.575265 1.775696 1.383444 1 22.63979 3.49827 6003113 13 1 70.47716 1.959965 6003113 11 1 414 99348
1 1.10316 1.145079 1.05266 1 31.64065 1.161506 6002113 11 1 16.49038 1.111632 6002113 13 1 26 6223
1 0.8339615 0.5241884 1.101491 1 41.72292 1.536181 6003113 13 1 107.1327 1.492088 6003113 11 1 30 7132
1 1.182032 1.113501 1.180358 1 67.63351 1.091267 6003113 13 1 147.6225 1.757556 6003113 11 1 44 10466
1 1.329532 1.478061 1.189894 0 290.8292 1.741958 6003113 11 1 57.68129 1.269582 6003113 13 1 68 16142
1 1.190567 1.223018 1.152597 1 23.21509 1.280509 6002113 13 1 1.8729 1.112336 6002113 11 1 142 33915
1 0.8383967 1.273376 0.5409222 1 92.41814 1.070908 6003113 11 1 38.48853 1.30907 6003113 13 1 142 34075
1 1.048997 1.136673 0.9559695 0 72.8369 4.689739 6003113 11 1 55.13287 1.185089 6003113 13 1 207 49558
1 0.7934737 0.4881172 1.065644 0 3.460581 1.245035 6002113 11 1 23.27752 1.632434 6002113 13 1 218 52130
1 0.2304392 0.07526134 0.508429 1 39.30885 1.070047 6003113 13 1 44.64836 1.049328 6003113 11 1 233 55814
1 1.033406 1.101364 0.958024 1 20.7824 1.270845 6003113 13 0 339.77 1.374157 6003113 11 1 234 55986
1 0.06958118 0.01446482 0.2254303 1 33.8749 1.123357 6002113 13 1 4.297453 3.06624 6002113 11 1 234 56028
1 1.42456 2.044705 0.9864829 1 25.06423 1.08154 6002113 13 1 3.615246 1.061811 6002113 11 1 274 65549
1 1.106427 1.150534 1.053346 1 0.09694148 1.147458 6002113 11 1 24.50728 1.926937 6002113 13 1 274 65729
1 1.179161 1.206147 1.144075 1 27.95571 2.77728 6003113 11 1 60.56223 1.196529 6003113 13 1 276 66164
1 1.209625 1.112975 1.222657 1 27.22328 1.174718 6002113 11 1 23.15847 1.0666 6002113 13 1 46 10805
1 0.9517445 0.6636014 1.162862 0 186.9568 1.151359 6003113 11 1 54.43321 1.211518 6003113 13 1 188 45025
1 1.192805 1.083559 1.213989 1 26.04037 1.620212 6002113 13 1 5.241642 2.443532 6002113 11 1 179 42852
1 1.083255 0.8452013 1.220206 1 44.55097 1.218456 6003113 13 0 512.7398 2.727963 6003113 11 1 180 43030
1 1.031225 1.102163 0.9526981 0 398.371 3.426413 6003113 11 1 36.80957 1.768011 6003113 13 1 180 43031
1 1.114777 0.884905 1.24054 0 46.93455 1.38828 6003113 11 1 31.06386 1.254776 6003113 13 1 181 43269
1 1.095596 1.133769 1.050051 1 108.4265 1.05185 6003113 11 1 58.37905 1.04884 6003113 13 1 182 43468
1 1.190567 1.223018 1.152597 0 186.2018 1.101719 6003113 11 1 52.77144 1.093313 6003113 13 1 182 43488
1 1.035838 1.098122 0.9666125 1 43.40072 2.006205 6003113 13 1 4.12512 1.076543 6003113 11 1 182 43667
1 1.123647 1.241142 1.010512 0 183.0537 1.058586 6003113 11 1 100.4976 1.353754 6003113 13 1 192 46044
1 1.031225 1.102163 0.9526981 1 24.55475 1.078436 6003113 13 1 31.16122 1.118467 6003113 11 1 251 60103
1 1.575265 1.775696 1.383444 1 128.9604 1.255547 6003113 13 1 26.58685 1.554015 6003113 11 1 270 64569
1 0.9517445 0.6636014 1.162862 1 50.11537 1.054985 6003113 13 1 101.9977 1.066148 6003113 11 1 270 64698
1 1.056557 1.108524 0.9965968 0 14.38068 1.053192 6002113 11 1 37.13234 1.319438 6002113 13 1 302 72297
1 1.26516 1.422013 1.117256 1 358.3212 3.209874 6003113 11 1 29.47081 2.340437 6003113 13 1 304 72848
1 1.031225 1.102163 0.9526981 1 76.77013 1.212359 6003113 13 1 150.3784 1.096882 6003113 11 1 330 79021
1 1.182032 1.113501 1.180358 1 39.8712 1.123784 6003113 13 0 311.9607 1.296059 6003113 11 1 359 85983
1 0.3767309 0.1505117 0.7131262 0 227.5208 1.049915 6003113 11 1 30.27734 1.174185 6003113 13 1 11 2465
1 1.209625 1.112975 1.222657 1 5.602032 1.113666 6002113 11 1 33.02926 1.076508 6002113 13 1 11 2548
1 1.152971 1.190243 1.109341 1 60.60434 1.085045 6003113 13 1 21.94675 2.242483 6003113 11 1 42 9898
1 1.199428 1.046014 1.251733 1 19.72485 1.051311 6003113 13 0 42.51159 1.049691 6003113 11 1 42 10069
1 1.034916 1.100018 0.9626585 1 68.44511 1.054019 6003113 13 1 0.8854854 1.07252 6003113 11 1 52 12320
1 1.083255 0.8452013 1.220206 1 40.10163 1.070645 6003113 13 1 6.685991 1.247575 6003113 11 1 61 14494
1 1.099696 0.9023142 1.195627 1 57.76345 1.194464 6003113 13 0 3.958667 7.503445 6003113 11 1 361 86563
1 1.174602 1.053046 1.204645 1 34.74235 2.417216 6002113 11 1 33.73784 1.233654 6002113 13 1 362 86701
1 1.112575 1.233052 0.9981722 1 33.00863 1.114599 6003113 13 1 23.91081 1.659746 6003113 11 1 400 95906
1 1.179161 1.206147 1.144075 1 45.68866 1.117159 6003113 11 1 57.81491 1.228149 6003113 13 1 407 97539
1 1.26516 1.422013 1.117256 1 25.7351 1.034268 6003113 13 0 69.21517 1.084775 6003113 11 1 415 99568
1 1.173319 1.196671 1.139395 1 27.99151 1.065532 6003113 13 1 76.19429 1.090188 6003113 11 1 190 45429
1 0.1363718 0.034862 0.3662451 1 99.1996 1.23456 6003113 11 1 48.72003 2.293071 6003113 13 1 190 45502
1 0.5279956 0.2465533 0.8852676 1 1.122143 1.215771 6003113 11 1 55.03609 1.054757 6003113 13 1 205 49044
1 1.147959 1.183877 1.106546 1 41.57191 1.062319 6003113 13 0 210.6993 1.175446 6003113 11 1 208 49696
1 1.054444 1.13827 0.9640688 0 0.717723 2.836959 6002113 11 1 26.0835 1.481448 6002113 13 1 208 49859
1 1.099519 1.139476 1.051563 1 16.72865 1.258119 6002113 11 1 18.9248 1.782862 6002113 13 1 235 56291
1 1.147959 1.183877 1.106546 1 32.45288 1.062008 6002113 13 1 28.79336 1.084782 6002113 11 1 242 57939
1 1.053247 1.09991 0.9980844 1 22.90478 1.547211 6002113 13 1 2.600874 1.163041 6002113 11 1 243 58204
1 1.209625 1.112975 1.222657 1 108.7637 1.643621 6003113 11 1 35.85016 1.095695 6003113 13 1 280 67172
1 1.053247 1.09991 0.9980844 1 19.33673 1.522462 6003113 13 0 174.5071 2.556849 6003113 11 1 281 67325
1 1.206555 1.21522 1.17542 1 1.391263 1.247812 6003113 11 1 65.25481 1.253992 6003113 13 1 287 68715
1 1.137649 1.170432 1.099925 1 24.47356 1.292242 6003113 13 1 14.13253 1.743314 6003113 11 1 290 69533
1 1.095596 1.133769 1.050051 1 18.93006 1.140327 6003113 13 1 36.83934 1.040123 6003113 11 1 294 70421
1 1.055133 1.104334 0.9975671 1 49.90339 2.010116 6003113 11 1 19.86332 1.135075 6003113 13 1 295 70675
1 1.26516 1.422013 1.117256 1 37.17386 1.060884 6003113 13 1 41.06752 1.077368 6003113 11 1 297 71095
1 1.289688 1.878288 0.892531 1 30.87978 1.891205 6003113 11 1 82.72327 1.129943 6003113 13 1 314 75197
1 1.227292 1.202911 1.205555 1 30.18965 1.073839 6003113 13 1 3.493689 2.149885 6003113 11 1 332 79626
1 1.048997 1.136673 0.9559695 1 3.317063 1.102281 6002113 11 1 16.24986 1.76441 6002113 13 1 336 80424
1 1.705086 2.017803 1.363962 1 37.10229 1.763904 6003113 11 1 46.03792 1.267384 6003113 13 1 336 80612
1 1.03119 1.524041 0.7057037 1 57.43337 1.11298 6003113 13 1 34.47629 1.218676 6003113 11 1 354 84858
1 1.048997 1.136673 0.9559695 0 84.49063 3.174795 6003113 11 1 24.49559 1.183933 6003113 13 1 29 6956
1 1.123647 1.241142 1.010512 1 74.98399 1.224648 6003113 13 1 131.0544 1.053088 6003113 11 1 43 10242
1 1.106427 1.150534 1.053346 1 20.81403 1.357269 6002113 13 1 0.3842506 1.059411 6002113 11 1 34 8096
1 1.176288 1.010978 1.239274 0 11.52459 3.428667 6003113 11 1 38.01362 1.194591 6003113 13 1 189 45220
1 1.183608 1.169262 1.159476 1 31.64057 1.437715 6002113 13 1 2.413162 1.154992 6002113 11 1 189 45283
1 1.053247 1.09991 0.9980844 1 49.59556 1.144738 6003113 11 1 41.20309 1.27074 6003113 13 1 183 43889
1 1.137649 1.170432 1.099925 0 8.940233 1.131072 6002113 11 1 20.25374 1.123704 6002113 13 1 184 43982
1 0.9574994 0.6410515 1.205563 0 271.1325 1.262396 6003113 11 1 44.87146 1.070688 6003113 13 1 185 44284
1 1.641128 1.972201 1.285192 0 9.232557 1.688903 6002113 11 1 20.48944 2.015591 6002113 13 1 185 44344
1 0.665028 0.3662483 0.9755856 1 98.41475 2.578408 6003113 11 1 81.13362 1.116552 6003113 13 1 194 46515
1 1.298986 1.452146 1.156092 1 28.83244 1.154658 6002113 13 1 1.979264 1.11914 6002113 11 1 196 46854
1 0.01417853 0.002128869 0.07081318 1 72.55762 1.083621 6003113 13 1 33.51026 1.065585 6003113 11 1 196 46910
1 1.75908 2.248522 1.290011 1 7.465999 1.959668 6003113 11 1 73.26886 1.061106 6003113 13 1 198 47292
1 1.46424 1.680344 1.235249 1 11.62788 1.11204 6002113 13 0 5.436741 3.323012 6002113 11 1 275 65898
1 1.050919 0.8056091 1.198818 1 23.71677 2.260203 6002113 13 0 7.853228 2.573917 6002113 11 1 275 65902
1 1.112575 1.233052 0.9981722 1 39.4359 1.194003 6003113 11 1 40.14823 1.090276 6003113 13 1 305 73075
1 1.575265 1.775696 1.383444 1 50.58638 1.974279 6003113 13 0 88.90556 3.970544 6003113 11 1 306 73419
1 1.147959 1.183877 1.106546 1 80.09612 1.689662 6003113 13 1 46.52019 2.954512 6003113 11 1 303 72602
1 0.2443026 0.07741789 0.5517042 1 67.70245 1.069234 6003113 13 1 74.63243 1.145723 6003113 11 1 311 74527
1 0.8332192 0.5015442 1.138243 1 162.4886 1.19155 6003113 11 1 54.638 1.05034 6003113 13 1 323 77460
1 1.575265 1.775696 1.383444 1 23.62661 1.912745 6003113 13 0 18.70247 5.916912 6003113 11 1 320 76596
1 1.109295 1.155893 1.053631 1 32.36921 1.344862 6003113 13 0 314.6303 1.122179 6003113 11 1 324 77562
1 1.152971 1.190243 1.109341 1 65.39638 1.254653 6003113 11 1 40.50078 1.143235 6003113 13 1 324 77725
1 0.2792014 0.09677438 0.588659 1 0.232896 1.085393 6003113 11 1 82.82166 1.104466 6003113 13 1 343 82119
1 1.017868 0.7662661 1.176325 0 193.527 1.077796 6003113 11 1 54.81781 1.555988 6003113 13 1 329 78751
1 0.009710893 0.001441682 0.05238557 1 23.90104 1.063962 6003113 11 1 56.79723 1.047144 6003113 13 1 331 79216
1 1.134034 1.248093 1.022271 1 58.53217 1.059697 6003113 13 0 4.716528 1.201674 6003113 11 1 345 82609
1 0.1991887 0.05938704 0.4717879 1 28.51671 1.327476 6003113 13 1 32.60936 1.117429 6003113 11 1 353 84690
1 1.191782 1.185832 1.16486 1 20.90733 1.412826 6002113 11 1 37.81258 1.740648 6002113 13 1 355 85048
1 1.152501 1.258655 1.04415 1 88.27605 1.047324 6003113 11 1 57.87693 1.474239 6003113 13 1 356 85298
1 1.036252 1.095703 0.9699052 1 0.005899632 1.1171 6002113 11 1 16.50858 1.082993 6002113 13 1 356 85419
1 1.0427 1.134261 0.9473373 1 23.83845 1.097664 6002113 11 1 16.32482 1.498499 6002113 13 1 360 86272
1 1.062846 1.139449 0.9784784 1 44.99205 1.157977 6003113 13 1 39.69281 1.047633 6003113 11 1 360 86393
1 1.575265 1.775696 1.383444 1 31.09427 1.135171 6003113 13 0 70.38382 1.437495 6003113 11 1 363 87107
1 1.0427 1.134261 0.9473373 1 8.798249 1.145012 6003113 11 1 87.14774 1.060516 6003113 13 1 50 11916
1 0.5762256 0.2893137 0.9113798 1 84.23665 1.381963 6003113 13 0 18.17412 5.122555 6003113 11 1 82 19516
1 1.035838 1.098122 0.9666125 1 2.085936 1.055866 6002113 11 1 29.12445 1.101288 6002113 13 1 169 40423
1 1.083255 0.8452013 1.220206 1 118.8065 1.467855 6003113 11 1 41.33334 1.065966 6003113 13 1 169 40463
1 0.5675248 0.271593 0.9330701 1 92.18302 1.251252 6003113 13 1 18.95728 1.098364 6003113 11 1 169 40504
1 1.282494 1.437562 1.137462 1 32.42122 1.21434 6003113 13 0 228.3497 2.541695 6003113 11 1 63 14882
1 1.217313 1.182622 1.199648 1 33.04624 1.090443 6003113 11 1 39.67463 1.17797 6003113 13 1 63 15001
1 0.4544891 0.2018274 0.792879 1 6.599317 1.077426 6003113 11 1 77.26472 1.138055 6003113 13 1 64 15224
1 1.099696 0.9023142 1.195627 1 30.95192 1.07057 6003113 13 1 35.89714 1.08391 6003113 11 1 89 21230
1 1.058012 1.115802 0.9930252 1 15.64517 1.850862 6003113 13 1 16.5329 1.831986 6003113 11 1 191 45780
1 0.9574994 0.6410515 1.205563 1 40.22527 1.04099 6003113 13 1 22.69726 1.919856 6003113 11 1 191 45813
1 0.7268606 1.122648 0.4611204 1 128.632 1.392046 6003113 11 1 48.1597 3.128093 6003113 13 1 193 46120
1 1.147959 1.183877 1.106546 1 30.47178 1.386504 6003113 11 1 40.53514 1.066207 6003113 13 1 193 46207
1 0.5380682 0.2637946 0.8676014 1 2.686132 1.158546 6002113 11 1 25.95895 1.825774 6002113 13 1 203 48516
1 1.225386 1.141194 1.230719 1 26.01944 1.087512 6003113 11 1 49.68742 2.735646 6003113 13 1 258 61855
1 0.04957241 0.009268439 0.1791508 1 17.68015 1.037863 6002113 13 1 14.27289 1.066046 6002113 11 1 261 62489
1 1.209625 1.112975 1.222657 1 44.99729 1.137862 6003113 13 0 194.7652 1.458417 6003113 11 1 285 68391
1 1.173319 1.196671 1.139395 0 14.07205 2.693511 6002113 11 1 29.92239 1.198679 6002113 13 1 313 75098
1 0.4442115 0.1872741 0.8068974 1 3.173807 1.268213 6002113 11 1 20.05567 1.145273 6002113 13 1 299 71626
1 0.0005054539 0.0001192409 0.002211735 1 56.48478 1.073353 6003113 11 1 35.53848 1.04936 6003113 13 1 346 82876
1 1.145385 0.9245803 1.259718 0 184.0378 1.164131 6003113 11 1 53.44175 1.327688 6003113 13 1 375 89864
1 1.053247 1.09991 0.9980844 1 15.17239 1.874341 6003113 11 1 76.74187 1.203791 6003113 13 1 366 87607
1 1.575265 1.775696 1.383444 0 397.1924 2.681516 6003113 11 1 52.97964 1.270082 6003113 13 1 373 89494
1 0.4205023 0.1819855 0.7484848 1 90.7007 1.063326 6003113 13 1 138.3327 1.71041 6003113 11 1 378 90505
1 1.164201 1.711426 0.8059074 1 29.46764 1.400937 6003113 13 0 202.1021 1.119973 6003113 11 1 397 95182
1 1.033406 1.101364 0.958024 1 21.27534 1.254095 6003113 11 1 47.46433 1.240737 6003113 13 1 4 830
1 1.063672 0.7860307 1.245813 1 142.2899 1.513924 6003113 11 0 78.75844 1.143917 6003113 13 1 255 61108
1 1.057513 1.112379 0.9951048 1 2.457236 1.300266 6003113 11 1 36.70699 1.198371 6003113 13 1 14 3153
1 0.5226254 0.8798594 0.3137767 1 2.505767 1.187765 6002113 11 1 16.3542 2.633216 6002113 13 1 14 3261
1 1.112575 1.233052 0.9981722 1 18.41987 1.140174 6003113 13 0 86.09247 1.043899 6003113 11 1 15 3424
1 1.866054 2.331325 1.3979 1 85.65993 1.059898 6003113 13 1 139.701 1.25002 6003113 11 1 49 11612
1 1.0427 1.134261 0.9473373 1 43.36277 1.388753 6003113 11 1 23.31451 1.058248 6003113 13 1 49 11738
1 0.8748782 0.5617447 1.136825 1 20.93988 1.353529 6002113 13 0 5.810759 2.302076 6002113 11 1 115 27569
1 1.10316 1.145079 1.05266 0 1.310476 2.47946 6002113 11 1 16.82251 1.156777 6002113 13 1 224 53551
1 1.524498 1.73059 1.317664 0 59.92007 3.798869 6003113 11 1 46.41152 1.395186 6003113 13 1 224 53623
1 1.26516 1.422013 1.117256 1 26.05798 1.076475 6003113 11 1 114.7989 1.279351 6003113 13 1 230 54976
1 1.145385 0.9245803 1.259718 1 108.0063 1.363999 6003113 11 1 56.9504 1.215734 6003113 13 1 238 56888
1 1.134034 1.248093 1.022271 1 30.27474 1.13918 6002113 13 1 0.05001335 1.687662 6002113 11 1 238 57019
1 1.048997 1.136673 0.9559695 1 4.316545 1.38731 6002113 11 1 48.16667 1.797382 6002113 13 1 246 58933
1 0.9160994 0.6007248 1.171549 1 93.74932 1.421524 6003113 13 1 0.6234909 1.50135 6003113 11 1 263 63004
1 1.225386 1.141194 1.230719 1 21.39252 1.130499 6002113 13 0 1.557214 2.972521 6002113 11 1 263 63067
1 1.035838 1.098122 0.9666125 1 2.532381 2.050834 6002113 11 1 27.97021 1.559135 6002113 13 1 266 63634
1 1.645109 2.1548 1.183545 1 24.06746 1.101161 6003113 13 0 54.53249 2.672802 6003113 11 1 268 64203
1 1.225386 1.141194 1.230719 1 33.11574 1.05453 6003113 13 1 60.45249 1.116395 6003113 11 1 317 75868
1 0.3064061 0.1093534 0.631845 0 355.9305 1.108449 6003113 11 1 23.6793 1.084425 6003113 13 1 322 77207
1 0.7934737 0.4881172 1.065644 0 40.62715 4.030993 6003113 11 1 36.97861 1.84111 6003113 13 1 347 83115
1 0.9219857 1.364073 0.6240806 1 0.5241997 2.189282 6002113 11 1 30.50949 1.080726 6002113 13 1 369 88530
1 1.114777 0.884905 1.24054 1 58.49981 1.090028 6003113 13 1 65.84524 1.464163 6003113 11 1 372 89113
1 1.059052 1.139164 0.9715886 1 113.0558 1.303142 6003113 13 0 121.0436 5.286644 6003113 11 1 372 89174
1 0.9138955 0.6245104 1.1333 1 50.74715 2.667984 6003113 11 1 89.12007 1.098361 6003113 13 1 370 88750
1 1.152501 1.258655 1.04415 1 164.7315 3.413928 6003113 11 1 55.54841 1.132902 6003113 13 1 370 88773
1 0.003497112 0.0005740048 0.02103336 1 9.315398 1.664062 6002113 11 1 23.56389 1.977665 6002113 13 1 388 92959
1 1.182032 1.113501 1.180358 0 103.6066 1.069497 6003113 11 1 60.0783 1.274515 6003113 13 1 388 93054
1 1.761918 2.058838 1.43754 1 20.77504 2.839084 6002113 13 1 12.50589 1.319019 6002113 11 1 393 94255
1 1.217313 1.182622 1.199648 1 39.02085 1.19483 6003113 13 1 96.16358 1.059384 6003113 11 1 401 96023
1 0.5380682 0.2637946 0.8676014 1 46.26755 1.881669 6003113 13 1 44.03069 1.547575 6003113 11 1 408 97912
1 1.526225 2.04983 1.080738 1 80.55678 1.048902 6003113 13 1 31.70107 1.049011 6003113 11 1 412 98755
1 1.524498 1.73059 1.317664 1 28.82904 1.359047 6002113 13 1 4.709876 1.291886 6002113 11 1 104 24741
1 1.054444 1.13827 0.9640688 1 23.61999 1.072352 6002113 13 1 0.1685905 1.146237 6002113 11 1 105 24968
1 1.142868 1.177299 1.103399 1 36.86503 2.562581 6003113 13 1 51.14439 1.095257 6003113 11 1 141 33700
1 1.192805 1.083559 1.213989 1 5.45581 1.359745 6002113 11 1 20.12685 1.16921 6002113 13 1 149 35591
1 0.6342273 1.05356 0.3835326 1 130.9358 1.178367 6003113 11 1 30.30421 2.129071 6003113 13 1 149 35613
1 1.49586 1.706142 1.278772 1 43.95144 1.165756 6003113 13 1 51.0896 1.0512 6003113 11 1 149 35673
1 1.152971 1.190243 1.109341 1 36.20655 1.23154 6003113 13 1 68.77023 2.047671 6003113 11 1 150 35814
1 1.0427 1.134261 0.9473373 1 62.09746 1.249017 6003113 13 0 393.9258 2.37587 6003113 11 1 151 36166
1 1.641128 1.972201 1.285192 1 12.62071 1.085852 6003113 11 1 78.50114 1.173709 6003113 13 1 151 36211
1 1.199428 1.046014 1.251733 1 47.27058 1.138623 6003113 11 1 39.66159 1.094142 6003113 13 1 197 47047
1 1.099519 1.139476 1.051563 1 18.43053 1.133661 6003113 13 0 188.1091 1.22212 6003113 11 1 210 50204
1 0.8332192 0.5015442 1.138243 0 16.73386 2.01817 6003113 11 1 33.2161 1.424927 6003113 13 1 210 50227
1 0.3459568 0.1344595 0.6687537 1 8.682573 1.30305 6003113 11 1 92.42295 1.957707 6003113 13 1 210 50261
1 1.106427 1.150534 1.053346 0 164.1499 4.086908 6003113 11 1 55.13321 1.094203 6003113 13 1 211 50480
1 1.282494 1.437562 1.137462 1 39.6564 1.186378 6003113 11 1 64.24912 1.183923 6003113 13 1 157 37512
1 1.298986 1.452146 1.156092 1 56.69325 1.058366 6003113 13 1 76.915 1.494748 6003113 11 1 161 38591
1 1.048836 1.548763 0.7254791 1 54.97992 1.095763 6003113 13 0 195.981 1.119583 6003113 11 1 164 39291
1 1.152971 1.190243 1.109341 1 23.14472 1.888676 6002113 13 1 8.884073 1.717182 6002113 11 1 175 41833
1 1.199401 1.201198 1.170168 1 70.88847 1.118745 6003113 11 1 42.82359 1.054019 6003113 13 1 175 41852
1 1.099696 0.9023142 1.195627 0 622.5619 1.064106 6003113 11 1 55.23981 1.087135 6003113 13 1 199 47529
1 1.053247 1.09991 0.9980844 1 249.7251 1.955675 6003113 11 1 52.86607 1.570057 6003113 13 1 199 47635
1 0.9138955 0.6245104 1.1333 0 1.826881 1.083176 6003113 11 1 57.40817 1.060349 6003113 13 1 337 80679
1 1.134034 1.248093 1.022271 1 10.55159 1.106351 6003113 11 1 33.8765 1.076203 6003113 13 1 228 54602
1 0.8383967 1.273376 0.5409222 1 88.73441 1.626371 6003113 11 1 44.02516 1.102862 6003113 13 1 254 60941
1 1.194803 1.137859 1.187115 1 33.97135 1.071622 6003113 13 1 140.7263 1.274496 6003113 11 1 296 70833
1 1.167323 1.186361 1.134647 1 34.3543 1.728712 6003113 11 1 55.24009 1.138678 6003113 13 1 296 70836
1 1.1849 1.214892 1.148506 1 58.65167 1.120536 6003113 11 1 33.88324 1.11915 6003113 13 1 296 70967
1 1.566869 2.206142 1.088645 1 48.52312 1.045559 6002113 13 1 8.442324 1.59358 6002113 11 1 379 90782
1 1.112575 1.233052 0.9981722 0 20.97006 2.121839 6003113 11 1 50.5252 1.180311 6003113 13 1 379 90860
1 0.4094664 0.1680855 0.7591912 1 42.18942 1.052343 6003113 13 1 76.4028 1.730165 6003113 11 1 367 87911
1 1.149237 1.698801 0.7921503 1 37.34678 1.225573 6003113 13 1 83.48548 1.236767 6003113 11 1 367 88023
1 1.812285 2.096335 1.505211 1 25.32671 3.933555 6003113 13 1 42.16082 2.016338 6003113 11 1 107 25680
