1 0.7242169 1.085561 0.4754195 1 35.51761 1.234937 1000022 13 1 31.60745 1.565231 1000022 11 1 3 423
1 0.4442115 0.1872741 0.8068974 0 4.370163 2.354818 1000022 11 1 26.07731 1.255477 1000022 13 1 3 438
1 1.035838 1.098122 0.9666125 1 83.24504 1.41527 1000022 11 1 62.4458 1.384239 1000022 13 1 6 1159
1 1.190567 1.223018 1.152597 1 24.81631 2.746592 1000022 11 1 62.34751 1.116381 1000022 13 1 8 1578
1 1.095596 1.133769 1.050051 1 27.33202 1.253096 1000022 13 1 23.72538 1.653931 1000022 11 1 9 1659
1 0.4205023 0.1819855 0.7484848 1 20.73874 1.461535 1000022 13 1 9.586083 1.742013 1000022 11 1 9 1780
1 1.054444 1.13827 0.9640688 1 5.137804 1.290871 1000022 11 1 44.24286 1.096264 1000022 13 1 21 4023
1 1.142868 1.177299 1.103399 1 35.06333 2.388297 1000022 13 1 11.48544 2.265898 1000022 13 1 21 4025
1 1.641128 1.972201 1.285192 1 20.05252 1.27621 1000022 11 1 24.09396 1.86401 1000022 13 1 22 4246
1 1.109295 1.155893 1.053631 1 16.32146 1.070233 1000022 13 1 3.195768 1.11945 1000022 13 1 22 4259
1 1.182032 1.113501 1.180358 1 24.64472 1.374754 1000022 13 0 7.086384 2.538929 1000022 11 1 25 4900
1 1.217313 1.182622 1.199648 1 36.00973 1.536165 1000022 13 1 18.83022 1.129883 1000022 13 1 28 5598
1 1.329532 1.478061 1.189894 1 2.192987 1.206117 1000022 11 1 20.65285 2.059534 1000022 13 1 30 5936
1 1.761918 2.058838 1.43754 1 10.07274 1.182516 1000022 11 1 23.36483 2.818025 1000022 13 1 34 6677
1 1.866054 2.331325 1.3979 1 28.40924 1.314855 1000022 13 1 6.250557 1.51107 1000022 11 1 34 6763
1 1.134034 1.248093 1.022271 1 25.41655 1.503553 1000022 13 1 9.013352 2.11865 1000022 11 1 45 8969
1 1.048997 1.136673 0.9559695 1 34.27913 1.295181 1000022 13 1 17.38421 1.502227 1000022 11 1 46 9138
1 1.063672 0.7860307 1.245813 1 12.56794 1.752046 1000022 11 1 14.26841 1.895722 1000022 13 1 47 9446
1 0.004946925 0.0007649757 0.02896901 1 9.845773 1.656391 1000022 11 1 50.45943 1.381254 1000022 13 1 48 9545
1 1.048997 1.136673 0.9559695 1 1.937239 2.788256 1000022 11 1 30.01612 1.134793 1000022 13 1 50 9920
1 1.314649 1.46568 1.173482 1 25.67319 1.154369 1000022 13 0 14.42174 3.247661 1000022 11 1 7 1333
1 0.6571895 0.3457574 1.000641 1 17.6564 1.404597 1000022 13 1 5.534346 1.627049 1000022 13 1 13 2607
1 1.190567 1.223018 1.152597 1 33.618 1.292585 1000022 13 0 1.148044 3.42526 1000022 11 1 15 2904
1 1.298986 1.452146 1.156092 1 50.24567 2.860118 1000022 13 1 8.757275 1.781867 1000022 11 1 27 5285
1 1.157728 1.196465 1.111764 1 20.4217 1.37984 1000022 13 1 23.25169 1.290695 1000022 13 1 27 5318
1 1.1849 1.214892 1.148506 1 19.30977 1.668426 1000022 13 1 4.755729 1.507926 1000022 11 1 37 7335
1 0.5179346 0.9281273 0.2807825 1 27.75841 1.546692 1000022 11 1 56.55413 2.79267 1000022 13 1 39 7838
1 1.151918 0.9752633 1.225726 1 39.26403 1.189536 1000022 13 1 22.55364 1.533898 1000022 13 1 40 7939
1 1.329532 1.478061 1.189894 1 0.5549465 3.878403 1000022 11 0 79.34714 1.128887 1000022 13 1 44 8681
1 1.035838 1.098122 0.9666125 1 50.98824 1.635989 1000022 13 0 50.72396 13.18552 1000022 11 1 44 8772
1 1.206555 1.21522 1.17542 1 4.61025 1.262492 1000022 11 1 32.03766 1.212485 1000022 13 1 36 7151
1 1.152971 1.190243 1.109341 1 24.61398 1.23968 1000022 11 1 61.82388 1.363977 1000022 13 1 38 7557
1 1.053247 1.09991 0.9980844 1 31.4004 1.300725 1000022 11 1 67.8518 1.343876 1000022 13 1 41 8049
