1 1.123647 1.241142 1.010512 1 61.85128 1.092741 6003113 13 0 311.8344 3.720725 6003113 13 1 387 92668
1 1.126364 0.9389989 1.211138 1 58.76157 1.129822 6003113 13 1 15.60953 3.137675 6003113 13 1 410 98221
1 1.053247 1.09991 0.9980844 1 12.72991 1.307275 6003113 13 1 102.8132 1.674925 6003113 13 1 410 98369
1 1.298986 1.452146 1.156092 1 36.32784 1.711815 6003113 13 1 18.90135 2.315538 6003113 13 1 20 4563
1 1.20651 1.16088 1.193521 1 9.873174 1.107184 6002113 13 1 22.37951 2.078317 6002113 13 1 12 2823
1 1.063672 0.7860307 1.245813 1 70.15846 2.442532 6003113 13 1 12.76584 1.713313 6003113 13 1 21 5002
1 1.134034 1.248093 1.022271 1 7.887908 1.215069 6003113 13 1 82.25664 1.062158 6003113 13 1 19 4416
1 1.46424 1.680344 1.235249 1 9.270111 1.183526 6003113 13 1 92.19287 1.072474 6003113 13 1 33 7699
1 1.058012 1.115802 0.9930252 1 39.46461 1.5829 6003113 13 1 53.30494 1.408285 6003113 13 1 33 7853
1 1.036252 1.095703 0.9699052 1 35.2192 1.15391 6003113 13 1 7.2993 1.099289 6003113 13 1 41 9663
1 1.20651 1.16088 1.193521 0 114.1795 4.093744 6003113 13 1 36.77501 1.30371 6003113 13 1 70 16688
1 0.03472439 0.005924022 0.1396847 0 311.5092 3.576677 6003113 13 1 49.70508 1.127714 6003113 13 1 76 18186
1 1.20651 1.16088 1.193521 1 27.8437 1.139235 6002113 13 0 1.369424 1.178626 6002113 13 1 77 18334
1 1.227292 1.202911 1.205555 1 61.2809 1.202705 6003113 13 0 68.62132 3.630031 6003113 13 1 186 44463
1 1.20651 1.16088 1.193521 1 74.13082 1.140321 6003113 13 1 48.75984 3.186118 6003113 13 1 216 51745
1 0.9160994 0.6007248 1.171549 1 36.52434 1.683367 6003113 13 0 18.58455 1.820507 6003113 13 1 231 55209
1 1.059052 1.139164 0.9715886 1 11.42971 1.15937 6002113 13 0 11.04544 5.264333 6002113 13 1 231 55221
1 1.176288 1.010978 1.239274 1 23.99535 1.762144 6002113 13 1 2.294736 1.075073 6002113 13 1 231 55435
1 1.057513 1.112379 0.9951048 1 4.931552 1.069769 6002113 13 1 34.10665 1.392143 6002113 13 1 339 81353
1 1.199401 1.201198 1.170168 1 49.11763 1.717536 6002113 13 1 5.089404 1.365063 6002113 13 1 111 26609
1 1.059052 1.139164 0.9715886 1 37.16297 1.820349 6003113 13 1 115.6268 1.104508 6003113 13 1 112 26716
1 1.055133 1.104334 0.9975671 1 32.67139 2.484894 6003113 13 1 92.69107 1.535894 6003113 13 1 155 37057
1 1.761918 2.058838 1.43754 1 39.88721 1.252986 6003113 13 0 190.7992 1.379824 6003113 13 1 171 41031
1 1.329532 1.478061 1.189894 0 243.6667 5.143888 6003113 13 1 25.97464 1.756755 6003113 13 1 212 50682
1 1.705086 2.017803 1.363962 1 59.07323 1.404459 6003113 13 1 119.6423 1.614684 6003113 13 1 212 50783
1 1.282494 1.437562 1.137462 1 18.46879 1.097381 6003113 13 1 13.65229 1.063734 6003113 13 1 262 62804
1 1.157728 1.196465 1.111764 0 58.6069 1.131239 6003113 13 1 57.0275 1.708722 6003113 13 1 307 73476
1 1.866054 2.331325 1.3979 1 45.05841 1.214559 6003113 13 1 44.63434 1.191534 6003113 13 1 351 84005
1 1.157728 1.196465 1.111764 1 8.003194 1.278868 6002113 13 1 40.8268 1.067228 6002113 13 1 352 84334
1 1.033406 1.101364 0.958024 0 377.863 1.177001 6003113 13 1 56.583 1.112377 6003113 13 1 380 91111
1 0.4094664 0.1680855 0.7591912 1 62.07108 1.058476 6003113 13 1 141.8149 1.540331 6003113 13 1 392 94063
1 1.192805 1.083559 1.213989 0 166.6536 1.889191 6003113 13 1 65.28262 1.849211 6003113 13 1 398 95467
1 1.099519 1.139476 1.051563 1 26.13933 1.145748 6002113 13 1 64.07718 1.05834 6002113 13 1 398 95492
1 1.112575 1.233052 0.9981722 1 9.140924 1.537255 6003113 13 1 103.7563 1.054684 6003113 13 1 403 96541
1 1.199428 1.046014 1.251733 0 171.8648 17.02942 6003113 13 1 87.26884 1.163216 6003113 13 1 2 338
1 0.6571895 0.3457574 1.000641 0 266.7529 2.370015 6003113 13 1 27.49271 1.373971 6003113 13 1 2 419
1 0.000150688 2.289023e-05 0.0006908079 1 58.56626 1.282577 6003113 13 1 20.28221 1.397529 6003113 13 1 17 4036
1 1.225386 1.141194 1.230719 1 19.50422 1.322056 6002113 13 1 32.1374 1.181099 6002113 13 1 18 4239
1 1.017868 0.7662661 1.176325 1 166.2046 1.523542 6003113 13 1 50.45074 1.06839 6003113 13 1 23 5490
1 0.4205023 0.1819855 0.7484848 1 91.29803 2.060845 6003113 13 1 19.93419 1.081324 6003113 13 1 24 5594
1 1.054444 1.13827 0.9640688 1 38.98658 1.346379 6002113 13 1 2.141923 1.470736 6002113 13 1 36 8580
1 1.053247 1.09991 0.9980844 1 16.90135 2.039529 6002113 13 1 25.83042 1.65041 6002113 13 1 38 8902
1 1.152501 1.258655 1.04415 1 22.09846 1.352572 6002113 13 1 29.88804 2.176256 6002113 13 1 38 8930
1 1.114777 0.884905 1.24054 1 6.7614 1.327364 6002113 13 1 24.72133 2.064993 6002113 13 1 38 9084
1 1.282494 1.437562 1.137462 1 52.39443 1.402197 6003113 13 1 65.33847 2.183513 6003113 13 1 38 9117
1 1.282494 1.437562 1.137462 1 52.39443 1.402197 6003113 13 1 65.33847 2.183513 6003113 13 1 38 9117
1 1.062846 1.139449 0.9784784 1 19.87546 2.992821 6003113 13 1 47.73788 1.174716 6003113 13 1 58 13829
1 0.1793033 0.05184105 0.4351809 0 312.5387 1.100483 6003113 13 1 34.85493 1.116954 6003113 13 1 114 27181
1 1.298986 1.452146 1.156092 1 10.20737 2.683426 6003113 13 1 97.86241 1.128316 6003113 13 1 114 27263
1 1.191782 1.185832 1.16486 1 43.91919 1.788053 6003113 13 0 297.3974 1.278569 6003113 13 1 125 29976
1 1.109295 1.155893 1.053631 1 24.41178 1.068705 6003113 13 1 51.08027 1.403893 6003113 13 1 178 42591
1 1.46424 1.680344 1.235249 1 38.199 1.881961 6003113 13 1 27.72876 2.408631 6003113 13 1 159 38111
1 1.42456 2.044705 0.9864829 1 6.606486 1.807436 6003113 13 1 55.27956 4.43887 6003113 13 1 229 54917
1 0.04957241 0.009268439 0.1791508 0 278.9113 1.136872 6003113 13 1 51.98719 1.25183 6003113 13 1 236 56489
1 1.1849 1.214892 1.148506 1 60.42192 1.761851 6003113 13 0 42.07576 3.985312 6003113 13 1 310 74248
1 1.134034 1.248093 1.022271 1 26.55895 1.537614 6003113 13 1 158.9191 1.308149 6003113 13 1 383 91739
1 1.179161 1.206147 1.144075 1 50.84146 1.273847 6003113 13 1 52.62391 3.284756 6003113 13 1 244 58399
1 1.179161 1.206147 1.144075 1 50.84146 1.273847 6003113 13 1 52.62391 3.284756 6003113 13 1 244 58399
1 0.6571895 0.3457574 1.000641 1 48.81165 1.1144 6003113 13 1 137.9489 1.797978 6003113 13 1 269 64549
1 1.083255 0.8452013 1.220206 1 75.73975 1.161736 6003113 13 1 47.73434 1.110887 6003113 13 1 282 67497
1 1.126364 0.9389989 1.211138 1 136.467 1.932969 6003113 13 0 210.5653 1.14925 6003113 13 1 298 71331
1 0.9574994 0.6410515 1.205563 1 70.76166 2.140573 6003113 13 1 54.58203 1.644576 6003113 13 1 291 69785
1 1.190567 1.223018 1.152597 1 54.54626 2.146921 6003113 13 1 3.100597 1.278192 6003113 13 1 291 69835
1 1.812285 2.096335 1.505211 1 2.029441 1.084745 6003113 13 1 64.14246 1.2273 6003113 13 1 292 69892
1 0.7268606 1.122648 0.4611204 1 24.44539 1.885234 6003113 13 1 31.73974 1.411138 6003113 13 1 374 89635
1 0.07905591 0.01690496 0.2492307 0 71.08234 7.452312 6003113 13 1 35.30101 1.164273 6003113 13 1 374 89646
1 0.01417853 0.002128869 0.07081318 1 64.84161 1.05481 6003113 13 1 135.5475 1.362326 6003113 13 1 381 91222
1 1.083255 0.8452013 1.220206 1 95.51408 1.737123 6003113 13 1 57.042 1.184512 6003113 13 1 381 91348
1 1.142868 1.177299 1.103399 1 14.2498 1.072627 6003113 13 1 26.94778 3.29226 6003113 13 1 78 18485
1 0.789787 0.4650854 1.097808 1 11.43004 1.609426 6002113 13 1 17.72696 1.062887 6002113 13 1 79 18752
1 1.123647 1.241142 1.010512 1 12.8551 1.168439 6002113 13 1 35.81696 1.054614 6002113 13 1 79 18775
1 1.183608 1.169262 1.159476 1 65.59566 1.515876 6003113 13 1 59.90948 1.078097 6003113 13 1 103 24568
1 1.183608 1.169262 1.159476 1 65.59566 1.515876 6003113 13 1 59.90948 1.078097 6003113 13 1 103 24568
1 1.298986 1.452146 1.156092 0 434.6737 1.187003 6003113 13 1 44.18381 1.09637 6003113 13 1 227 54470
1 1.213336 1.227995 1.180605 1 35.3928 1.180889 6003113 13 0 185.2105 1.203639 6003113 13 1 326 78086
1 0.6571895 0.3457574 1.000641 1 15.58574 1.066142 6002113 13 1 1.274013 1.330778 6002113 13 1 250 59792
1 1.26516 1.422013 1.117256 0 8.952274 2.483011 6002113 13 1 29.33308 1.16175 6002113 13 1 279 66767
1 0.4442115 0.1872741 0.8068974 1 55.74613 1.036414 6002113 13 1 14.78144 1.127375 6002113 13 1 286 68461
1 0.6571895 0.3457574 1.000641 1 13.36415 1.250875 6002113 13 1 18.94937 1.484105 6002113 13 1 286 68565
1 1.142868 1.177299 1.103399 1 29.68272 1.802972 6002113 13 1 6.59822 3.111639 6002113 13 1 327 78466
1 1.152501 1.258655 1.04415 1 72.71138 2.803349 6003113 13 1 32.77448 2.361747 6003113 13 1 335 80262
1 1.050919 0.8056091 1.198818 1 28.59453 1.070511 6003113 13 1 33.9554 1.907549 6003113 13 1 335 80278
1 1.126364 0.9389989 1.211138 1 41.41192 1.040589 6003113 13 1 205.9479 1.868041 6003113 13 1 338 80991
1 0.4442115 0.1872741 0.8068974 1 80.1084 3.296402 6003113 13 1 126.2678 1.180149 6003113 13 1 342 81994
1 0.665028 0.3662483 0.9755856 1 54.81253 1.196399 6003113 13 1 33.72877 1.3039 6003113 13 1 350 83962
1 1.550791 1.753763 1.352368 1 78.20277 1.406738 6003113 13 1 7.647188 1.090111 6003113 13 1 414 99243
1 1.106427 1.150534 1.053346 0 50.55654 1.713495 6003113 13 1 132.2248 1.228478 6003113 13 1 414 99295
1 1.033406 1.101364 0.958024 1 50.41945 1.085535 6003113 13 0 182.5414 1.126997 6003113 13 1 40 9450
1 0.5380682 0.2637946 0.8676014 1 3.93363 1.14358 6003113 13 1 80.8749 1.536821 6003113 13 1 30 6980
1 1.812285 2.096335 1.505211 1 85.11 1.166838 6003113 13 1 45.99548 1.138043 6003113 13 1 30 7043
1 1.56971 1.920896 1.202337 1 66.17763 1.040849 6003113 13 1 122.2908 1.437966 6003113 13 1 44 10502
1 1.20651 1.16088 1.193521 1 48.96761 1.061353 6003113 13 1 52.77633 1.500751 6003113 13 1 142 34016
1 1.176288 1.010978 1.239274 1 35.55826 1.049077 6003113 13 1 65.12497 1.160416 6003113 13 1 142 34022
1 1.217313 1.182622 1.199648 1 62.30389 1.054729 6003113 13 1 26.68233 1.083787 6003113 13 1 167 40003
1 0.3355998 0.123277 0.6770892 1 51.87052 1.580254 6003113 13 1 18.19147 1.191494 6003113 13 1 168 40155
1 1.055133 1.104334 0.9975671 1 53.88243 2.023811 6003113 13 1 65.28195 1.068147 6003113 13 1 168 40213
1 1.289688 1.878288 0.892531 1 44.67519 1.064616 6003113 13 1 12.84879 1.087988 6003113 13 1 218 52087
1 1.099519 1.139476 1.051563 1 93.03265 1.098745 6003113 13 1 3.077439 1.069824 6003113 13 1 218 52246
1 1.142868 1.177299 1.103399 0 214.5515 1.121679 6003113 13 1 23.21325 1.067079 6003113 13 1 234 56016
1 1.524498 1.73059 1.317664 1 54.94815 1.250073 6003113 13 1 25.92778 2.477912 6003113 13 1 234 56115
1 1.641128 1.972201 1.285192 1 47.80078 2.243883 6003113 13 1 51.79009 1.385956 6003113 13 1 264 63263
1 1.46424 1.680344 1.235249 1 89.97948 1.058722 6003113 13 1 37.44548 1.245363 6003113 13 1 265 63402
1 0.9894024 0.7036328 1.19152 1 65.17023 1.164612 6003113 13 1 67.38602 1.091848 6003113 13 1 276 66096
1 1.0427 1.134261 0.9473373 1 96.80331 1.095153 6003113 13 1 105.3397 1.081187 6003113 13 1 276 66153
1 1.0427 1.134261 0.9473373 1 96.80331 1.095153 6003113 13 1 105.3397 1.081187 6003113 13 1 276 66153
1 0.8748782 0.5617447 1.136825 1 110.008 1.895274 6003113 13 1 7.114433 1.101432 6003113 13 1 46 10955
1 1.056557 1.108524 0.9965968 1 87.17604 1.068723 6003113 13 1 40.42878 1.806101 6003113 13 1 46 11010
1 0.4094664 0.1680855 0.7591912 1 22.66037 1.078918 6003113 13 1 24.33899 1.073588 6003113 13 1 188 45023
1 1.15499 1.021547 1.194574 0 34.57897 1.460995 6003113 13 1 111.6634 1.129053 6003113 13 1 181 43218
1 0.747205 0.4303799 1.057145 0 154.4969 1.787641 6003113 13 1 102.6297 1.765524 6003113 13 1 182 43573
1 1.192805 1.083559 1.213989 1 48.33094 1.927786 6003113 13 1 86.35134 1.216837 6003113 13 1 182 43629
1 0.5226254 0.8798594 0.3137767 1 18.85283 1.996448 6002113 13 1 18.44909 1.107354 6002113 13 1 192 45863
1 1.179161 1.206147 1.144075 0 133.7088 5.130308 6003113 13 1 92.83393 1.231681 6003113 13 1 192 45951
1 1.063672 0.7860307 1.245813 1 1.985198 2.577369 6002113 13 1 20.26955 1.187983 6002113 13 1 220 52753
1 0.6342273 1.05356 0.3835326 1 95.33774 4.096747 6003113 13 1 186.9824 1.766409 6003113 13 1 221 52826
1 1.036252 1.095703 0.9699052 1 123.0249 1.095595 6003113 13 1 42.73255 2.582298 6003113 13 1 251 60204
1 1.524498 1.73059 1.317664 0 253.4601 1.676998 6003113 13 1 73.93762 1.170983 6003113 13 1 289 69136
1 1.182032 1.113501 1.180358 1 47.49811 1.833954 6003113 13 0 1.535449 3.458235 6003113 13 1 270 64575
1 1.164201 1.711426 0.8059074 1 62.1785 1.084109 6003113 13 1 47.56014 1.080608 6003113 13 1 270 64728
1 1.575265 1.775696 1.383444 1 23.05526 1.103803 6002113 13 0 3.135946 1.420789 6002113 13 1 304 72884
1 1.282494 1.437562 1.137462 1 40.02762 1.439687 6003113 13 1 81.2733 1.259028 6003113 13 1 316 75786
1 1.134034 1.248093 1.022271 1 59.17055 1.07087 6003113 13 1 11.62131 1.268413 6003113 13 1 10 2206
1 0.3767309 0.1505117 0.7131262 0 46.8342 1.126103 6003113 13 1 44.49777 1.334398 6003113 13 1 11 2446
1 1.058012 1.115802 0.9930252 0 73.22546 1.775124 6003113 13 1 32.9809 1.139023 6003113 13 1 32 7616
1 1.206555 1.21522 1.17542 1 101.5501 2.160896 6003113 13 1 22.05529 1.648225 6003113 13 1 61 14540
1 0.8748782 0.5617447 1.136825 1 54.31155 1.162799 6003113 13 1 82.76403 2.02059 6003113 13 1 359 86154
1 1.174602 1.053046 1.204645 0 453.6805 1.076802 6003113 13 1 41.00569 1.086771 6003113 13 1 362 86771
1 1.056557 1.108524 0.9965968 1 82.45087 1.748449 6003113 13 1 11.58805 1.094155 6003113 13 1 400 95979
1 0.2443026 0.07741789 0.5517042 0 327.5433 2.821142 6003113 13 1 33.03405 1.151653 6003113 13 1 407 97583
1 0.3064061 0.1093534 0.631845 1 54.71727 1.26115 6003113 13 1 39.00449 1.182256 6003113 13 1 411 98442
1 1.062846 1.139449 0.9784784 1 8.474059 1.046587 6003113 13 1 84.61971 2.250418 6003113 13 1 411 98616
1 1.213336 1.227995 1.180605 1 36.08076 2.772981 6003113 13 1 155.1978 1.953744 6003113 13 1 415 99595
1 1.329532 1.478061 1.189894 1 26.83846 1.068769 6002113 13 1 19.36294 1.357272 6002113 13 1 109 26130
1 1.75908 2.248522 1.290011 1 50.81778 1.177729 6003113 13 1 31.0967 1.045917 6003113 13 1 109 26140
1 0.004252809 0.0006661682 0.02512871 1 52.90344 1.061883 6003113 13 1 53.85337 2.266809 6003113 13 1 110 26275
1 1.182032 1.113501 1.180358 1 5.970068 2.670971 6003113 13 1 72.45688 1.105228 6003113 13 1 190 45473
1 0.01417853 0.002128869 0.07081318 1 10.53546 2.431013 6003113 13 1 28.76516 1.091952 6003113 13 1 267 63983
1 0.8748782 0.5617447 1.136825 1 7.781269 1.316087 6003113 13 1 202.9223 1.221687 6003113 13 1 205 49099
1 1.050919 0.8056091 1.198818 1 7.587093 1.905345 6002113 13 1 37.45346 2.150726 6002113 13 1 237 56839
1 1.20651 1.16088 1.193521 0 121.2418 1.176878 6003113 13 1 65.579 1.640826 6003113 13 1 237 56878
1 1.053247 1.09991 0.9980844 0 43.80757 18.12095 6003113 13 1 50.98162 1.344245 6003113 13 1 242 57998
1 1.109295 1.155893 1.053631 0 286.9506 1.049786 6003113 13 1 87.42066 1.076571 6003113 13 1 281 67229
1 0.03009876 0.005032814 0.1242768 1 71.96867 2.200757 6003113 13 0 934.4558 1.615438 6003113 13 1 281 67440
1 1.217313 1.182622 1.199648 1 48.90499 1.522162 6003113 13 1 68.4688 1.0742 6003113 13 1 287 68846
1 1.217313 1.182622 1.199648 1 48.90499 1.522162 6003113 13 1 68.4688 1.0742 6003113 13 1 287 68846
1 0.9160994 0.6007248 1.171549 1 35.29402 1.166798 6002113 13 1 0.8664092 1.728678 6002113 13 1 287 68851
1 1.199401 1.201198 1.170168 1 9.832751 1.087973 6002113 13 1 31.60766 1.725498 6002113 13 1 294 70352
1 1.179161 1.206147 1.144075 1 53.87185 1.076479 6003113 13 1 33.20601 2.632156 6003113 13 1 295 70711
1 1.048997 1.136673 0.9559695 1 58.85397 1.701234 6003113 13 1 16.07344 1.258054 6003113 13 1 336 80442
1 1.56971 1.920896 1.202337 1 105.1705 1.071251 6003113 13 1 157.0976 1.913933 6003113 13 1 336 80633
1 1.048836 1.548763 0.7254791 1 38.78798 1.915156 6003113 13 1 88.83088 1.675022 6003113 13 1 357 85462
1 1.190567 1.223018 1.152597 1 35.46577 2.938133 6002113 13 1 13.15044 1.479492 6002113 13 1 189 45314
1 0.5762256 0.2893137 0.9113798 1 25.82013 1.146379 6002113 13 1 1.937281 1.051816 6002113 13 1 47 11170
1 1.056557 1.108524 0.9965968 0 22.71189 1.341555 6003113 13 0 141.3321 1.437659 6003113 13 1 48 11291
1 0.2304392 0.07526134 0.508429 1 38.23034 1.275791 6003113 13 1 40.23156 1.244996 6003113 13 1 183 43758
1 1.194803 1.137859 1.187115 1 24.46911 1.438732 6003113 13 1 64.26176 1.953736 6003113 13 1 198 47298
1 1.057513 1.112379 0.9951048 1 10.79698 2.454547 6002113 13 1 26.72017 1.219432 6002113 13 1 198 47366
1 0.5380682 0.2637946 0.8676014 1 121.8668 1.069424 6003113 13 1 37.43813 1.70859 6003113 13 1 275 65777
1 0.5380682 0.2637946 0.8676014 1 121.8668 1.069424 6003113 13 1 37.43813 1.70859 6003113 13 1 275 65777
1 1.109295 1.155893 1.053631 1 115.4442 1.060102 6003113 13 1 62.72896 1.500896 6003113 13 1 277 66252
1 1.058012 1.115802 0.9930252 1 8.661824 1.35287 6003113 13 1 30.99808 1.073339 6003113 13 1 277 66456
1 1.26516 1.422013 1.117256 1 23.37459 1.254431 6002113 13 1 20.2375 1.04091 6002113 13 1 305 73130
1 1.151918 0.9752633 1.225726 1 16.6093 1.906836 6002113 13 1 1.454479 1.076394 6002113 13 1 306 73339
1 1.194803 1.137859 1.187115 1 49.99137 1.044249 6003113 13 1 9.541113 1.183534 6003113 13 1 303 72581
1 1.176288 1.010978 1.239274 1 32.80208 1.210842 6003113 13 0 6.610498 1.130502 6003113 13 1 315 75492
1 1.099519 1.139476 1.051563 1 9.021909 1.070239 6003113 13 1 48.64249 1.179282 6003113 13 1 320 76568
1 1.031225 1.102163 0.9526981 1 55.12142 1.29443 6003113 13 1 17.15955 1.526555 6003113 13 1 320 76746
1 1.217313 1.182622 1.199648 1 45.19395 1.407083 6003113 13 1 164.5588 2.955869 6003113 13 1 324 77738
1 1.033406 1.101364 0.958024 1 123.3872 1.33615 6003113 13 1 9.931107 1.428427 6003113 13 1 343 82177
1 1.46424 1.680344 1.235249 1 93.24733 1.329651 6003113 13 0 37.23944 2.741666 6003113 13 1 329 78799
1 1.063672 0.7860307 1.245813 0 24.24015 1.909227 6002113 13 1 18.6997 2.269971 6002113 13 1 331 79238
1 0.3355998 0.123277 0.6770892 1 60.02176 1.044208 6003113 13 1 24.81448 1.338967 6003113 13 1 345 82715
1 1.761918 2.058838 1.43754 1 28.3558 1.293906 6003113 13 1 101.6294 1.055607 6003113 13 1 353 84494
1 1.645109 2.1548 1.183545 0 203.6411 1.186941 6003113 13 1 50.38034 1.066957 6003113 13 1 355 85049
1 1.524498 1.73059 1.317664 1 77.11026 1.158469 6003113 13 1 100.2105 1.814678 6003113 13 1 365 87513
1 1.227292 1.202911 1.205555 1 83.85861 1.05566 6003113 13 1 98.31126 1.227128 6003113 13 1 356 85354
1 1.095596 1.133769 1.050051 1 84.66108 1.042386 6003113 13 1 9.47838 1.061315 6003113 13 1 356 85420
1 1.036252 1.095703 0.9699052 1 107.5124 1.095974 6003113 13 1 46.45965 2.145615 6003113 13 1 360 86389
1 1.142868 1.177299 1.103399 1 89.81447 1.351298 6003113 13 1 91.28726 1.46567 6003113 13 1 50 11935
1 1.112575 1.233052 0.9981722 0 208.94 1.129071 6003113 13 1 73.46896 1.087305 6003113 13 1 50 11954
1 0.01785031 0.00275673 0.0833977 1 31.99808 1.186949 6003113 13 1 30.95848 1.697023 6003113 13 1 75 17768
1 0.01785031 0.00275673 0.0833977 1 31.99808 1.186949 6003113 13 1 30.95848 1.697023 6003113 13 1 75 17768
1 1.866054 2.331325 1.3979 1 24.48616 1.537945 6003113 13 1 41.50293 1.122615 6003113 13 1 75 17947
1 1.109295 1.155893 1.053631 1 74.40332 1.178761 6003113 13 1 0.5655875 1.28036 6003113 13 1 81 19398
1 1.645109 2.1548 1.183545 1 53.29884 1.166322 6003113 13 0 228.0562 1.245212 6003113 13 1 169 40429
1 1.099696 0.9023142 1.195627 1 43.32917 1.084861 6003113 13 0 30.8983 1.263003 6003113 13 1 63 15109
1 1.152501 1.258655 1.04415 1 23.86159 1.060627 6002113 13 1 4.408668 1.180522 6002113 13 1 89 21123
1 1.176288 1.010978 1.239274 0 60.77208 2.322231 6003113 13 1 66.93184 1.313562 6003113 13 1 90 21536
1 1.063672 0.7860307 1.245813 1 15.48175 3.305549 6002113 13 1 12.47448 1.068769 6002113 13 1 118 28183
1 0.006131473 0.0009213082 0.03465866 1 75.88535 1.113961 6003113 13 1 39.48527 1.717918 6003113 13 1 119 28477
1 1.20651 1.16088 1.193521 1 35.04893 1.05122 6003113 13 1 44.90768 1.05331 6003113 13 1 191 45677
1 1.114777 0.884905 1.24054 0 239.6579 2.538829 6003113 13 1 75.07191 1.259764 6003113 13 1 191 45713
1 1.152971 1.190243 1.109341 0 2.036138 1.238402 6003113 13 1 32.50283 1.116482 6003113 13 1 170 40798
1 1.134034 1.248093 1.022271 1 9.011971 1.127125 6002113 13 1 33.80195 1.418933 6002113 13 1 203 48482
1 1.048997 1.136673 0.9559695 0 130.8223 4.262268 6003113 13 1 41.48354 1.170702 6003113 13 1 203 48551
1 0.1707681 0.04642279 0.4356818 1 23.41607 1.472157 6002113 13 1 53.77628 1.16079 6002113 13 1 226 54054
1 1.194803 1.137859 1.187115 0 61.48345 2.077489 6003113 13 1 24.36416 1.127858 6003113 13 1 258 61798
1 1.033406 1.101364 0.958024 1 61.32028 1.045305 6002113 13 1 1.361281 2.298357 6002113 13 1 261 62409
1 1.641128 1.972201 1.285192 0 117.8942 14.76943 6003113 13 1 35.22853 2.857734 6003113 13 1 261 62445
1 1.176288 1.010978 1.239274 1 26.7854 2.461288 6002113 13 1 26.76819 1.178948 6002113 13 1 285 68257
1 1.227292 1.202911 1.205555 1 93.73894 1.064407 6003113 13 1 46.22179 1.199 6003113 13 1 299 71705
1 1.227292 1.202911 1.205555 1 93.73894 1.064407 6003113 13 1 46.22179 1.199 6003113 13 1 299 71705
1 1.550791 1.753763 1.352368 1 76.91847 1.193341 6003113 13 1 25.06577 1.011457 6003113 13 1 299 71710
1 1.031225 1.102163 0.9526981 1 50.13228 1.594197 6003113 13 1 21.90399 1.074486 6003113 13 1 309 74136
1 1.298986 1.452146 1.156092 1 20.02635 1.047613 6002113 13 1 4.650818 1.062076 6002113 13 1 366 87721
1 1.050919 0.8056091 1.198818 1 102.8443 1.127817 6003113 13 0 39.64516 4.838125 6003113 13 1 373 89486
1 1.179161 1.206147 1.144075 1 20.95941 1.072166 6002113 13 1 1.631024 1.105404 6002113 13 1 377 90247
1 1.157728 1.196465 1.111764 1 78.07875 1.370713 6003113 13 1 38.31008 1.07612 6003113 13 1 377 90381
1 1.191782 1.185832 1.16486 1 192.3537 1.24675 6003113 13 1 29.40784 3.145513 6003113 13 1 5 1095
1 1.033406 1.101364 0.958024 0 338.3765 1.075069 6003113 13 1 44.89582 1.070872 6003113 13 1 4 820
1 1.190567 1.223018 1.152597 1 145.3463 1.604793 6003113 13 0 78.55722 9.340837 6003113 13 1 4 875
1 1.174602 1.053046 1.204645 0 1.487959 3.786773 6003113 13 1 195.5338 1.228033 6003113 13 1 4 898
1 1.1849 1.214892 1.148506 1 41.99333 1.126613 6003113 13 1 66.30101 2.439987 6003113 13 1 51 12087
1 1.289688 1.878288 0.892531 0 228.6027 1.465404 6003113 13 1 68.68477 1.131088 6003113 13 1 56 13429
1 1.194803 1.137859 1.187115 1 49.2212 1.620275 6003113 13 1 80.17769 1.147605 6003113 13 1 115 27420
1 1.167323 1.186361 1.134647 1 32.20459 1.481193 6003113 13 1 90.98497 2.066873 6003113 13 1 115 27438
1 1.167323 1.186361 1.134647 1 32.20459 1.481193 6003113 13 1 90.98497 2.066873 6003113 13 1 115 27438
1 0.7268606 1.122648 0.4611204 1 20.68291 1.40169 6003113 13 1 32.70354 1.136182 6003113 13 1 172 41073
1 1.10316 1.145079 1.05266 0 147.0771 2.509822 6003113 13 1 36.38513 1.128223 6003113 13 1 172 41169
1 1.036252 1.095703 0.9699052 1 17.57648 1.073577 6003113 13 0 224.3903 2.080988 6003113 13 1 230 55080
1 1.645109 2.1548 1.183545 1 18.81889 1.068799 6002113 13 1 25.66064 1.611635 6002113 13 1 246 58863
1 1.048836 1.548763 0.7254791 1 45.76949 1.045248 6003113 13 1 50.57594 1.0558 6003113 13 1 247 59092
1 0.7055845 0.3974356 1.016366 1 54.67269 1.075471 6002113 13 1 0.2647821 1.049118 6002113 13 1 263 63014
1 1.106427 1.150534 1.053346 1 27.02155 1.151944 6002113 13 1 15.89975 1.1105 6002113 13 1 266 63762
1 1.192805 1.083559 1.213989 1 11.16488 1.498464 6002113 13 1 39.57888 1.062564 6002113 13 1 273 65331
1 0.9894024 0.7036328 1.19152 1 38.32861 1.386945 6003113 13 1 1.519375 1.163598 6003113 13 1 369 88477
1 1.190567 1.223018 1.152597 1 39.44169 1.214391 6003113 13 1 108.7606 1.054999 6003113 13 1 368 88219
1 1.147959 1.183877 1.106546 1 68.67165 2.264608 6003113 13 1 147.9345 1.096987 6003113 13 1 372 89273
1 1.137649 1.170432 1.099925 1 14.58034 1.543491 6002113 13 1 44.27786 1.062297 6002113 13 1 370 88770
1 1.641128 1.972201 1.285192 1 22.14466 1.615183 6003113 13 1 44.87415 1.0648 6003113 13 1 388 93112
1 1.46424 1.680344 1.235249 0 393.639 1.878762 6003113 13 1 81.56779 1.086683 6003113 13 1 408 97826
1 1.10316 1.145079 1.05266 1 47.90598 1.331723 6003113 13 1 188.53 2.009257 6003113 13 1 412 98669
1 1.017868 0.7662661 1.176325 1 47.09301 1.137969 6003113 13 0 132.2022 4.346026 6003113 13 1 13 2951
1 1.152971 1.190243 1.109341 0 466.3658 1.055131 6003113 13 1 81.73986 1.071945 6003113 13 1 13 3000
1 1.645109 2.1548 1.183545 1 45.79041 1.349755 6003113 13 1 7.681648 3.012202 6003113 13 1 104 24828
1 1.056557 1.108524 0.9965968 0 174.1329 1.06241 6003113 13 1 18.29037 1.128024 6003113 13 1 150 35966
1 1.137649 1.170432 1.099925 1 48.80342 1.06161 6003113 13 1 40.08415 1.362217 6003113 13 1 197 47219
1 1.031225 1.102163 0.9526981 0 31.32877 1.124746 6002113 13 1 5.286287 1.890188 6002113 13 1 200 47804
1 1.282494 1.437562 1.137462 1 3.537749 1.865181 6002113 13 1 17.30039 2.718608 6002113 13 1 211 50474
1 0.6998869 0.3767799 1.045889 0 177.7784 3.878197 6003113 13 1 35.70734 1.388331 6003113 13 1 240 57447
1 1.083255 0.8452013 1.220206 1 76.82233 1.337079 6003113 13 1 60.56996 1.089747 6003113 13 1 156 37244
1 0.4094664 0.1680855 0.7591912 1 44.95422 1.054322 6003113 13 1 37.36515 1.054245 6003113 13 1 156 37284
1 1.026751 0.7444853 1.219196 1 73.78031 1.061901 6003113 13 0 281.1424 1.17267 6003113 13 1 157 37479
1 1.173319 1.196671 1.139395 1 32.10791 2.829363 6002113 13 0 22.71391 1.079596 6002113 13 1 157 37659
1 0.8748782 0.5617447 1.136825 1 39.55246 1.687262 6002113 13 1 3.358396 1.252072 6002113 13 1 157 37670
1 1.143675 1.253919 1.033471 1 132.0894 2.691247 6003113 13 1 56.66114 1.276569 6003113 13 1 164 39194
1 1.167323 1.186361 1.134647 1 43.44831 1.328295 6003113 13 1 23.55504 1.185828 6003113 13 1 164 39240
1 1.217313 1.182622 1.199648 1 93.67808 1.228732 6003113 13 1 34.72218 1.765476 6003113 13 1 175 41768
1 1.0427 1.134261 0.9473373 0 223.9142 3.438835 6003113 13 1 54.32686 1.13853 6003113 13 1 175 41882
1 1.058012 1.115802 0.9930252 1 2.906201 1.135065 6002113 13 1 45.29313 1.186688 6002113 13 1 199 47576
1 0.9219857 1.364073 0.6240806 1 2.101445 1.33727 6002113 13 1 27.14985 1.075347 6002113 13 1 217 51983
1 0.4903168 0.2233237 0.8385035 1 88.01279 1.797795 6003113 13 1 65.51426 1.27017 6003113 13 1 219 52484
1 1.152971 1.190243 1.109341 1 33.23099 1.141022 6002113 13 1 63.71124 1.202646 6002113 13 1 222 53120
1 0.7934737 0.4881172 1.065644 1 21.58632 1.420255 6002113 13 1 10.93853 1.179094 6002113 13 1 228 54484
1 1.812285 2.096335 1.505211 1 58.98354 1.219229 6003113 13 1 13.30391 1.17246 6003113 13 1 253 60576
1 0.008972122 0.001331868 0.04754584 1 27.35107 1.093002 6003113 13 1 15.15652 1.932079 6003113 13 1 253 60657
1 0.1014541 0.02299071 0.3029553 1 69.83607 1.351158 6003113 13 1 34.4924 1.088553 6003113 13 1 253 60696
1 1.048997 1.136673 0.9559695 1 9.755813 1.28711 6002113 13 1 21.40149 1.065085 6002113 13 1 257 61503
1 1.054444 1.13827 0.9640688 1 17.69522 1.095559 6003113 13 1 23.48416 1.232441 6003113 13 1 257 61520
1 1.059052 1.139164 0.9715886 1 134.6868 1.129771 6003113 13 1 26.1804 1.480847 6003113 13 1 288 69075
1 1.059052 1.139164 0.9715886 1 134.6868 1.129771 6003113 13 1 26.1804 1.480847 6003113 13 1 288 69075
1 1.179161 1.206147 1.144075 1 36.40025 1.849501 6003113 13 1 33.24007 1.249842 6003113 13 1 296 70946
1 1.179161 1.206147 1.144075 1 36.40025 1.849501 6003113 13 1 33.24007 1.249842 6003113 13 1 296 70946
1 1.026751 0.7444853 1.219196 1 39.00285 1.172871 6003113 13 1 106.9425 1.550033 6003113 13 1 296 71032
1 1.152971 1.190243 1.109341 1 38.37482 1.276018 6002113 13 1 21.66384 1.215333 6002113 13 1 379 90957
1 0.2208223 0.06788179 0.510611 0 68.85145 3.633094 6003113 13 1 52.41847 1.049238 6003113 13 1 367 87930
1 1.26516 1.422013 1.117256 1 35.50533 1.403051 6002113 13 1 20.86033 1.138676 6002113 13 1 371 88820
1 1.033406 1.101364 0.958024 1 68.37831 1.254589 6003113 13 0 334.7521 1.043589 6003113 13 1 106 25219
1 1.192805 1.083559 1.213989 0 161.3932 1.067967 6003113 13 1 84.26981 1.934883 6003113 13 1 106 25224
