1 0.6998869 0.3767799 1.045889 1 43.11405 1.909284 6003113 13 1 46.19234 1.132859 6003113 13 1 169 40340
1 1.031225 1.102163 0.9526981 1 27.47384 1.007997 6003113 13 0 127.6976 2.260402 6003113 13 1 174 41637
1 1.056557 1.108524 0.9965968 1 3.848995 1.037964 6003113 13 1 36.69191 2.013783 6003113 13 1 220 52692
1 1.199401 1.201198 1.170168 1 22.05971 1.970549 6003113 13 0 106.372 1.618383 6003113 13 1 240 57525
1 1.123647 1.241142 1.010512 1 23.64105 1.011409 6003113 13 0 22.09053 3.309303 6003113 13 1 248 59324
1 1.0427 1.134261 0.9473373 1 27.6292 1.032194 6003113 13 0 23.46975 19.03576 6003113 13 1 247 59078
1 1.033406 1.101364 0.958024 1 18.70718 2.265871 6003113 13 1 43.56416 1.081288 6003113 13 1 250 59979
1 1.329532 1.478061 1.189894 1 29.90688 1.022335 6003113 13 1 3.520297 1.234827 6003113 13 1 378 90625
1 0.9574994 0.6410515 1.205563 0 22.00811 3.466874 6003113 13 1 34.86253 1.169143 6003113 13 1 417 99905
1 1.062846 1.139449 0.9784784 1 24.76817 2.021734 6003113 13 1 11.30016 3.111163 6003113 13 1 56 13228
1 1.112575 1.233052 0.9981722 0 13.86436 5.167181 6003113 13 1 63.78671 1.259518 6003113 13 1 56 13282
1 1.1849 1.214892 1.148506 1 20.90238 2.425182 6003113 13 1 9.854181 1.16725 6003113 13 1 303 72640
1 1.058012 1.115802 0.9930252 1 31.49567 1.017621 6003113 13 0 39.07234 8.519316 6003113 13 1 287 68849
1 1.062846 1.139449 0.9784784 1 9.875453 1.773802 6003113 13 1 20.4576 1.441647 6003113 13 1 36 8608
1 0.5292084 0.8493549 0.3262614 0 69.66727 1.022763 6003113 13 1 24.2366 1.007504 6003113 13 1 314 75159
1 1.526225 2.04983 1.080738 1 14.47167 1.016971 6002113 13 1 4.578182 1.726433 6002113 13 1 345 82621
1 1.225386 1.141194 1.230719 1 22.71299 1.292419 6003113 13 1 29.97652 1.044412 6003113 13 1 396 95000
1 1.048997 1.136673 0.9559695 1 23.20228 1.038595 6003113 13 1 38.67423 1.949673 6003113 13 1 402 96458
1 0.08964617 0.01972916 0.2750357 1 34.60216 2.248553 6003113 13 1 25.44636 1.310165 6003113 13 1 333 79703
1 1.031225 1.102163 0.9526981 1 29.96915 2.578462 6003113 13 1 14.40655 2.5751 6003113 13 1 87 20751
1 1.282494 1.437562 1.137462 1 5.422212 1.140651 6003113 13 1 28.44146 1.006055 6003113 13 1 94 22486
1 1.083255 0.8452013 1.220206 0 71.41965 7.630422 6003113 13 1 62.00871 1.179317 6003113 13 1 138 33070
1 1.26516 1.422013 1.117256 1 54.63427 1.727393 6003113 13 1 6.320252 3.488791 6003113 13 1 337 80685
1 1.112575 1.233052 0.9981722 1 1.185179 1.116015 6003113 13 1 32.1433 2.381824 6003113 13 1 393 94303
1 1.109295 1.155893 1.053631 1 7.614952 1.618642 6003113 13 1 22.10529 1.150857 6003113 13 1 406 97401
1 0.8383967 1.273376 0.5409222 1 28.19894 1.22335 6003113 13 1 11.69247 1.006985 6003113 13 1 103 24535
1 0.5292084 0.8493549 0.3262614 1 36.51411 1.847875 6003113 13 1 40.97757 1.064339 6003113 13 1 179 42893
1 1.099519 1.139476 1.051563 0 49.62283 2.26336 6003113 13 1 6.688619 1.457999 6003113 13 1 363 86965
1 0.8332192 0.5015442 1.138243 1 14.10616 1.130695 6002113 13 1 6.834256 1.017213 6002113 13 1 338 80990
1 1.1849 1.214892 1.148506 1 34.69054 3.116509 6003113 13 1 38.73563 1.107028 6003113 13 1 348 83518
