1 0.1786235 0.3910689 0.1030457 1 33.07329 1.196436 6003113 13 1 11.2694 1.416833 6003113 11 1 11 2622
1 1.550791 1.753763 1.352368 1 45.52613 2.287545 6003113 13 1 77.0433 1.9236 6003113 11 1 126 30038
1 1.20651 1.16088 1.193521 1 22.15007 1.029298 6003113 11 1 19.38124 1.420262 6003113 13 1 227 54325
1 1.49586 1.706142 1.278772 1 15.88528 3.639114 6002113 13 0 4.867306 3.235822 6002113 11 1 247 59041
1 1.183608 1.169262 1.159476 0 17.0935 5.956695 6003113 11 1 39.32775 1.14246 6003113 13 1 247 59099
1 1.056557 1.108524 0.9965968 1 77.22853 2.223723 6003113 11 1 39.58904 1.796321 6003113 13 1 285 68325
1 1.209625 1.112975 1.222657 1 3.477094 2.566692 6003113 11 1 29.37493 1.79983 6003113 13 1 288 69067
1 1.179161 1.206147 1.144075 1 36.14735 1.083345 6003113 13 1 9.67764 1.290264 6003113 11 1 392 93844
1 1.053247 1.09991 0.9980844 1 17.01617 1.24701 6003113 11 1 30.99822 1.015284 6003113 13 1 319 76551
1 0.5380682 0.2637946 0.8676014 1 33.19513 1.014402 6003113 13 1 4.33061 2.330991 6003113 11 1 371 88849
1 1.109295 1.155893 1.053631 1 30.80902 1.27915 6003113 13 0 57.1995 1.680676 6003113 11 1 66 15667
1 1.03119 1.524041 0.7057037 1 72.25296 1.629891 6003113 11 1 34.34602 2.204998 6003113 13 1 163 39070
1 0.4442115 0.1872741 0.8068974 1 30.76415 2.191829 6003113 13 1 2.073808 1.13919 6003113 11 1 175 41977
1 1.062846 1.139449 0.9784784 1 27.05982 1.168042 6003113 11 1 23.69947 1.094129 6003113 13 1 179 42749
1 0.3920611 0.7237228 0.2037318 1 26.4264 2.132273 6003113 13 0 152.831 2.111056 6003113 11 1 255 61112
1 1.143675 1.253919 1.033471 1 26.1763 1.114991 6003113 13 0 63.77906 1.094729 6003113 11 1 374 89732
1 1.057513 1.112379 0.9951048 0 27.25664 2.126591 6003113 11 1 48.26723 2.23238 6003113 13 1 381 91276
1 0.6679293 1.172073 0.374902 1 40.47075 1.220235 6003113 13 0 21.18865 1.524654 6003113 11 1 416 99685
1 1.03119 1.524041 0.7057037 1 52.52581 1.126182 6003113 13 0 60.60021 5.483703 6003113 11 1 12 2654
1 1.167323 1.186361 1.134647 1 38.04884 1.928828 6003113 13 1 11.97408 1.447167 6003113 11 1 42 10072
1 1.137649 1.170432 1.099925 1 57.09354 1.900172 6003113 11 1 33.87863 1.885989 6003113 13 1 275 65889
1 1.167323 1.186361 1.134647 1 14.29684 1.067626 6003113 13 1 45.48571 1.250073 6003113 11 1 275 65946
1 0.9160994 0.6007248 1.171549 1 23.73089 1.231937 6003113 13 1 12.9547 1.233128 6003113 11 1 314 75167
1 1.183608 1.169262 1.159476 1 6.563268 2.031733 6003113 11 1 28.92715 1.019053 6003113 13 1 412 98666
1 0.3459568 0.1344595 0.6687537 1 40.03576 1.223235 6003113 13 0 139.9021 1.232115 6003113 11 1 89 21131
1 1.550791 1.753763 1.352368 0 28.26046 5.911947 6003113 11 1 28.6739 1.110364 6003113 13 1 123 29314
1 1.575265 1.775696 1.383444 1 26.9043 2.054078 6003113 13 1 1.888891 2.110026 6003113 11 1 155 36989
1 0.6235333 0.981489 0.3895437 1 0.6178817 1.699192 6003113 11 1 28.46607 1.007546 6003113 13 1 260 62272
1 0.8748782 0.5617447 1.136825 1 4.235607 1.262777 6003113 11 1 22.04838 1.062513 6003113 13 1 286 68459
1 1.152971 1.190243 1.109341 1 62.5572 2.028654 6003113 13 0 129.5618 2.480428 6003113 11 1 335 80170
1 1.179161 1.206147 1.144075 0 92.76094 1.014749 6003113 11 1 13.554 1.303264 6003113 13 1 352 84308
1 1.142868 1.177299 1.103399 1 16.62554 2.218405 6003113 13 0 43.14293 2.87833 6003113 11 1 352 84467
1 1.112575 1.233052 0.9981722 1 25.60863 1.927483 6003113 13 1 21.93012 1.00728 6003113 11 1 392 94024
1 1.314649 1.46568 1.173482 0 162.4693 1.009963 6003113 11 1 30.72895 1.219075 6003113 13 1 101 24052
1 1.048836 1.548763 0.7254791 1 28.84472 2.267276 6003113 11 1 18.79522 1.150293 6003113 13 1 112 26792
1 1.048997 1.136673 0.9559695 1 2.153886 2.225038 6003113 11 1 32.9076 1.370069 6003113 13 1 389 93287
1 1.75908 2.248522 1.290011 0 70.782 1.191273 6003113 11 1 21.43559 1.091635 6003113 13 1 408 97708
1 0.7934737 0.4881172 1.065644 1 28.31018 1.143247 6003113 13 0 1.04882 1.106608 6003113 11 1 1 161
1 0.8332192 0.5015442 1.138243 1 23.40049 1.015888 6003113 11 1 17.9613 1.089711 6003113 13 1 25 5793
1 1.199401 1.201198 1.170168 1 23.33915 1.122921 6003113 11 1 15.51643 1.260586 6003113 13 1 376 90218
1 1.20651 1.16088 1.193521 1 24.48238 2.003134 6003113 13 0 52.68149 4.226531 6003113 11 1 403 96655
1 1.056557 1.108524 0.9965968 0 47.73654 1.841348 6003113 11 1 24.35767 2.078861 6003113 13 1 7 1460
1 1.026751 0.7444853 1.219196 1 31.00968 1.100263 6003113 13 1 3.512922 1.003895 6003113 11 1 358 85827
1 1.109295 1.155893 1.053631 1 25.66639 2.33054 6003113 13 1 22.23577 1.021197 6003113 11 1 195 46634
1 1.282494 1.437562 1.137462 0 6.374646 1.435153 6003113 11 1 29.83263 1.108479 6003113 13 1 195 46726
1 1.123647 1.241142 1.010512 1 34.1963 1.02812 6003113 13 0 124.157 3.480275 6003113 11 1 276 66090
1 0.6342273 1.05356 0.3835326 1 35.77349 1.181314 6003113 13 0 6.875044 1.083154 6003113 11 1 340 81474
1 1.182032 1.113501 1.180358 1 29.94104 1.108031 6003113 11 1 35.55235 1.166996 6003113 13 1 359 86095
1 1.282494 1.437562 1.137462 0 57.87255 2.775574 6003113 11 1 37.28324 1.009074 6003113 13 1 391 93801
1 1.114777 0.884905 1.24054 1 1.083022 1.303629 6002113 11 1 10.87002 1.007041 6002113 13 1 134 31980
1 1.134034 1.248093 1.022271 1 53.87244 2.130031 6003113 13 0 6.604496 6.721169 6003113 11 1 146 34952
1 1.167323 1.186361 1.134647 1 34.58319 1.110428 6003113 13 1 10.15321 1.287817 6003113 11 1 146 35018
1 1.063672 0.7860307 1.245813 1 30.44447 1.179232 6003113 13 1 7.482058 2.536945 6003113 11 1 80 19124
1 0.5279956 0.2465533 0.8852676 0 187.6985 1.153192 6003113 11 1 43.48302 2.292837 6003113 13 1 318 76274
1 0.6235333 0.981489 0.3895437 0 79.80818 12.25074 6003113 11 1 44.40712 1.256078 6003113 13 1 203 48511
1 0.3459568 0.1344595 0.6687537 1 50.31924 1.208264 6003113 13 0 39.32965 5.250338 6003113 11 1 203 48715
1 1.054444 1.13827 0.9640688 1 42.90002 1.830239 6003113 11 1 25.77663 1.080074 6003113 13 1 267 63927
1 1.289688 1.878288 0.892531 0 62.09081 1.114813 6003113 11 1 30.23452 1.011907 6003113 13 1 310 74261
1 1.199401 1.201198 1.170168 1 30.13284 1.104886 6003113 13 0 49.82929 1.005919 6003113 11 1 331 79211
1 1.055133 1.104334 0.9975671 0 0.3599146 2.131376 6003113 11 1 11.7715 1.453166 6003113 13 1 367 88051
1 0.7934737 0.4881172 1.065644 1 18.53904 2.372123 6003113 11 1 40.2801 1.919553 6003113 13 1 386 92550
1 1.053247 1.09991 0.9980844 1 24.58952 2.199541 6003113 13 1 16.60838 1.416468 6003113 11 1 158 37743
1 1.095596 1.133769 1.050051 0 155.3384 3.23243 6003113 11 1 34.82662 1.21312 6003113 13 1 158 37831
1 1.314649 1.46568 1.173482 1 9.8885 1.187277 6002113 13 1 4.050971 2.748753 6002113 11 1 75 17826
1 1.176288 1.010978 1.239274 1 40.23274 1.190448 6003113 13 1 25.38021 1.815975 6003113 11 1 106 25422
