1 0.9160994 0.6007248 1.171549 1 64.48553 2.320444 6003113 13 0 139.2985 8.579764 6003113 13 1 81 19362
1 1.49586 1.706142 1.278772 1 567.6929 1.555202 6003113 13 1 102.6227 2.09259 6003113 13 1 82 19607
1 0.2208223 0.06788179 0.510611 1 33.0841 1.45447 6002113 13 1 54.05781 1.539173 6002113 13 1 167 39913
1 1.033406 1.101364 0.958024 1 37.48936 2.433154 6002113 13 1 99.0885 1.756814 6002113 13 1 168 40220
1 1.164201 1.711426 0.8059074 1 18.71994 1.592014 6002113 13 1 67.11552 1.550282 6002113 13 1 315 75538
1 1.191782 1.185832 1.16486 1 73.21226 1.534536 6003113 13 0 823.5717 1.652671 6003113 13 1 316 75800
1 1.056557 1.108524 0.9965968 1 76.72026 2.22009 6002113 13 1 58.31877 1.748561 6002113 13 1 316 75840
1 0.9219857 1.364073 0.6240806 1 18.72675 1.877693 6002113 13 1 61.96767 1.915944 6002113 13 1 322 77082
1 1.152971 1.190243 1.109341 1 214.4794 1.203083 6003113 13 1 18.49792 1.773208 6003113 13 1 322 77279
1 1.03119 1.524041 0.7057037 1 17.28006 2.450601 6002113 13 1 44.76919 2.390313 6002113 13 1 328 78514
1 1.058012 1.115802 0.9930252 1 36.84449 1.368419 6002113 13 1 85.6028 2.016681 6002113 13 1 353 84560
1 1.225386 1.141194 1.230719 1 242.1921 1.384021 6003113 13 1 50.94764 1.813797 6003113 13 1 353 84605
1 0.747205 0.4303799 1.057145 1 227.0458 2.521015 6003113 13 1 163.9436 1.714522 6003113 13 1 353 84610
1 1.035838 1.098122 0.9666125 1 33.00661 2.272479 6002113 13 1 8.275736 1.78085 6002113 13 1 359 86124
1 1.15499 1.021547 1.194574 1 11.4273 1.589478 6002113 13 1 78.00618 1.38809 6002113 13 1 360 86321
1 1.179161 1.206147 1.144075 1 146.7043 1.880419 6003113 13 1 359.0656 1.467548 6003113 13 1 360 86400
1 1.142868 1.177299 1.103399 1 431.7608 1.930493 6003113 13 1 57.57466 1.684928 6003113 13 1 363 86935
1 1.026751 0.7444853 1.219196 1 60.89254 1.774883 6002113 13 1 23.50849 3.040223 6002113 13 1 363 87119
1 1.026751 0.7444853 1.219196 1 60.89254 1.774883 6002113 13 1 23.50849 3.040223 6002113 13 1 363 87119
1 0.747205 0.4303799 1.057145 1 28.95609 1.893008 6002113 13 1 49.5038 1.564511 6002113 13 1 364 87156
1 1.114777 0.884905 1.24054 1 41.27454 1.652408 6002113 13 1 14.29835 1.686828 6002113 13 1 364 87322
1 0.06482654 0.01276116 0.2218368 1 44.23579 1.490061 6002113 13 1 54.89321 1.786934 6002113 13 1 367 87990
1 1.227292 1.202911 1.205555 1 61.30005 1.405648 6003113 13 1 50.15847 1.649972 6003113 13 1 367 88023
1 1.15499 1.021547 1.194574 1 126.4062 1.511756 6002113 13 1 15.55994 4.449641 6002113 13 1 371 88952
1 1.182032 1.113501 1.180358 1 1.762544 1.637346 6002113 13 1 103.8482 1.442886 6002113 13 1 392 93905
1 1.142868 1.177299 1.103399 1 33.37832 1.995668 6002113 13 1 58.7072 2.429783 6002113 13 1 21 4891
1 1.048997 1.136673 0.9559695 1 2.849138 1.651976 6002113 13 1 59.21982 1.521022 6002113 13 1 21 5033
1 1.866054 2.331325 1.3979 1 53.56512 1.445971 6003113 13 1 20.93156 1.423648 6003113 13 1 22 5243
1 1.225386 1.141194 1.230719 1 136.7099 1.340302 6003113 13 1 100.499 1.810783 6003113 13 1 25 5782
1 1.057513 1.112379 0.9951048 1 34.06754 3.752174 6002113 13 1 58.36422 1.930109 6002113 13 1 25 5915
1 1.057513 1.112379 0.9951048 1 34.06754 3.752174 6002113 13 1 58.36422 1.930109 6002113 13 1 25 5915
1 1.167323 1.186361 1.134647 1 93.49273 1.640588 6002113 13 1 22.87089 1.456826 6002113 13 1 26 6131
1 1.26516 1.422013 1.117256 0 798.4072 4.205216 6003113 13 1 208.9733 1.982248 6003113 13 1 58 13728
1 1.10316 1.145079 1.05266 1 99.5379 3.016918 6002113 13 1 13.60422 1.903864 6002113 13 1 71 17033
1 1.112575 1.233052 0.9981722 1 22.03492 1.914826 6002113 13 1 107.3173 1.9334 6002113 13 1 72 17244
1 1.035838 1.098122 0.9666125 1 133.9173 1.279825 6003113 13 0 22.93156 1.70093 6003113 13 1 239 57162
1 0.9138955 0.6245104 1.1333 1 378.8981 1.770062 6003113 13 1 80.4765 3.78741 6003113 13 1 94 22354
1 1.058012 1.115802 0.9930252 1 57.31202 3.094623 6003113 13 1 14.806 2.500793 6003113 13 1 103 24599
1 0.0400028 0.006971349 0.1567229 1 2.499573 1.886114 6002113 13 1 53.8288 1.937484 6002113 13 1 119 28537
1 1.179161 1.206147 1.144075 1 49.66587 1.519302 6002113 13 1 1.63142 1.434755 6002113 13 1 133 31825
1 1.176288 1.010978 1.239274 1 5.182448 1.497243 6003113 13 1 97.76849 1.517383 6003113 13 1 135 32370
1 1.298986 1.452146 1.156092 1 340.1591 1.437482 6003113 13 1 7.776392 1.432425 6003113 13 1 136 32570
1 1.164201 1.711426 0.8059074 1 130.7111 1.774136 6003113 13 0 98.91233 1.706702 6003113 13 1 136 32571
1 1.112575 1.233052 0.9981722 1 90.1468 2.248618 6002113 13 1 33.35195 1.950483 6002113 13 1 136 32591
1 1.112575 1.233052 0.9981722 0 30.14737 1.811366 6002113 13 1 2.002978 1.287279 6002113 13 1 145 34698
1 1.526225 2.04983 1.080738 1 72.55272 1.837371 6002113 13 1 4.374674 1.525657 6002113 13 1 146 34816
1 1.017868 0.7662661 1.176325 1 38.61913 1.439289 6003113 13 1 41.46301 1.371604 6003113 13 1 155 37083
1 1.314649 1.46568 1.173482 1 77.56024 4.152082 6002113 13 1 60.63457 1.967563 6002113 13 1 157 37518
1 1.209625 1.112975 1.222657 1 159.2293 1.578756 6003113 13 1 41.06584 1.840571 6003113 13 1 157 37609
1 1.550791 1.753763 1.352368 1 6.958844 2.944073 6002113 13 1 65.94317 1.253357 6002113 13 1 163 39013
1 1.866054 2.331325 1.3979 0 666.8835 1.512137 6003113 13 1 63.69469 1.433384 6003113 13 1 164 39263
1 1.298986 1.452146 1.156092 1 17.35841 1.410617 6002113 13 1 43.93848 1.377099 6002113 13 1 171 40860
1 1.026751 0.7444853 1.219196 1 65.50465 2.719467 6003113 13 0 12.34893 6.402383 6003113 13 1 171 40909
1 1.034916 1.100018 0.9626585 1 163.3146 1.463122 6003113 13 1 138.3699 1.51433 6003113 13 1 171 40917
1 1.182032 1.113501 1.180358 1 56.92575 1.632252 6003113 13 0 1468.547 1.571751 6003113 13 1 172 41244
1 1.106427 1.150534 1.053346 1 57.58275 1.677524 6003113 13 1 28.98948 2.210209 6003113 13 1 172 41257
1 0.9574994 0.6410515 1.205563 1 17.19644 1.54325 6002113 13 1 59.93174 1.758838 6002113 13 1 172 41266
1 1.15499 1.021547 1.194574 1 1.343576 1.537762 6002113 13 1 24.58072 1.417972 6002113 13 1 173 41466
1 1.151918 0.9752633 1.225726 1 146.5292 2.032626 6003113 13 1 28.31358 4.743135 6003113 13 1 174 41700
1 0.4903168 0.2233237 0.8385035 1 63.73643 1.76573 6002113 13 1 24.47405 1.496346 6002113 13 1 207 49510
1 1.75908 2.248522 1.290011 0 72.97221 3.050646 6002113 13 1 52.62445 1.166614 6002113 13 1 207 49570
1 1.179161 1.206147 1.144075 1 68.11866 3.587207 6003113 13 1 50.43021 4.196149 6003113 13 1 207 49584
1 1.183608 1.169262 1.159476 1 22.67842 1.605675 6003113 13 1 156.4143 1.335874 6003113 13 1 207 49621
1 0.4269872 0.7264097 0.2541938 1 61.0433 1.521763 6002113 13 1 81.58211 2.084222 6002113 13 1 79 18856
1 1.15499 1.021547 1.194574 1 71.64211 2.467676 6003113 13 1 174.4163 1.983455 6003113 13 1 79 18950
1 1.123647 1.241142 1.010512 1 82.93539 1.481876 6002113 13 1 19.98094 1.41508 6002113 13 1 85 20268
1 1.157728 1.196465 1.111764 1 35.41085 3.383284 6002113 13 1 15.54308 1.626511 6002113 13 1 86 20534
1 1.048997 1.136673 0.9559695 1 68.23635 1.678723 6003113 13 1 135.1079 1.29629 6003113 13 1 86 20627
1 1.112575 1.233052 0.9981722 1 170.0202 4.364653 6003113 13 1 124.8475 2.045216 6003113 13 1 87 20788
1 1.152501 1.258655 1.04415 1 374.9243 1.455666 6003113 13 1 157.9841 1.387739 6003113 13 1 87 20866
1 0.7934737 0.4881172 1.065644 0 12.57439 3.428145 6003113 13 1 149.1635 1.752833 6003113 13 1 88 21014
1 1.199401 1.201198 1.170168 1 86.59169 3.109907 6003113 13 1 50.15118 1.974331 6003113 13 1 107 25631
1 1.812285 2.096335 1.505211 1 20.2173 2.205518 6002113 13 1 74.17916 1.595101 6002113 13 1 118 28115
1 1.575265 1.775696 1.383444 1 7.500093 1.789373 6002113 13 1 29.81747 2.038224 6002113 13 1 118 28227
1 1.083255 0.8452013 1.220206 1 32.90157 1.473047 6002113 13 1 21.8343 1.450305 6002113 13 1 131 31366
1 0.8339615 0.5241884 1.101491 1 38.12427 2.612676 6002113 13 1 72.11855 1.611619 6002113 13 1 137 32833
1 0.4442115 0.1872741 0.8068974 1 93.67007 3.605106 6002113 13 1 33.34655 1.851659 6002113 13 1 138 32958
1 0.02402195 0.003812468 0.1069883 1 77.68307 4.050697 6002113 13 1 37.10939 3.005852 6002113 13 1 140 33493
1 1.062846 1.139449 0.9784784 1 48.87394 2.07691 6003113 13 0 1007.417 1.486772 6003113 13 1 274 65733
1 1.036252 1.095703 0.9699052 1 36.9899 1.764277 6003113 13 1 39.93794 1.909947 6003113 13 1 276 66149
1 0.1214868 0.03012302 0.3349064 1 33.43583 3.186512 6002113 13 1 209.4088 2.240259 6002113 13 1 293 70309
1 1.0427 1.134261 0.9473373 1 84.85618 1.546701 6002113 13 1 48.28453 1.567095 6002113 13 1 294 70321
1 0.9517445 0.6636014 1.162862 1 78.25455 1.723511 6002113 13 1 21.01173 1.612417 6002113 13 1 294 70435
1 1.099696 0.9023142 1.195627 1 24.21084 1.727587 6002113 13 1 43.37585 1.217209 6002113 13 1 299 71672
1 1.137649 1.170432 1.099925 1 141.5265 1.673154 6002113 13 0 4.382802 3.593141 6002113 13 1 299 71680
1 1.036252 1.095703 0.9699052 1 44.45303 1.718247 6002113 13 1 85.0802 1.488676 6002113 13 1 300 71879
1 0.5226254 0.8798594 0.3137767 1 0.9215173 2.072808 6002113 13 1 45.96095 2.314035 6002113 13 1 331 79254
1 0.4094664 0.1680855 0.7591912 1 27.55829 1.381122 6003113 13 1 132.3788 1.455279 6003113 13 1 332 79524
1 0.8748782 0.5617447 1.136825 0 987.5574 2.089731 6003113 13 1 83.43172 1.465111 6003113 13 1 332 79641
1 1.054444 1.13827 0.9640688 1 80.26523 1.395272 6002113 13 0 2.658826 1.446567 6002113 13 1 341 81655
1 1.157728 1.196465 1.111764 1 4.483068 1.492461 6003113 13 1 41.72932 2.860935 6003113 13 1 341 81772
1 1.059052 1.139164 0.9715886 1 80.16242 2.0913 6003113 13 1 177.3031 2.044686 6003113 13 1 342 81912
1 1.179161 1.206147 1.144075 1 44.34029 1.354528 6002113 13 1 62.02077 4.704967 6002113 13 1 343 82262
1 1.213336 1.227995 1.180605 1 143.3591 1.666399 6003113 13 1 157.7346 3.155079 6003113 13 1 343 82296
1 1.123647 1.241142 1.010512 1 68.73192 1.600652 6003113 13 1 161.13 1.830597 6003113 13 1 344 82380
1 1.524498 1.73059 1.317664 1 17.03313 1.723194 6002113 13 1 41.24115 1.419378 6002113 13 1 347 83112
1 1.063672 0.7860307 1.245813 1 4.954401 1.606735 6002113 13 1 28.21603 1.854996 6002113 13 1 347 83173
1 0.1080031 0.02598027 0.3057024 1 127.1684 2.01553 6003113 13 1 105.5881 2.4638 6003113 13 1 348 83416
1 0.747205 0.4303799 1.057145 1 135.2953 1.809624 6002113 13 1 9.014418 2.698832 6002113 13 1 152 36435
1 0.1707681 0.04642279 0.4356818 1 51.76198 1.419716 6003113 13 1 0.3794909 1.830187 6003113 13 1 153 36634
1 1.329532 1.478061 1.189894 0 813.451 1.738645 6003113 13 1 112.3301 1.488255 6003113 13 1 153 36648
1 0.665028 0.3662483 0.9755856 1 13.75894 1.793412 6002113 13 1 36.0658 2.188724 6002113 13 1 219 52346
1 1.099519 1.139476 1.051563 1 25.04159 1.973629 6002113 13 1 46.3304 1.665434 6002113 13 1 220 52643
1 1.761918 2.058838 1.43754 1 7.669519 2.579648 6002113 13 1 67.56006 2.59805 6002113 13 1 255 61031
1 1.10316 1.145079 1.05266 1 476.1227 1.84896 6003113 13 0 159.7403 3.201958 6003113 13 1 256 61237
1 0.1610681 0.04515641 0.4007308 1 51.47706 1.425659 6002113 13 1 2.470368 1.414498 6002113 13 1 348 83486
1 1.167323 1.186361 1.134647 1 23.47318 1.469763 6002113 13 1 32.30692 1.514956 6002113 13 1 302 72435
1 1.20651 1.16088 1.193521 0 6.934941 13.71059 6003113 13 1 68.03871 1.849828 6003113 13 1 320 76794
1 1.866054 2.331325 1.3979 1 36.46317 2.429369 6002113 13 1 12.57354 1.689382 6002113 13 1 323 77323
1 0.02605346 0.004275305 0.110374 1 88.32104 1.651204 6002113 13 0 3.047248 6.839931 6002113 13 1 324 77688
1 0.9574994 0.6410515 1.205563 1 179.5493 1.518115 6003113 13 1 136.047 1.715906 6003113 13 1 337 80738
1 1.206555 1.21522 1.17542 0 512.8151 1.47713 6003113 13 1 119.1457 1.403474 6003113 13 1 338 80906
1 1.575265 1.775696 1.383444 1 54.94563 1.45483 6002113 13 1 72.60942 1.414042 6002113 13 1 338 81111
1 1.575265 1.775696 1.383444 1 54.94563 1.45483 6002113 13 1 72.60942 1.414042 6002113 13 1 338 81111
1 1.182032 1.113501 1.180358 1 55.44282 1.327693 6003113 13 0 958.2679 1.998315 6003113 13 1 358 85848
1 1.641128 1.972201 1.285192 1 31.67894 2.572518 6002113 13 1 40.9827 5.520573 6002113 13 1 1 9
1 1.157728 1.196465 1.111764 1 3.019301 1.40544 6002113 13 1 92.23013 1.472689 6002113 13 1 35 8219
1 1.062846 1.139449 0.9784784 1 46.54121 2.935527 6003113 13 0 79.55402 2.143897 6003113 13 1 159 38023
1 1.143675 1.253919 1.033471 1 70.22784 1.314878 6002113 13 1 10.75623 3.654346 6002113 13 1 169 40484
1 1.036252 1.095703 0.9699052 1 117.809 1.590737 6003113 13 1 88.33774 1.436752 6003113 13 1 169 40489
1 1.641128 1.972201 1.285192 1 30.94929 2.145271 6002113 13 1 61.20816 2.020781 6002113 13 1 261 62572
1 1.194803 1.137859 1.187115 1 121.3109 1.661458 6003113 13 1 2.371492 1.964542 6003113 13 1 262 62695
1 0.3170899 0.1198369 0.6261138 1 142.4025 1.85977 6003113 13 1 44.864 1.552937 6003113 13 1 262 62758
1 1.314649 1.46568 1.173482 1 51.69186 4.595049 6002113 13 0 12.80265 15.86905 6002113 13 1 303 72538
1 1.550791 1.753763 1.352368 1 160.0315 1.923602 6003113 13 1 103.8183 2.021943 6003113 13 1 303 72662
1 1.036252 1.095703 0.9699052 1 60.87378 2.081041 6002113 13 1 36.09292 1.862081 6002113 13 1 304 72748
1 1.017868 0.7662661 1.176325 1 62.46296 1.746807 6002113 13 1 130.5257 1.964664 6002113 13 1 304 72854
1 0.02402195 0.003812468 0.1069883 1 48.81214 1.704335 6002113 13 1 34.06194 1.852331 6002113 13 1 333 79758
1 1.566869 2.206142 1.088645 1 59.79218 1.69098 6002113 13 1 114.1474 2.37134 6002113 13 1 333 79773
1 0.4903168 0.2233237 0.8385035 1 84.92012 1.498002 6003113 13 1 108.9042 1.86588 6003113 13 1 334 80105
1 0.6571895 0.3457574 1.000641 1 94.39696 2.504001 6002113 13 1 17.87575 1.604564 6002113 13 1 365 87486
1 1.114777 0.884905 1.24054 1 21.76098 1.899706 6002113 13 0 35.04905 3.749633 6002113 13 1 366 87751
1 1.059052 1.139164 0.9715886 1 0.05404429 1.915567 6002113 13 1 45.38715 1.237201 6002113 13 1 369 88345
1 1.179161 1.206147 1.144075 1 3.51915 2.132605 6002113 13 1 59.77888 1.965944 6002113 13 1 369 88436
1 1.167323 1.186361 1.134647 1 28.00419 3.663035 6003113 13 1 206.1494 4.194939 6003113 13 1 369 88475
1 1.057513 1.112379 0.9951048 1 48.09857 2.476092 6002113 13 1 16.85497 2.297582 6002113 13 1 37 8814
1 1.147959 1.183877 1.106546 1 7.622644 1.418123 6002113 13 1 82.42545 1.432991 6002113 13 1 38 9104
1 1.49586 1.706142 1.278772 1 60.71672 2.13037 6002113 13 0 3.375341 3.460644 6002113 13 1 81 19228
1 1.036252 1.095703 0.9699052 1 140.9626 1.568613 6003113 13 1 31.70821 1.300073 6003113 13 1 240 57477
1 1.151918 0.9752633 1.225726 1 275.9598 1.531503 6003113 13 0 652.1943 2.370699 6003113 13 1 259 62073
1 1.058012 1.115802 0.9930252 1 35.87346 1.281473 6002113 13 0 5.987863 5.305873 6002113 13 1 260 62278
1 1.137649 1.170432 1.099925 0 1207.352 2.001059 6003113 13 1 64.38261 2.727518 6003113 13 1 260 62294
1 0.1991887 0.05938704 0.4717879 1 35.24121 1.737259 6002113 13 1 94.26871 1.896465 6002113 13 1 260 62300
1 0.005758415 0.0008804548 0.03337169 1 154.2207 1.794688 6003113 13 1 127.9478 1.866824 6003113 13 1 283 67714
1 0.2539062 0.08544197 0.5475258 1 13.57228 4.353199 6002113 13 1 38.72207 2.417137 6002113 13 1 283 67750
1 0.3355998 0.123277 0.6770892 1 24.75242 1.476247 6003113 13 1 78.63274 1.439027 6003113 13 1 284 67943
1 1.033406 1.101364 0.958024 1 0.03354711 2.133461 6003113 13 1 139.8576 1.651558 6003113 13 1 284 68019
1 1.199428 1.046014 1.251733 0 743.2157 1.366989 6003113 13 1 148.5455 1.718014 6003113 13 1 297 71226
1 1.0427 1.134261 0.9473373 1 60.89971 3.129718 6002113 13 1 57.26617 1.896211 6002113 13 1 298 71348
1 1.050919 0.8056091 1.198818 1 27.48217 1.509655 6002113 13 1 94.92006 1.741606 6002113 13 1 387 92694
1 0.7055845 0.3974356 1.016366 1 121.6344 6.19847 6002113 13 1 76.40493 2.77543 6002113 13 1 387 92734
1 0.5380682 0.2637946 0.8676014 1 31.73051 2.083283 6002113 13 1 47.50431 3.359547 6002113 13 1 388 93072
1 1.190567 1.223018 1.152597 1 80.5834 1.596136 6002113 13 1 108.8326 1.306285 6002113 13 1 393 94158
1 1.190567 1.223018 1.152597 1 73.55111 1.538018 6002113 13 1 4.082365 1.611125 6002113 13 1 393 94171
1 0.2539062 0.08544197 0.5475258 1 1.639135 1.418948 6002113 13 1 104.5649 1.381557 6002113 13 1 394 94494
1 1.20651 1.16088 1.193521 1 24.23838 2.228849 6002113 13 1 30.25609 2.031044 6002113 13 1 396 94821
1 1.083255 0.8452013 1.220206 1 47.3401 1.529922 6002113 13 1 26.01579 1.680007 6002113 13 1 396 94874
1 1.227292 1.202911 1.205555 0 19.44284 2.591507 6002113 13 1 23.79609 1.639002 6002113 13 1 410 98396
1 0.2443026 0.07741789 0.5517042 1 13.0081 1.686782 6003113 13 1 69.18127 1.751284 6003113 13 1 411 98526
1 0.9138955 0.6245104 1.1333 1 21.62118 1.693936 6002113 13 1 78.69183 1.477892 6002113 13 1 412 98758
1 1.1849 1.214892 1.148506 1 76.01453 1.481574 6003113 13 1 515.9437 1.472744 6003113 13 1 414 99205
1 1.209625 1.112975 1.222657 1 40.65606 1.435593 6002113 13 1 41.92369 1.687284 6002113 13 1 414 99273
1 0.5179346 0.9281273 0.2807825 1 44.12507 1.378471 6002113 13 1 43.5505 1.802493 6002113 13 1 61 14407
1 1.199428 1.046014 1.251733 1 45.72969 1.849512 6003113 13 0 1254.566 2.18251 6003113 13 1 61 14555
1 1.057513 1.112379 0.9951048 1 72.51473 1.369992 6002113 13 1 105.8608 1.420848 6002113 13 1 62 14669
1 1.057513 1.112379 0.9951048 1 72.51473 1.369992 6002113 13 1 105.8608 1.420848 6002113 13 1 62 14669
1 1.329532 1.478061 1.189894 1 38.53456 1.304823 6002113 13 1 12.1461 2.142183 6002113 13 1 69 16449
1 1.194803 1.137859 1.187115 1 23.59681 1.852093 6002113 13 1 55.82235 1.678569 6002113 13 1 70 16695
1 1.095596 1.133769 1.050051 1 8.28746 1.627449 6002113 13 1 48.31196 1.550383 6002113 13 1 84 20107
1 1.035838 1.098122 0.9666125 1 7.332928 1.711861 6002113 13 1 89.79183 1.528487 6002113 13 1 91 21721
1 1.199428 1.046014 1.251733 1 59.85312 1.571153 6002113 13 1 84.05637 1.355185 6002113 13 1 92 21967
1 0.5279956 0.2465533 0.8852676 1 160.9819 1.420747 6003113 13 1 190.6767 1.496201 6003113 13 1 125 29828
1 1.405111 1.934095 0.9833891 1 31.3308 1.655197 6002113 13 1 7.849271 1.482294 6002113 13 1 187 44738
1 1.035838 1.098122 0.9666125 0 105.8205 1.847247 6003113 13 1 78.97397 1.548372 6003113 13 1 187 44762
1 1.192805 1.083559 1.213989 1 38.79263 1.61609 6003113 13 1 143.6829 1.582881 6003113 13 1 188 45094
1 0.6235333 0.981489 0.3895437 0 821.3642 1.957966 6003113 13 1 167.3667 1.608886 6003113 13 1 223 53426
1 1.405111 1.934095 0.9833891 1 53.73784 1.557864 6002113 13 1 7.269658 1.395642 6002113 13 1 224 53687
1 1.213336 1.227995 1.180605 1 38.23445 1.976198 6002113 13 1 163.957 1.75467 6002113 13 1 231 55217
1 1.190567 1.223018 1.152597 1 104.9468 1.502167 6002113 13 1 30.98346 1.341983 6002113 13 1 231 55235
1 1.134034 1.248093 1.022271 0 697.9452 1.566678 6003113 13 1 63.45313 1.456147 6003113 13 1 231 55278
1 1.524498 1.73059 1.317664 1 140.5974 1.632753 6003113 13 1 170.0774 3.178905 6003113 13 1 232 55455
1 1.227292 1.202911 1.205555 1 23.49191 1.484468 6003113 13 0 1090.101 4.255621 6003113 13 1 232 55547
1 1.062846 1.139449 0.9784784 1 25.14782 1.478635 6002113 13 1 24.08076 1.398698 6002113 13 1 232 55630
1 1.75908 2.248522 1.290011 1 39.55288 1.61992 6002113 13 1 128.3288 2.216187 6002113 13 1 232 55672
1 1.033406 1.101364 0.958024 0 23.58318 1.953121 6002113 13 1 56.75483 1.647302 6002113 13 1 236 56426
1 1.227292 1.202911 1.205555 1 30.71735 4.066231 6002113 13 1 121.1155 1.675563 6002113 13 1 236 56588
1 0.5292084 0.8493549 0.3262614 1 40.9203 1.808962 6002113 13 1 36.95124 4.020019 6002113 13 1 236 56603
1 0.5292084 0.8493549 0.3262614 1 40.9203 1.808962 6002113 13 1 36.95124 4.020019 6002113 13 1 236 56603
1 1.176288 1.010978 1.239274 1 73.70791 1.403963 6002113 13 1 46.59878 1.515088 6002113 13 1 263 63120
1 1.157728 1.196465 1.111764 1 9.739004 4.564157 6002113 13 1 56.73217 1.693747 6002113 13 1 264 63136
1 1.566869 2.206142 1.088645 1 42.54502 2.127918 6002113 13 1 32.11967 1.74476 6002113 13 1 290 69574
1 0.9219857 1.364073 0.6240806 0 41.10594 6.384194 6002113 13 1 95.06911 3.414713 6002113 13 1 318 76315
1 1.182032 1.113501 1.180358 1 43.0358 1.727357 6002113 13 0 15.04571 2.146727 6002113 13 1 329 78803
1 1.056557 1.108524 0.9965968 0 30.40936 5.269457 6002113 13 1 59.5925 1.871267 6002113 13 1 330 79012
1 0.4442115 0.1872741 0.8068974 1 35.2478 2.20714 6002113 13 1 9.36898 1.894983 6002113 13 1 330 79076
1 1.179161 1.206147 1.144075 1 78.97094 3.388164 6003113 13 0 7.405866 1.762569 6003113 13 1 201 48075
1 0.8339615 0.5241884 1.101491 1 38.73957 1.919677 6003113 13 1 111.1184 1.513118 6003113 13 1 201 48195
1 0.7268606 1.122648 0.4611204 0 511.6157 1.355812 6003113 13 1 118.4541 1.389612 6003113 13 1 245 58746
1 1.143675 1.253919 1.033471 1 41.24223 1.486424 6002113 13 1 79.48051 1.526446 6002113 13 1 245 58788
1 1.298986 1.452146 1.156092 1 46.51703 1.609908 6002113 13 1 7.785716 1.735836 6002113 13 1 246 58916
1 1.062846 1.139449 0.9784784 1 127.3541 1.774848 6003113 13 0 129.4566 3.601954 6003113 13 1 271 64882
1 1.151918 0.9752633 1.225726 1 240.4016 1.613025 6003113 13 1 47.29586 1.28531 6003113 13 1 271 64953
1 1.147959 1.183877 1.106546 1 60.85102 1.472223 6002113 13 1 48.78699 1.82193 6002113 13 1 272 65225
1 1.083255 0.8452013 1.220206 1 52.00151 1.786855 6003113 13 1 181.326 1.500193 6003113 13 1 272 65271
1 0.4442115 0.1872741 0.8068974 1 111.798 1.617063 6003113 13 1 339.8355 1.859352 6003113 13 1 326 78171
1 0.6998869 0.3767799 1.045889 1 41.83605 3.708539 6002113 13 1 8.227119 1.901687 6002113 13 1 335 80190
1 1.143675 1.253919 1.033471 1 71.37818 2.583611 6002113 13 1 7.373626 2.667245 6002113 13 1 330 79133
1 1.152501 1.258655 1.04415 1 13.13757 1.72952 6002113 13 1 37.92591 2.855153 6002113 13 1 377 90263
1 1.0427 1.134261 0.9473373 1 49.3279 1.390467 6002113 13 1 52.49018 1.54366 6002113 13 1 378 90557
1 1.036252 1.095703 0.9699052 1 33.33283 1.214888 6003113 13 1 303.7472 2.229972 6003113 13 1 378 90713
1 1.134034 1.248093 1.022271 0 444.1812 1.540852 6003113 13 1 116.962 1.656004 6003113 13 1 15 3405
1 1.031225 1.102163 0.9526981 1 87.73876 1.510023 6002113 13 0 89.67711 1.994727 6002113 13 1 15 3449
1 1.524498 1.73059 1.317664 0 409.3337 2.071385 6003113 13 1 78.8905 1.707409 6003113 13 1 15 3548
1 1.0427 1.134261 0.9473373 1 102.6038 1.459081 6002113 13 1 53.60505 1.388086 6002113 13 1 17 3853
1 1.192805 1.083559 1.213989 1 44.79154 1.412187 6003113 13 1 15.28032 2.436351 6003113 13 1 17 3891
1 1.054444 1.13827 0.9640688 1 510.5483 1.815159 6003113 13 1 73.55148 1.775939 6003113 13 1 18 4280
1 0.3459568 0.1344595 0.6687537 1 100.1662 1.593069 6003113 13 1 62.7052 1.731809 6003113 13 1 44 10405
1 0.5380682 0.2637946 0.8676014 1 36.37277 1.560922 6002113 13 1 18.44793 3.255549 6002113 13 1 51 12150
1 1.329532 1.478061 1.189894 1 57.26742 2.164896 6002113 13 1 66.32326 3.852187 6002113 13 1 51 12158
1 1.055133 1.104334 0.9975671 1 74.812 1.827914 6003113 13 1 156.8572 1.658948 6003113 13 1 52 12372
1 0.07905591 0.01690496 0.2492307 1 464.7394 4.698096 6003113 13 1 66.03233 1.961227 6003113 13 1 59 13986
1 0.5675248 0.271593 0.9330701 0 808.0315 2.529318 6003113 13 1 154.6786 1.608793 6003113 13 1 60 14204
1 0.7055845 0.3974356 1.016366 1 129.6304 1.807123 6002113 13 1 22.06726 1.620474 6002113 13 1 60 14387
1 1.058012 1.115802 0.9930252 1 11.34767 2.97124 6003113 13 1 254.881 1.520157 6003113 13 1 63 15102
1 1.099519 1.139476 1.051563 1 82.76997 2.046093 6003113 13 0 761.0162 4.69332 6003113 13 1 64 15212
1 0.2208223 0.06788179 0.510611 0 1397.351 3.502132 6003113 13 1 47.56921 2.140095 6003113 13 1 76 18080
1 1.209625 1.112975 1.222657 1 28.16915 3.248069 6002113 13 1 35.93 2.288696 6002113 13 1 76 18117
1 1.192805 1.083559 1.213989 1 47.89782 2.171956 6002113 13 1 14.53715 2.553394 6002113 13 1 142 33845
1 1.054444 1.13827 0.9640688 1 46.14813 2.261135 6002113 13 1 82.78616 1.502697 6002113 13 1 143 34150
1 1.298986 1.452146 1.156092 1 490.1704 3.239081 6003113 13 1 37.65078 2.563352 6003113 13 1 181 43287
1 1.227292 1.202911 1.205555 1 109.9056 1.834484 6002113 13 1 29.57037 1.556227 6002113 13 1 181 43355
1 1.151918 0.9752633 1.225726 1 114.5894 1.979562 6002113 13 1 105.3619 4.318285 6002113 13 1 181 43384
1 1.227292 1.202911 1.205555 1 87.59338 1.50291 6002113 13 1 12.5755 1.327731 6002113 13 1 181 43419
1 1.194803 1.137859 1.187115 1 63.21059 1.717775 6002113 13 1 14.14892 1.367029 6002113 13 1 184 44078
1 1.123647 1.241142 1.010512 1 47.26511 1.711563 6002113 13 1 31.79357 1.538158 6002113 13 1 217 51923
1 1.109295 1.155893 1.053631 1 156.7846 3.710574 6003113 13 1 134.9252 1.960587 6003113 13 1 268 64126
1 1.145385 0.9245803 1.259718 1 18.35804 1.382721 6002113 13 1 86.29284 1.55801 6002113 13 1 287 68726
1 0.03472439 0.005924022 0.1396847 1 43.69777 4.916391 6002113 13 1 45.98783 1.605702 6002113 13 1 287 68842
1 0.9517445 0.6636014 1.162862 0 61.75148 6.623249 6003113 13 1 86.28352 2.215238 6003113 13 1 288 68908
1 1.329532 1.478061 1.189894 1 37.21614 1.835031 6002113 13 0 76.59654 5.496238 6002113 13 1 288 68919
1 1.183608 1.169262 1.159476 1 72.15748 1.374079 6002113 13 1 52.98597 1.909918 6002113 13 1 291 69695
1 1.75908 2.248522 1.290011 1 86.73737 1.652703 6003113 13 0 1055.87 1.455874 6003113 13 1 292 70062
1 1.059052 1.139164 0.9715886 1 34.99123 1.682152 6002113 13 1 12.97648 1.572104 6002113 13 1 313 75020
1 1.055133 1.104334 0.9975671 1 74.82849 1.63205 6003113 13 0 303.0251 14.29495 6003113 13 1 389 93338
1 1.056557 1.108524 0.9965968 1 70.53996 1.270437 6003113 13 1 615.903 2.35641 6003113 13 1 389 93350
1 0.5762256 0.2893137 0.9113798 1 36.23212 2.95493 6002113 13 1 42.12358 1.77717 6002113 13 1 397 95164
1 1.053247 1.09991 0.9980844 1 82.7586 2.343672 6003113 13 0 916.9791 1.620818 6003113 13 1 397 95210
1 1.109295 1.155893 1.053631 1 147.6312 2.036426 6003113 13 1 50.1642 2.848557 6003113 13 1 399 95630
1 1.056557 1.108524 0.9965968 1 35.36138 2.294519 6002113 13 1 66.1048 1.551343 6002113 13 1 400 95800
1 1.134034 1.248093 1.022271 1 73.73627 1.605172 6002113 13 1 77.20809 2.523196 6002113 13 1 7 1551
1 1.26516 1.422013 1.117256 1 350.1611 2.358817 6003113 13 1 87.48039 3.337679 6003113 13 1 7 1651
1 0.9894024 0.7036328 1.19152 0 32.27685 2.156701 6002113 13 1 117.5181 1.468607 6002113 13 1 8 1821
1 1.036252 1.095703 0.9699052 1 81.19582 2.108502 6003113 13 1 244.642 1.474281 6003113 13 1 8 1853
1 1.282494 1.437562 1.137462 1 19.83248 1.627727 6002113 13 1 48.8376 1.428015 6002113 13 1 19 4455
1 0.0003894808 9.125069e-05 0.001555041 1 54.40536 1.610291 6003113 13 1 384.2938 4.025872 6003113 13 1 20 4712
1 0.8332192 0.5015442 1.138243 1 132.1479 1.451004 6003113 13 1 180.6798 1.439369 6003113 13 1 48 11313
1 1.055133 1.104334 0.9975671 1 26.3051 1.476292 6002113 13 1 4.862786 1.603966 6002113 13 1 48 11384
1 0.08964617 0.01972916 0.2750357 1 37.93776 1.290676 6002113 13 1 14.0955 1.667726 6002113 13 1 67 15959
1 1.575265 1.775696 1.383444 0 935.1185 2.354095 6003113 13 1 195.4311 1.484995 6003113 13 1 68 16270
1 0.8332192 0.5015442 1.138243 1 56.79479 1.782333 6003113 13 1 134.484 1.536937 6003113 13 1 99 23734
1 1.152971 1.190243 1.109341 1 38.25677 1.494 6002113 13 1 48.00261 1.537 6002113 13 1 100 23774
1 1.20651 1.16088 1.193521 1 497.3991 1.584734 6003113 13 1 119.0686 1.885643 6003113 13 1 115 27596
1 1.099519 1.139476 1.051563 1 90.68434 1.508816 6003113 13 0 790.0334 1.390451 6003113 13 1 116 27683
1 1.151918 0.9752633 1.225726 0 14.64981 2.711481 6002113 13 1 34.07327 3.818939 6002113 13 1 185 44239
1 0.4903168 0.2233237 0.8385035 1 31.52758 1.639525 6002113 13 1 9.863536 1.567895 6002113 13 1 186 44537
1 0.9894024 0.7036328 1.19152 1 0.7647175 1.456461 6002113 13 1 76.84013 1.616674 6002113 13 1 253 60674
1 1.157728 1.196465 1.111764 1 14.56821 1.567342 6003113 13 1 95.37988 1.708878 6003113 13 1 266 63679
1 1.050919 0.8056091 1.198818 1 35.1403 1.588857 6002113 13 1 16.6839 1.734379 6002113 13 1 266 63689
1 0.7934737 0.4881172 1.065644 1 239.9317 1.572519 6003113 13 1 28.7117 1.69593 6003113 13 1 281 67342
1 1.46424 1.680344 1.235249 1 9.757325 1.609492 6002113 13 1 25.83007 1.667374 6002113 13 1 282 67648
1 1.036252 1.095703 0.9699052 1 85.4901 1.485251 6002113 13 1 11.26134 1.507015 6002113 13 1 285 68314
1 0.8332192 0.5015442 1.138243 1 126.3723 1.64079 6003113 13 1 81.31458 1.731041 6003113 13 1 286 68448
1 1.056557 1.108524 0.9965968 1 5.967677 1.714161 6002113 13 1 55.26889 2.133075 6002113 13 1 286 68489
1 1.26516 1.422013 1.117256 1 68.1694 1.712475 6002113 13 1 8.169128 1.362251 6002113 13 1 311 74401
1 1.152971 1.190243 1.109341 1 59.99792 1.464632 6002113 13 1 164.4735 1.6141 6002113 13 1 355 84976
1 0.6235333 0.981489 0.3895437 1 42.72498 1.909716 6002113 13 1 68.63896 1.244935 6002113 13 1 355 84998
1 1.173319 1.196671 1.139395 0 9.577651 4.80425 6002113 13 1 154.6924 2.058288 6002113 13 1 356 85365
1 0.4903168 0.2233237 0.8385035 1 8.123223 2.812973 6003113 13 1 151.7974 1.535416 6003113 13 1 356 85420
1 0.3355998 0.123277 0.6770892 1 4.131431 1.845191 6002113 13 1 64.08217 3.337709 6002113 13 1 375 89767
1 1.057513 1.112379 0.9951048 0 36.09087 2.601445 6002113 13 1 72.29429 1.500445 6002113 13 1 375 89872
1 1.137649 1.170432 1.099925 1 82.36541 1.526622 6002113 13 1 29.31893 1.383852 6002113 13 1 375 89901
1 1.199428 1.046014 1.251733 1 73.75651 2.533376 6002113 13 1 83.89456 2.910448 6002113 13 1 375 89978
1 0.3170899 0.1198369 0.6261138 1 39.09058 2.003695 6002113 13 1 15.85966 2.124315 6002113 13 1 376 90116
1 0.003019196 0.0005044267 0.01820843 1 12.1735 2.61598 6002113 13 1 48.40881 1.688617 6002113 13 1 401 96170
1 1.209625 1.112975 1.222657 1 13.15222 2.061669 6002113 13 1 123.0918 2.303107 6002113 13 1 401 96222
1 1.866054 2.331325 1.3979 1 56.69141 2.566203 6003113 13 0 24.01791 6.664439 6003113 13 1 33 7755
1 1.109295 1.155893 1.053631 1 9.141497 1.820468 6002113 13 1 66.15833 1.478845 6002113 13 1 124 29705
1 1.063672 0.7860307 1.245813 1 446.4627 1.421775 6003113 13 1 97.64076 1.473274 6003113 13 1 127 30465
1 1.017868 0.7662661 1.176325 1 30.51054 1.689661 6002113 13 1 46.06049 2.326987 6002113 13 1 165 39430
1 0.1991887 0.05938704 0.4717879 1 2.605835 1.486727 6002113 13 1 48.96911 1.554369 6002113 13 1 336 80491
1 1.289688 1.878288 0.892531 1 151.9166 1.592768 6003113 13 1 293.4855 1.403684 6003113 13 1 336 80597
1 1.0427 1.134261 0.9473373 1 38.18524 1.493144 6003113 13 1 162.2913 1.962998 6003113 13 1 339 81129
1 1.314649 1.46568 1.173482 1 36.3354 1.574867 6002113 13 1 18.76587 1.455315 6002113 13 1 381 91229
1 0.8748782 0.5617447 1.136825 1 57.08556 1.427169 6002113 13 1 8.772256 1.47939 6002113 13 1 415 99362
1 1.26516 1.422013 1.117256 1 107.64 1.77207 6002113 13 1 7.960831 2.364142 6002113 13 1 415 99422
1 0.9894024 0.7036328 1.19152 1 153.5965 3.473409 6003113 13 1 345.7741 4.70862 6003113 13 1 416 99693
1 1.173319 1.196671 1.139395 0 14.25789 1.877495 6002113 13 1 32.72543 1.550738 6002113 13 1 416 99795
1 1.036252 1.095703 0.9699052 0 539.3817 1.771496 6003113 13 1 64.54425 1.503684 6003113 13 1 9 1925
1 1.035838 1.098122 0.9666125 1 55.75385 1.413992 6002113 13 1 43.81194 1.421692 6002113 13 1 9 2055
1 1.048836 1.548763 0.7254791 1 137.9281 2.240155 6003113 13 1 35.27209 1.572939 6003113 13 1 166 39700
1 1.048997 1.136673 0.9559695 1 145.5981 1.506209 6003113 13 0 168.1357 2.401938 6003113 13 1 166 39774
1 1.054444 1.13827 0.9640688 1 1.763932 1.991618 6002113 13 1 34.24593 2.233009 6002113 13 1 189 45146
1 0.9894024 0.7036328 1.19152 1 16.366 2.36643 6002113 13 1 33.6139 2.727531 6002113 13 1 189 45230
1 1.56971 1.920896 1.202337 1 16.52194 1.562648 6002113 13 1 82.81129 2.41803 6002113 13 1 189 45241
1 1.050919 0.8056091 1.198818 1 55.72862 1.6781 6003113 13 0 945.7797 1.748198 6003113 13 1 189 45359
1 1.031225 1.102163 0.9526981 1 97.90583 1.402856 6002113 13 1 7.009189 1.491928 6002113 13 1 190 45414
1 1.099696 0.9023142 1.195627 1 48.1842 2.403058 6003113 13 0 613.4603 1.47851 6003113 13 1 190 45448
1 1.217313 1.182622 1.199648 1 43.72633 3.469474 6002113 13 1 66.63614 2.157744 6002113 13 1 195 46583
1 1.03119 1.524041 0.7057037 1 80.5756 3.609072 6002113 13 1 21.64505 10.24515 6002113 13 1 196 46872
1 1.314649 1.46568 1.173482 1 11.6019 1.50586 6002113 13 1 51.97624 2.007494 6002113 13 1 213 50991
1 1.10316 1.145079 1.05266 1 57.48513 1.761124 6003113 13 1 111.4039 1.585816 6003113 13 1 213 51002
1 1.145385 0.9245803 1.259718 1 162.1045 1.483234 6002113 13 1 17.32282 1.823024 6002113 13 1 216 51768
1 1.49586 1.706142 1.278772 1 88.24281 1.941625 6003113 13 0 234.336 2.628438 6003113 13 1 225 53794
1 1.0427 1.134261 0.9473373 0 34.29483 2.782086 6002113 13 1 82.10391 1.844849 6002113 13 1 225 53994
1 1.217313 1.182622 1.199648 1 9.875603 1.735584 6002113 13 1 38.47327 1.384006 6002113 13 1 269 64541
1 1.143675 1.253919 1.033471 1 48.2426 3.426638 6002113 13 1 49.85508 1.993802 6002113 13 1 270 64642
1 1.173319 1.196671 1.139395 1 45.77993 1.462008 6002113 13 1 29.53868 1.709862 6002113 13 1 278 66715
1 1.142868 1.177299 1.103399 1 32.63459 1.6614 6002113 13 1 11.64884 1.503487 6002113 13 1 280 66988
1 1.761918 2.058838 1.43754 1 37.06295 1.946049 6003113 13 0 665.0922 1.789807 6003113 13 1 307 73506
1 1.033406 1.101364 0.958024 1 75.99516 1.569462 6003113 13 1 74.46842 2.164554 6003113 13 1 307 73591
1 1.147959 1.183877 1.106546 1 47.48872 1.69899 6003113 13 1 397.6015 1.64665 6003113 13 1 308 73799
1 1.812285 2.096335 1.505211 1 103.9678 1.565068 6002113 13 1 2.279266 1.939303 6002113 13 1 308 73830
1 1.1849 1.214892 1.148506 1 85.71938 1.519761 6002113 13 0 5.298404 1.794379 6002113 13 1 308 73874
1 0.02402195 0.003812468 0.1069883 1 18.99956 2.331092 6002113 13 1 40.79426 1.587723 6002113 13 1 349 83603
1 1.054444 1.13827 0.9640688 1 512.6617 1.733451 6003113 13 1 71.70951 2.660856 6003113 13 1 350 83953
1 1.134034 1.248093 1.022271 1 34.9528 1.520949 6003113 13 1 47.12015 1.431753 6003113 13 1 373 89477
1 1.134034 1.248093 1.022271 1 34.9528 1.520949 6003113 13 1 47.12015 1.431753 6003113 13 1 373 89477
1 1.033406 1.101364 0.958024 1 150.4658 1.69549 6002113 13 1 33.12283 1.963155 6002113 13 1 383 91912
1 0.3170899 0.1198369 0.6261138 0 808.4499 1.548675 6003113 13 1 89.79936 1.454855 6003113 13 1 28 6703
1 1.75908 2.248522 1.290011 1 201.7266 1.36059 6003113 13 1 38.46889 1.515276 6003113 13 1 41 9833
1 1.055133 1.104334 0.9975671 1 33.10011 2.148574 6002113 13 1 2.039892 2.94489 6002113 13 1 113 27071
1 1.035838 1.098122 0.9666125 1 168.0262 3.123555 6003113 13 0 185.6414 2.209304 6003113 13 1 114 27162
1 0.665028 0.3662483 0.9755856 1 38.34872 1.463555 6002113 13 1 33.24938 1.441902 6002113 13 1 114 27164
1 1.179161 1.206147 1.144075 1 32.76609 3.169146 6003113 13 1 50.94733 1.624005 6003113 13 1 147 35047
1 1.036252 1.095703 0.9699052 1 19.70103 1.359753 6002113 13 0 37.38285 1.470562 6002113 13 1 177 42415
1 1.056557 1.108524 0.9965968 1 38.73232 1.440414 6002113 13 1 17.73734 1.494411 6002113 13 1 178 42692
1 0.2208223 0.06788179 0.510611 1 14.92159 1.658375 6002113 13 1 49.72178 1.409094 6002113 13 1 179 42940
1 1.058012 1.115802 0.9930252 1 41.72211 1.446198 6002113 13 0 19.84188 1.720264 6002113 13 1 180 43008
1 1.192805 1.083559 1.213989 1 227.1774 2.614797 6003113 13 0 466.7146 2.544166 6003113 13 1 180 43079
1 1.329532 1.478061 1.189894 1 76.87772 2.999295 6002113 13 1 48.96794 1.542234 6002113 13 1 180 43186
1 1.75908 2.248522 1.290011 1 32.84283 1.572454 6002113 13 1 0.9122807 1.713411 6002113 13 1 193 46136
1 1.036252 1.095703 0.9699052 1 25.36215 1.369987 6003113 13 1 304.5252 1.608347 6003113 13 1 193 46160
1 1.053247 1.09991 0.9980844 1 46.24066 2.537313 6002113 13 1 36.41765 1.636772 6002113 13 1 193 46189
1 1.213336 1.227995 1.180605 1 68.3577 1.285317 6003113 13 1 294.163 2.264445 6003113 13 1 194 46396
1 1.194803 1.137859 1.187115 1 0.3714359 1.529605 6002113 13 1 61.90086 1.478022 6002113 13 1 194 46406
1 1.174602 1.053046 1.204645 1 97.37525 1.309591 6002113 13 1 110.0154 1.349244 6002113 13 1 194 46484
1 0.8339615 0.5241884 1.101491 1 47.65699 1.291331 6002113 13 1 18.16472 1.907359 6002113 13 1 194 46499
1 1.157728 1.196465 1.111764 1 122.8621 1.687057 6003113 13 1 48.30802 1.969335 6003113 13 1 194 46534
1 1.176288 1.010978 1.239274 1 382.5936 1.910872 6003113 13 1 95.41928 2.39395 6003113 13 1 194 46560
1 0.789787 0.4650854 1.097808 1 15.7213 1.5738 6002113 13 1 99.4798 1.360953 6002113 13 1 204 48748
1 1.0427 1.134261 0.9473373 1 43.08444 1.541917 6002113 13 1 74.03567 1.486979 6002113 13 1 204 48884
1 1.106427 1.150534 1.053346 1 33.20536 2.695285 6002113 13 0 168.6339 3.873077 6002113 13 1 249 59639
1 1.183608 1.169262 1.159476 1 57.51247 1.581488 6002113 13 0 36.88186 1.395988 6002113 13 1 295 70748
1 1.15499 1.021547 1.194574 1 37.24009 2.247566 6002113 13 1 19.97307 1.554047 6002113 13 1 295 70794
1 1.46424 1.680344 1.235249 1 25.87932 1.893472 6002113 13 1 64.65439 1.579302 6002113 13 1 296 70892
1 1.167323 1.186361 1.134647 1 156.7192 1.968652 6003113 13 1 42.91045 1.650965 6003113 13 1 305 72981
1 0.000369285 8.488699e-05 0.001445868 1 2.564171 1.829044 6002113 13 1 70.01937 1.564462 6002113 13 1 351 84141
1 1.550791 1.753763 1.352368 1 52.57542 1.838047 6002113 13 1 42.71105 3.442972 6002113 13 1 379 90733
1 1.151918 0.9752633 1.225726 1 34.67886 1.551286 6002113 13 0 6.607163 1.81899 6002113 13 1 11 2574
1 1.10316 1.145079 1.05266 1 65.507 1.421955 6002113 13 1 32.86346 1.425125 6002113 13 1 12 2654
1 1.182032 1.113501 1.180358 1 40.14779 1.862353 6002113 13 1 25.3241 3.13798 6002113 13 1 12 2687
1 1.174602 1.053046 1.204645 1 215.2371 2.711749 6003113 13 1 41.39014 1.81616 6003113 13 1 12 2731
1 1.033406 1.101364 0.958024 1 195.0743 1.93682 6003113 13 1 30.04455 1.344425 6003113 13 1 39 9297
1 1.099696 0.9023142 1.195627 1 324.6966 1.608995 6003113 13 1 39.43824 1.760056 6003113 13 1 40 9437
1 1.034916 1.100018 0.9626585 1 99.57891 1.489391 6002113 13 1 37.28952 1.74736 6002113 13 1 45 10645
1 1.1849 1.214892 1.148506 1 155.0721 1.479192 6003113 13 0 821.2386 1.67435 6003113 13 1 46 11022
1 0.3064061 0.1093534 0.631845 1 99.37333 1.840232 6003113 13 1 96.13427 1.41096 6003113 13 1 46 11040
1 1.314649 1.46568 1.173482 1 52.79939 1.441815 6002113 13 1 57.6843 2.080135 6002113 13 1 54 12896
1 0.7934737 0.4881172 1.065644 1 70.9344 1.352609 6002113 13 1 20.10624 1.581217 6002113 13 1 66 15672
1 1.26516 1.422013 1.117256 1 19.83162 1.652581 6002113 13 0 0.654033 2.425902 6002113 13 1 66 15723
1 1.048836 1.548763 0.7254791 1 3.114967 1.605215 6002113 13 1 21.84691 1.515787 6002113 13 1 89 21315
1 0.03009876 0.005032814 0.1242768 1 101.4044 1.623155 6002113 13 1 12.98554 1.849259 6002113 13 1 90 21440
1 1.036252 1.095703 0.9699052 1 81.84503 1.455029 6002113 13 1 7.916732 1.435843 6002113 13 1 90 21534
1 1.099696 0.9023142 1.195627 1 9.456269 1.893906 6002113 13 1 33.78202 1.553728 6002113 13 1 95 22674
1 0.6235333 0.981489 0.3895437 0 48.24828 5.713136 6002113 13 1 76.80286 2.707046 6002113 13 1 97 23087
1 1.314649 1.46568 1.173482 1 35.8167 2.339915 6002113 13 1 71.95604 2.206621 6002113 13 1 97 23120
1 1.314649 1.46568 1.173482 1 35.8167 2.339915 6002113 13 1 71.95604 2.206621 6002113 13 1 97 23120
1 0.747205 0.4303799 1.057145 1 47.98632 2.119123 6002113 13 1 3.205737 4.402215 6002113 13 1 98 23387
1 1.095596 1.133769 1.050051 1 186.9213 1.645591 6003113 13 1 200.7465 2.948056 6003113 13 1 105 25018
1 1.46424 1.680344 1.235249 1 44.07515 1.407442 6003113 13 0 638.4938 1.488707 6003113 13 1 106 25325
1 1.209625 1.112975 1.222657 1 68.72697 1.494593 6002113 13 1 11.24751 1.791479 6002113 13 1 106 25380
1 1.192805 1.083559 1.213989 1 19.74246 1.748254 6002113 13 1 88.19949 2.530181 6002113 13 1 109 26102
1 1.641128 1.972201 1.285192 1 0.2431273 1.764827 6002113 13 1 80.75235 1.492503 6002113 13 1 110 26235
1 0.789787 0.4650854 1.097808 1 137.2212 1.583524 6002113 13 1 43.76617 1.47447 6002113 13 1 110 26320
1 1.314649 1.46568 1.173482 1 55.1792 3.906414 6002113 13 1 4.814161 2.360044 6002113 13 1 122 29206
1 1.034916 1.100018 0.9626585 1 43.78038 1.896934 6003113 13 0 731.9235 1.46853 6003113 13 1 191 45660
1 0.4442115 0.1872741 0.8068974 1 19.05211 1.87229 6002113 13 1 2.704634 1.426885 6002113 13 1 192 45928
1 0.4269872 0.7264097 0.2541938 1 114.9781 1.420814 6002113 13 1 31.08666 1.471607 6002113 13 1 192 46061
1 0.5380682 0.2637946 0.8676014 1 128.7204 2.383884 6002113 13 1 6.829026 1.29566 6002113 13 1 197 47068
1 1.1849 1.214892 1.148506 1 61.89391 1.935826 6003113 13 1 468.3954 1.96746 6003113 13 1 198 47311
1 1.114777 0.884905 1.24054 1 46.31607 1.922278 6002113 13 0 31.73763 4.676012 6002113 13 1 198 47441
1 1.033406 1.101364 0.958024 1 117.7688 3.584272 6003113 13 1 100.955 1.717315 6003113 13 1 199 47625
1 0.3170899 0.1198369 0.6261138 1 140.6462 1.948123 6003113 13 1 165.4836 1.831616 6003113 13 1 101 24036
1 0.07905591 0.01690496 0.2492307 1 11.83313 1.476334 6002113 13 1 48.7912 1.466709 6002113 13 1 102 24462
1 0.6235333 0.981489 0.3895437 1 75.09112 1.933102 6003113 13 1 8.009459 1.554993 6003113 13 1 111 26617
1 1.055133 1.104334 0.9975671 1 38.06668 1.536287 6002113 13 1 32.34691 1.684886 6002113 13 1 112 26654
1 1.055133 1.104334 0.9975671 1 38.06668 1.536287 6002113 13 1 32.34691 1.684886 6002113 13 1 112 26654
1 1.192805 1.083559 1.213989 1 10.85271 3.231249 6002113 13 1 95.41196 2.640266 6002113 13 1 149 35670
1 1.213336 1.227995 1.180605 1 110.9099 2.369557 6002113 13 1 32.71783 1.954415 6002113 13 1 149 35715
1 1.123647 1.241142 1.010512 1 41.97767 1.45211 6003113 13 1 54.03216 1.3917 6003113 13 1 152 36357
1 1.123647 1.241142 1.010512 1 41.97767 1.45211 6003113 13 1 54.03216 1.3917 6003113 13 1 152 36357
1 1.191782 1.185832 1.16486 1 49.80735 1.542273 6002113 13 1 111.5161 1.432642 6002113 13 1 205 49159
1 1.191782 1.185832 1.16486 1 49.80735 1.542273 6002113 13 1 111.5161 1.432642 6002113 13 1 205 49159
1 1.048997 1.136673 0.9559695 1 24.91691 3.304424 6003113 13 0 808.4796 1.778446 6003113 13 1 222 53054
1 0.6571895 0.3457574 1.000641 1 131.8697 1.756352 6003113 13 1 57.65617 1.33711 6003113 13 1 222 53097
1 1.149237 1.698801 0.7921503 1 0.3548507 1.798754 6002113 13 1 26.6296 1.743243 6002113 13 1 228 54683
1 1.134034 1.248093 1.022271 1 45.39492 1.303765 6002113 13 1 2.699239 2.138384 6002113 13 1 233 55774
1 1.055133 1.104334 0.9975671 1 26.07004 1.611993 6003113 13 1 30.68388 1.456635 6003113 13 1 233 55786
1 1.017868 0.7662661 1.176325 1 32.89794 1.589371 6002113 13 1 90.40786 1.537329 6002113 13 1 234 56089
1 1.017868 0.7662661 1.176325 1 32.89794 1.589371 6002113 13 1 90.40786 1.537329 6002113 13 1 234 56089
1 1.063672 0.7860307 1.245813 0 43.75893 9.269243 6002113 13 1 66.55931 1.626567 6002113 13 1 243 58297
1 0.5762256 0.2893137 0.9113798 1 4.897269 1.426924 6002113 13 1 142.402 1.440234 6002113 13 1 243 58308
1 1.134034 1.248093 1.022271 1 83.44473 1.974796 6003113 13 1 153.5996 1.759255 6003113 13 1 244 58499
1 1.225386 1.141194 1.230719 1 64.73369 1.73902 6003113 13 1 25.06522 1.658763 6003113 13 1 406 97329
1 0.2539062 0.08544197 0.5475258 1 31.67014 1.305281 6002113 13 1 30.62196 1.698647 6002113 13 1 29 6821
1 1.053247 1.09991 0.9980844 1 56.41033 3.488802 6002113 13 1 10.78934 3.739948 6002113 13 1 29 6890
1 0.8748782 0.5617447 1.136825 1 31.92217 1.444012 6002113 13 1 104.1421 1.8017 6002113 13 1 29 6891
1 1.1849 1.214892 1.148506 1 201.4007 1.717578 6003113 13 1 125.3682 2.40957 6003113 13 1 50 11990
1 1.213336 1.227995 1.180605 1 60.89489 1.807067 6002113 13 0 23.65797 3.686831 6002113 13 1 56 13257
1 1.10316 1.145079 1.05266 1 28.28758 1.313201 6002113 13 1 36.92049 2.008171 6002113 13 1 73 17309
1 1.112575 1.233052 0.9981722 1 45.54644 1.544483 6003113 13 1 388.7175 1.466909 6003113 13 1 77 18241
1 1.866054 2.331325 1.3979 1 17.14421 2.626278 6002113 13 1 64.5593 1.790378 6002113 13 1 77 18452
1 1.106427 1.150534 1.053346 1 70.18396 2.637674 6003113 13 1 130.8615 4.905684 6003113 13 1 93 22257
1 1.209625 1.112975 1.222657 1 56.02395 2.197887 6003113 13 1 90.05016 1.467976 6003113 13 1 93 22296
