1 1.46424 1.680344 1.235249 1 27.90982 1.553562 1000022 13 1 9.514753 1.195595 1000022 13 1 3 522
1 1.298986 1.452146 1.156092 1 29.63867 2.431189 1000022 13 1 40.11384 1.261717 1000022 13 1 5 890
1 1.048997 1.136673 0.9559695 1 9.500627 1.028522 1000022 13 1 27.6004 1.08392 1000022 13 1 9 1628
1 1.217313 1.182622 1.199648 1 42.13689 1.272508 1000022 13 1 0.5652685 3.737274 1000022 13 1 9 1772
1 1.566869 2.206142 1.088645 1 25.61556 1.919603 1000022 13 1 52.98232 1.224066 1000022 13 1 24 4662
1 1.329532 1.478061 1.189894 1 41.70967 1.333968 1000022 13 1 3.960876 1.112946 1000022 13 1 30 6004
1 0.9219857 1.364073 0.6240806 1 26.32481 1.445922 1000022 13 1 34.99349 1.61075 1000022 13 1 13 2443
1 1.109295 1.155893 1.053631 1 13.00556 1.282268 1000022 13 1 19.69906 2.536344 1000022 13 1 13 2602
1 1.149237 1.698801 0.7921503 1 25.57138 1.159522 1000022 13 1 24.79956 2.377962 1000022 13 1 15 2821
1 0.3355998 0.123277 0.6770892 1 24.3164 1.45138 1000022 13 0 8.48051 2.302949 1000022 13 1 15 2956
1 0.665028 0.3662483 0.9755856 1 47.97889 1.156787 1000022 13 1 51.81313 5.153812 1000022 13 1 38 7522
