1 1.152501 1.258655 1.04415 0 24.54669 1.273949 6003113 13 1 29.74955 1.896953 6003113 13 1 160 38195
1 0.02782141 0.00448657 0.1208789 1 16.85817 1.053957 6003113 13 1 74.05241 2.27782 6003113 13 1 202 48315
1 0.3459568 0.1344595 0.6687537 1 81.3103 1.059788 6003113 13 1 40.14075 1.305756 6003113 13 1 240 57404
1 1.183608 1.169262 1.159476 1 28.36345 1.024678 6003113 13 0 56.51918 1.629858 6003113 13 1 242 57841
1 0.01536516 0.002346602 0.07345495 1 24.14987 2.265236 6003113 13 0 42.65809 4.700922 6003113 13 1 297 71141
1 1.176288 1.010978 1.239274 1 16.37529 1.754069 6003113 13 1 47.50474 1.089583 6003113 13 1 98 23390
1 0.04957241 0.009268439 0.1791508 1 69.14327 1.201046 6003113 13 0 0.6939314 1.267106 6003113 13 1 100 23823
1 1.048836 1.548763 0.7254791 1 60.43433 1.055057 6003113 13 1 44.49458 1.176983 6003113 13 1 113 26917
1 1.190567 1.223018 1.152597 0 50.88158 1.403647 6003113 13 1 62.42805 1.220005 6003113 13 1 115 27541
1 1.053247 1.09991 0.9980844 1 6.477552 2.733286 6002113 13 1 33.56053 1.124794 6002113 13 1 12 2864
1 0.4205023 0.1819855 0.7484848 1 4.876934 1.661351 6003113 13 1 44.12297 1.013968 6003113 13 1 90 21556
1 1.46424 1.680344 1.235249 1 9.177158 1.060643 6003113 13 1 22.60068 1.106645 6003113 13 1 244 58506
1 1.099696 0.9023142 1.195627 1 28.83758 1.018685 6002113 13 1 9.955447 2.60707 6002113 13 1 324 77724
1 1.0427 1.134261 0.9473373 0 4.934752 1.97183 6002113 13 1 12.23195 2.324193 6002113 13 1 327 78384
1 1.15499 1.021547 1.194574 1 17.05773 1.98118 6003113 13 0 1.699462 1.875477 6003113 13 1 301 72004
1 1.20651 1.16088 1.193521 1 1.341767 1.561347 6002113 13 1 17.14581 1.027423 6002113 13 1 364 87177
1 1.812285 2.096335 1.505211 1 25.0776 1.272262 6003113 13 0 107.9582 1.097042 6003113 13 1 2 344
1 1.199401 1.201198 1.170168 1 40.27766 1.53732 6003113 13 1 21.17069 1.260127 6003113 13 1 34 8059
1 0.9138955 0.6245104 1.1333 1 59.68284 1.038297 6003113 13 0 98.95905 3.184314 6003113 13 1 169 40536
1 1.036252 1.095703 0.9699052 1 2.465772 1.039011 6003113 13 1 30.86068 1.221141 6003113 13 1 170 40694
1 1.191782 1.185832 1.16486 1 22.03042 1.83242 6002113 13 0 2.575647 1.162417 6002113 13 1 340 81415
1 0.1080031 0.02598027 0.3057024 0 295.4043 1.052549 6003113 13 1 44.68874 2.32191 6003113 13 1 108 25824
1 1.173319 1.196671 1.139395 0 20.40018 1.023424 6003113 13 1 27.82677 1.168978 6003113 13 1 109 26090
1 1.048997 1.136673 0.9559695 1 38.95279 1.880365 6002113 13 1 24.17266 3.064991 6002113 13 1 110 26331
1 1.031225 1.102163 0.9526981 0 168.1011 2.004873 6003113 13 1 38.35613 1.36976 6003113 13 1 259 61991
1 1.314649 1.46568 1.173482 1 42.80092 1.117612 6003113 13 0 3.139157 2.833024 6003113 13 1 260 62188
1 0.4544891 0.2018274 0.792879 1 3.134082 2.641891 6003113 13 1 80.44881 2.39558 6003113 13 1 263 62914
1 1.112575 1.233052 0.9981722 0 61.85934 1.045462 6003113 13 1 22.7276 2.142849 6003113 13 1 183 43886
1 1.157728 1.196465 1.111764 1 18.25426 1.112796 6002113 13 1 1.187543 1.2194 6002113 13 1 349 83530
1 0.1793033 0.05184105 0.4351809 0 7.807016 1.029039 6003113 13 0 85.76749 2.306974 6003113 13 1 119 28523
1 0.2539062 0.08544197 0.5475258 1 11.53706 1.246233 6002113 13 1 21.82724 1.024872 6002113 13 1 19 4450
1 1.15499 1.021547 1.194574 1 18.67091 1.44717 6003113 13 0 138.4652 2.334862 6003113 13 1 21 4965
1 1.134034 1.248093 1.022271 1 58.06977 2.099877 6003113 13 0 21.50615 3.377372 6003113 13 1 377 90284
1 1.190567 1.223018 1.152597 0 15.46214 6.051672 6003113 13 0 56.33167 1.413654 6003113 13 1 398 95473
1 1.227292 1.202911 1.205555 0 360.2844 1.192339 6003113 13 1 44.21799 2.133589 6003113 13 1 58 13741
1 0.1991887 0.05938704 0.4717879 1 77.46928 2.875719 6003113 13 1 40.6626 2.168812 6003113 13 1 211 50636
1 1.566869 2.206142 1.088645 0 141.9012 1.508091 6003113 13 1 60.23787 1.027086 6003113 13 1 220 52648
1 0.1527629 0.0402692 0.399808 1 47.22345 2.330837 6003113 13 0 24.37719 1.663819 6003113 13 1 63 14883
1 1.143675 1.253919 1.033471 1 22.14231 1.384267 6003113 13 1 3.70236 3.273036 6003113 13 1 149 35725
1 1.137649 1.170432 1.099925 0 50.27612 1.148333 6003113 13 0 60.65861 1.312729 6003113 13 1 84 19996
1 1.1849 1.214892 1.148506 1 58.696 1.694262 6003113 13 1 26.85883 1.347736 6003113 13 1 76 18035
1 0.8332192 0.5015442 1.138243 1 22.34939 1.554241 6003113 13 0 49.01363 1.024684 6003113 13 1 80 19078
1 1.314649 1.46568 1.173482 1 35.41416 1.349395 6003113 13 0 137.4588 1.028351 6003113 13 1 127 30388
1 1.063672 0.7860307 1.245813 1 39.45603 2.085896 6003113 13 1 3.629288 1.058206 6003113 13 1 154 36769
1 1.42456 2.044705 0.9864829 1 51.97491 1.320294 6003113 13 1 27.5407 1.007942 6003113 13 1 191 45645
1 1.031225 1.102163 0.9526981 1 44.97383 1.089018 6003113 13 0 11.91752 1.375733 6003113 13 1 193 46301
1 1.761918 2.058838 1.43754 1 24.39201 1.242334 6003113 13 0 124.5769 17.07505 6003113 13 1 372 89148
1 1.106427 1.150534 1.053346 0 7.767986 1.318873 6002113 13 1 25.42026 1.379901 6002113 13 1 23 5286
1 1.190567 1.223018 1.152597 0 204.4462 1.019705 6003113 13 1 41.0856 1.040695 6003113 13 1 134 31941
1 1.048836 1.548763 0.7254791 1 15.99911 1.020157 6003113 13 1 26.04399 1.251466 6003113 13 1 134 32096
1 1.055133 1.104334 0.9975671 1 34.38393 1.13758 6002113 13 1 6.068823 1.891858 6002113 13 1 137 32641
1 1.314649 1.46568 1.173482 0 44.29461 3.204601 6003113 13 1 40.30005 1.063656 6003113 13 1 198 47340
1 1.192805 1.083559 1.213989 1 26.99482 1.652969 6003113 13 1 44.52559 1.235432 6003113 13 1 237 56724
1 0.6159488 0.3166172 0.9557644 0 164.6386 1.126006 6003113 13 1 64.31678 1.025812 6003113 13 1 237 56796
1 0.5279956 0.2465533 0.8852676 1 16.19297 2.146215 6003113 13 0 67.23241 8.37954 6003113 13 1 385 92337
1 1.151918 0.9752633 1.225726 1 60.51703 1.769866 6003113 13 0 64.18681 1.03045 6003113 13 1 390 93365
1 1.145385 0.9245803 1.259718 1 36.0446 1.957222 6002113 13 1 6.430807 1.046833 6002113 13 1 392 94074
1 1.183608 1.169262 1.159476 1 21.9585 2.088679 6003113 13 0 72.96449 1.087312 6003113 13 1 16 3750
1 0.5675248 0.271593 0.9330701 1 16.32307 2.063581 6003113 13 0 221.9489 3.698932 6003113 13 1 47 11107
