1 1.194803 1.137859 1.187115 1 58.57139 1.153708 6002113 13 1 1.35753 1.300592 6002113 11 1 227 54279
1 1.20651 1.16088 1.193521 0 87.42237 3.39512 6003113 11 1 30.45924 2.563708 6003113 13 1 371 88887
1 1.147959 1.183877 1.106546 0 357.452 3.473823 6003113 11 0 69.88148 1.492464 6003113 13 1 373 89382
1 1.033406 1.101364 0.958024 0 121.1568 1.36416 6003113 13 1 36.30662 1.210847 6003113 11 1 194 46353
1 1.190567 1.223018 1.152597 1 33.32441 1.747499 6002113 13 1 0.9418672 1.248626 6002113 11 1 230 55109
1 1.134034 1.248093 1.022271 1 22.42438 1.437329 6002113 13 0 3.243492 3.095669 6002113 11 1 35 8284
1 1.059052 1.139164 0.9715886 0 2.358501 1.274026 6002113 11 0 32.13272 1.782307 6002113 13 1 15 3422
1 1.183608 1.169262 1.159476 0 440.8075 1.924269 6003113 11 1 79.10396 1.469871 6003113 13 1 27 6262
1 0.2304392 0.07526134 0.508429 0 48.88412 1.350185 6003113 13 0 233.1749 3.162009 6003113 11 1 27 6278
1 1.217313 1.182622 1.199648 1 167.905 1.308485 6003113 11 1 49.57831 1.147963 6003113 13 1 182 43592
1 1.152971 1.190243 1.109341 1 59.98575 1.31771 6003113 13 0 102.4677 1.197502 6003113 11 1 299 71757
1 1.099519 1.139476 1.051563 0 34.64432 1.619066 6002113 11 1 36.32398 3.037771 6002113 13 1 315 75547
1 1.031225 1.102163 0.9526981 1 56.56459 1.412627 6003113 11 1 18.38186 1.608113 6003113 13 1 350 83959
1 0.06958118 0.01446482 0.2254303 1 151.2902 1.120585 6003113 11 1 51.7245 1.280381 6003113 13 1 343 82150
1 1.761918 2.058838 1.43754 1 1.24824 1.221478 6002113 11 1 47.95928 1.636162 6002113 13 1 343 82287
1 1.0427 1.134261 0.9473373 0 64.5101 2.171715 6003113 13 0 668.6626 1.670527 6003113 11 1 344 82537
1 0.5762256 0.2893137 0.9113798 1 26.36708 1.603592 6002113 13 0 9.434861 1.258743 6002113 11 1 359 85929
1 1.49586 1.706142 1.278772 1 27.87763 1.354935 6002113 13 0 10.42218 1.751309 6002113 11 1 67 16054
1 1.575265 1.775696 1.383444 1 28.28285 2.858382 6002113 13 0 1.309668 1.77334 6002113 11 1 181 43284
1 1.147959 1.183877 1.106546 1 146.8183 1.30848 6003113 13 0 417.4288 2.730543 6003113 11 1 210 50184
1 1.645109 2.1548 1.183545 1 48.25993 1.856491 6003113 13 0 64.65928 1.653458 6003113 11 1 210 50298
1 1.217313 1.182622 1.199648 1 18.79988 1.228276 6002113 13 0 3.046109 1.235875 6002113 11 1 210 50304
1 1.095596 1.133769 1.050051 1 29.0349 1.184455 6002113 13 0 86.80545 1.509268 6002113 11 1 215 51435
1 1.058012 1.115802 0.9930252 0 3.715481 6.845273 6002113 11 1 32.12585 3.640148 6002113 13 1 244 58539
1 1.062846 1.139449 0.9784784 1 68.72919 1.168251 6003113 13 0 101.9806 1.289496 6003113 11 1 355 84988
1 0.02605346 0.004275305 0.110374 0 32.39419 1.287357 6002113 13 1 15.84348 1.551526 6002113 11 1 398 95373
1 1.033406 1.101364 0.958024 1 47.54125 1.129489 6002113 13 1 5.615788 1.273041 6002113 11 1 159 38117
1 1.151918 0.9752633 1.225726 1 43.94298 2.081595 6002113 13 1 5.117132 2.638768 6002113 11 1 174 41648
1 1.054444 1.13827 0.9640688 1 35.5712 1.3336 6003113 13 1 36.60557 1.080527 6003113 11 1 174 41737
1 0.3355998 0.123277 0.6770892 0 243.6827 1.802169 6003113 11 1 178.6469 1.199515 6003113 13 1 28 6538
1 0.9894024 0.7036328 1.19152 1 13.69019 1.322648 6002113 11 1 42.02526 1.248613 6002113 13 1 29 6760
1 1.147959 1.183877 1.106546 0 27.114 1.429057 6002113 13 0 5.798377 1.365763 6002113 11 1 96 22975
1 0.6159488 0.3166172 0.9557644 1 26.7722 1.154684 6003113 13 0 228.1541 1.187408 6003113 11 1 115 27411
1 1.026751 0.7444853 1.219196 1 0.3906679 1.440767 6002113 11 0 56.46672 2.927988 6002113 13 1 125 29776
1 1.026751 0.7444853 1.219196 1 67.49629 1.705593 6002113 13 0 2.541449 10.67334 6002113 11 1 179 42931
1 0.6679293 1.172073 0.374902 1 64.92831 2.620456 6003113 13 0 119.3595 1.644823 6003113 11 1 179 42932
1 0.01417853 0.002128869 0.07081318 0 28.83301 2.686153 6002113 11 1 20.06705 2.444811 6002113 13 1 185 44291
1 1.033406 1.101364 0.958024 0 336.1749 1.834703 6003113 11 1 72.42102 1.685326 6003113 13 1 188 45000
1 1.405111 1.934095 0.9833891 0 22.20875 1.435227 6002113 11 1 33.80552 1.968107 6002113 13 1 192 46010
1 1.49586 1.706142 1.278772 0 385.1195 1.188773 6003113 11 1 58.18817 1.127873 6003113 13 1 256 61360
1 1.190567 1.223018 1.152597 1 152.191 1.115985 6003113 11 1 98.52122 1.263935 6003113 13 1 256 61404
1 1.109295 1.155893 1.053631 0 76.79977 1.357019 6002113 11 0 126.771 1.091142 6002113 13 1 267 64030
1 1.109295 1.155893 1.053631 0 4.540567 6.05524 6002113 11 1 25.07665 2.166798 6002113 13 1 370 88669
1 1.157728 1.196465 1.111764 0 84.58479 1.353963 6003113 13 0 120.8629 1.926491 6003113 11 1 372 89133
1 1.314649 1.46568 1.173482 1 2.097267 1.171984 6002113 11 1 47.06895 1.450606 6002113 13 1 119 28382
1 1.192805 1.083559 1.213989 1 49.21455 1.625119 6003113 13 0 128.1731 3.17184 6003113 11 1 302 72424
1 1.191782 1.185832 1.16486 1 3.279847 3.802448 6002113 11 1 48.10443 1.400839 6002113 13 1 305 73084
1 0.2792014 0.09677438 0.588659 0 7.134223 1.420173 6002113 11 1 55.37471 1.442819 6002113 13 1 348 83510
1 0.789787 0.4650854 1.097808 0 368.8412 1.713867 6003113 11 1 86.26187 1.23977 6003113 13 1 254 60952
1 0.2792014 0.09677438 0.588659 1 31.37055 1.400442 6002113 13 1 18.02444 1.200489 6002113 11 1 277 66246
1 1.149237 1.698801 0.7921503 1 46.84972 1.23104 6003113 13 0 67.64578 2.407265 6003113 11 1 279 66860
1 1.282494 1.437562 1.137462 0 20.24734 1.607683 6002113 11 1 53.01365 1.33827 6002113 13 1 294 70488
1 1.575265 1.775696 1.383444 0 3.81568 1.87102 6002113 11 1 39.94547 1.524008 6002113 13 1 290 69413
1 0.8332192 0.5015442 1.138243 0 36.33762 1.689624 6003113 13 1 230.2029 2.896476 6003113 11 1 304 72734
1 1.56971 1.920896 1.202337 0 6.633826 4.851943 6002113 11 1 18.77547 3.480141 6002113 13 1 304 72736
1 0.5179346 0.9281273 0.2807825 1 26.32605 1.146558 6002113 13 0 28.95592 1.170457 6002113 11 1 303 72574
1 1.055133 1.104334 0.9975671 0 134.6341 1.327049 6003113 11 1 58.53743 1.191828 6003113 13 1 325 77866
1 0.3920611 0.7237228 0.2037318 0 22.19919 1.64299 6002113 11 1 34.58168 1.309786 6002113 13 1 331 79287
1 1.142868 1.177299 1.103399 0 94.37906 1.393467 6003113 11 1 29.77354 1.204707 6003113 13 1 331 79394
1 0.9894024 0.7036328 1.19152 0 42.58428 1.228993 6002113 13 0 4.874957 1.93934 6002113 11 1 335 80258
1 0.4094664 0.1680855 0.7591912 0 1.702649 1.84673 6002113 11 1 80.15652 1.77437 6002113 13 1 46 11033
1 1.134034 1.248093 1.022271 1 78.65403 1.361747 6002113 13 1 59.64098 1.730723 6002113 11 1 54 12763
1 1.106427 1.150534 1.053346 0 0.2197734 1.794876 6002113 11 1 50.81624 1.406416 6002113 13 1 84 19926
1 1.182032 1.113501 1.180358 0 123.4836 3.32139 6003113 11 1 24.82648 1.152111 6003113 13 1 84 19965
1 1.176288 1.010978 1.239274 0 88.48238 1.397184 6003113 11 1 97.60971 1.233715 6003113 13 1 129 30793
1 1.550791 1.753763 1.352368 0 52.70835 1.537069 6003113 13 0 4.951006 1.227493 6003113 11 1 135 32250
1 0.7055845 0.3974356 1.016366 0 418.4734 2.50474 6003113 11 1 73.25307 2.063622 6003113 13 1 276 66204
1 1.152501 1.258655 1.04415 0 44.63337 1.268883 6002113 11 1 41.74872 1.172871 6002113 13 1 314 75259
1 1.142868 1.177299 1.103399 0 301.8168 1.343042 6003113 11 1 62.74214 1.108878 6003113 13 1 391 93741
1 1.192805 1.083559 1.213989 1 25.72271 1.278435 6003113 13 0 68.69499 1.511848 6003113 11 1 394 94525
1 1.575265 1.775696 1.383444 1 29.24494 1.711813 6002113 13 0 27.31791 3.429595 6002113 11 1 411 98482
1 1.134034 1.248093 1.022271 1 10.20275 1.344294 6002113 11 1 43.07649 1.221578 6002113 13 1 411 98485
1 1.329532 1.478061 1.189894 1 94.74953 1.294243 6003113 13 0 402.109 4.356933 6003113 11 1 412 98721
1 1.173319 1.196671 1.139395 1 69.80282 1.084519 6003113 11 1 79.98784 1.213675 6003113 13 1 41 9666
1 1.183608 1.169262 1.159476 0 43.63175 1.357703 6002113 11 1 42.96103 1.335616 6002113 13 1 45 10713
1 1.099696 0.9023142 1.195627 0 147.024 1.780018 6003113 13 0 182.5776 19.78047 6003113 11 1 150 35945
1 0.114587 0.02674881 0.3330998 1 2.694027 1.219906 6002113 11 1 40.91439 2.043696 6002113 13 1 165 39435
1 1.173319 1.196671 1.139395 0 884.1406 1.507586 6003113 11 0 24.77035 1.179263 6003113 13 1 329 78941
1 1.057513 1.112379 0.9951048 1 30.81449 3.175885 6002113 13 0 52.36869 1.306098 6002113 11 1 330 79140
1 1.173319 1.196671 1.139395 1 35.37753 1.705406 6002113 13 1 17.75071 2.357038 6002113 11 1 353 84659
1 1.49586 1.706142 1.278772 1 0.2311494 1.037186 6002113 11 0 62.73238 1.38642 6002113 13 1 14 3354
1 1.194803 1.137859 1.187115 0 5.578533 3.118662 6002113 11 1 36.59913 1.661249 6002113 13 1 101 24148
1 1.705086 2.017803 1.363962 0 71.88684 1.303761 6002113 13 1 11.17346 2.568439 6002113 11 1 312 74702
1 1.225386 1.141194 1.230719 1 17.96837 1.927235 6002113 13 0 32.31796 3.642022 6002113 11 1 313 75114
1 1.190567 1.223018 1.152597 1 32.45071 1.674123 6003113 13 0 302.2843 2.192834 6003113 11 1 322 77150
1 0.2792014 0.09677438 0.588659 0 97.00281 1.168711 6003113 13 1 47.53964 1.220271 6003113 11 1 74 17708
1 0.2304392 0.07526134 0.508429 1 83.12403 1.371468 6003113 13 0 106.9646 1.498042 6003113 11 1 113 26935
1 1.182032 1.113501 1.180358 1 256.2346 1.598214 6003113 11 1 49.39838 1.948637 6003113 13 1 105 25110
1 1.134034 1.248093 1.022271 0 82.75256 1.158921 6003113 11 1 35.88826 1.246101 6003113 13 1 131 31236
1 0.4269872 0.7264097 0.2541938 1 46.51838 1.410166 6002113 13 0 2.039287 2.501924 6002113 11 1 131 31357
1 1.152501 1.258655 1.04415 0 77.9667 8.317468 6002113 11 1 55.91695 2.088621 6002113 13 1 140 33554
1 1.106427 1.150534 1.053346 0 66.18568 4.274952 6003113 11 1 44.88359 1.133088 6003113 13 1 146 34945
1 1.157728 1.196465 1.111764 1 38.3658 1.023783 6002113 13 0 2.042659 1.771125 6002113 11 1 272 65218
1 1.083255 0.8452013 1.220206 1 60.4538 1.559368 6003113 13 0 369.2555 1.532215 6003113 11 1 274 65599
1 1.137649 1.170432 1.099925 1 65.21748 1.725488 6002113 13 1 28.71675 1.796344 6002113 11 1 390 93470
1 0.3355998 0.123277 0.6770892 0 229.709 7.077732 6003113 11 1 43.89593 1.366828 6003113 13 1 400 95873
1 0.5380682 0.2637946 0.8676014 1 31.08989 1.186512 6003113 13 0 202.6824 1.450184 6003113 11 1 388 93015
1 0.4094664 0.1680855 0.7591912 0 3.302161 4.113928 6002113 11 1 27.04472 2.627656 6002113 13 1 1 148
1 0.789787 0.4650854 1.097808 1 59.40836 1.999037 6002113 11 0 25.72838 2.661049 6002113 13 1 5 1019
1 1.143675 1.253919 1.033471 0 81.79166 1.548542 6002113 13 1 2.921994 1.037769 6002113 11 1 56 13344
1 1.112575 1.233052 0.9981722 0 90.19031 1.311479 6002113 11 1 39.40922 1.277217 6002113 13 1 66 15682
1 1.20651 1.16088 1.193521 0 68.38596 1.355872 6003113 11 1 39.56573 1.230693 6003113 13 1 47 11163
1 1.033406 1.101364 0.958024 0 13.9455 6.507227 6002113 11 1 15.59909 2.041538 6002113 13 1 49 11557
1 1.050919 0.8056091 1.198818 0 54.1151 1.348454 6003113 11 1 29.11905 1.294572 6003113 13 1 60 14395
1 0.7934737 0.4881172 1.065644 0 35.49633 1.345338 6003113 11 1 50.15818 1.179418 6003113 13 1 63 15048
1 1.031225 1.102163 0.9526981 0 6.113623 1.246015 6002113 11 0 45.48383 2.328158 6002113 13 1 90 21503
1 0.009710893 0.001441682 0.05238557 0 110.3777 1.199835 6003113 13 0 138.8208 1.953502 6003113 11 1 197 47061
1 1.126364 0.9389989 1.211138 0 358.3389 1.46173 6003113 11 1 46.12236 1.188399 6003113 13 1 197 47093
1 1.282494 1.437562 1.137462 1 28.01993 1.093138 6002113 13 1 19.61971 1.287317 6002113 11 1 79 18786
1 0.6235333 0.981489 0.3895437 1 30.30532 1.899104 6002113 13 0 6.826035 1.726168 6002113 11 1 156 37420
1 1.063672 0.7860307 1.245813 1 93.77998 3.837141 6003113 11 1 44.41749 1.292135 6003113 13 1 158 37754
1 0.7934737 0.4881172 1.065644 0 54.10146 2.997374 6002113 11 1 91.30215 1.448989 6002113 13 1 159 37972
1 1.123647 1.241142 1.010512 1 16.75068 1.147424 6002113 13 0 22.88504 2.256557 6002113 11 1 93 22096
1 0.9160994 0.6007248 1.171549 1 63.40189 1.329815 6002113 13 0 14.11865 1.961019 6002113 11 1 93 22100
1 1.190567 1.223018 1.152597 1 52.78969 1.747228 6003113 13 0 65.61622 11.57136 6003113 11 1 148 35475
1 0.001480656 0.0002940148 0.00851074 1 30.64787 1.225967 6003113 13 1 187.4736 1.202498 6003113 11 1 157 37470
1 0.8748782 0.5617447 1.136825 0 108.9936 8.147188 6003113 11 1 38.23641 1.706607 6003113 13 1 172 41258
1 1.524498 1.73059 1.317664 1 88.58889 1.269946 6003113 13 0 64.80879 1.242162 6003113 11 1 176 42166
1 1.26516 1.422013 1.117256 1 14.59335 1.535375 6002113 13 0 3.935498 1.376781 6002113 11 1 195 46628
1 1.095596 1.133769 1.050051 0 1.153061 10.12101 6002113 11 1 29.54693 1.107499 6002113 13 1 195 46673
1 1.225386 1.141194 1.230719 0 5.172218 1.434404 6002113 11 1 44.29412 1.22618 6002113 13 1 224 53626
1 0.2443026 0.07741789 0.5517042 1 39.63556 1.373945 6002113 13 0 13.1364 1.470507 6002113 11 1 234 56015
1 1.152501 1.258655 1.04415 1 18.41514 2.05979 6002113 13 0 8.273338 1.394917 6002113 11 1 9 2073
1 0.5226254 0.8798594 0.3137767 0 72.39943 3.978354 6003113 11 1 58.87559 1.14632 6003113 13 1 16 3615
1 1.566869 2.206142 1.088645 0 38.32619 1.282147 6003113 13 1 65.00435 1.375534 6003113 11 1 16 3767
