1 1.199428 1.046014 1.251733 0 25.55308 2.637279 6002113 11 1 71.51893 2.215491 6002113 13 1 81 19383
1 1.059052 1.139164 0.9715886 1 1.495996 1.360196 6002113 11 1 30.35014 1.798963 6002113 13 1 82 19641
1 1.645109 2.1548 1.183545 1 21.40564 1.461309 6002113 11 1 65.62865 1.471178 6002113 13 1 229 54867
1 1.192805 1.083559 1.213989 0 116.3073 5.789792 6002113 11 1 65.92864 3.842274 6002113 13 1 230 54987
1 1.49586 1.706142 1.278772 1 15.01459 2.396134 6002113 11 1 47.58034 1.365009 6002113 13 1 230 55195
1 0.7934737 0.4881172 1.065644 1 75.00392 1.842077 6003113 13 1 180.6492 1.591274 6003113 11 1 315 75492
1 0.07905591 0.01690496 0.2492307 1 38.72339 1.240851 6003113 13 1 527.9502 1.753723 6003113 11 1 315 75509
1 1.566869 2.206142 1.088645 1 51.01819 1.441363 6002113 11 1 51.00874 1.457808 6002113 13 1 316 75666
1 1.152971 1.190243 1.109341 1 118.1171 1.541823 6003113 13 1 81.04443 1.572505 6003113 11 1 321 76960
1 1.56971 1.920896 1.202337 1 7.493528 1.519684 6002113 11 1 37.97337 1.494277 6002113 13 1 321 77022
1 1.056557 1.108524 0.9965968 1 21.07376 1.448298 6002113 11 1 34.30826 1.947822 6002113 13 1 322 77158
1 1.405111 1.934095 0.9833891 1 39.06263 1.893076 6003113 13 1 377.3992 1.744074 6003113 11 1 327 78317
1 1.190567 1.223018 1.152597 1 65.4213 1.463287 6003113 13 0 1139.821 2.592425 6003113 11 1 327 78372
1 0.2539062 0.08544197 0.5475258 1 13.99345 2.439568 6002113 13 1 20.28185 1.763817 6002113 11 1 327 78387
1 1.157728 1.196465 1.111764 1 44.89983 1.83833 6002113 13 1 50.01115 1.56094 6002113 11 1 328 78681
1 1.641128 1.972201 1.285192 1 42.82891 1.537778 6003113 11 1 42.56134 1.488658 6003113 13 1 353 84696
1 1.062846 1.139449 0.9784784 1 53.57779 1.702925 6002113 13 1 98.4453 3.056257 6002113 11 1 354 84756
1 1.03119 1.524041 0.7057037 1 134.7673 1.672831 6003113 13 0 922.9189 1.756995 6003113 11 1 360 86168
1 0.5279956 0.2465533 0.8852676 1 113.9581 1.373987 6002113 13 1 85.98517 1.432803 6002113 11 1 360 86181
1 1.017868 0.7662661 1.176325 1 28.08201 1.396389 6002113 11 1 110.8139 1.44806 6002113 13 1 363 86882
1 0.5292084 0.8493549 0.3262614 0 16.3686 2.014924 6002113 11 1 24.5654 2.973518 6002113 13 1 364 87153
1 1.550791 1.753763 1.352368 1 61.88142 1.979246 6002113 11 1 28.75392 1.366214 6002113 13 1 367 88030
1 1.183608 1.169262 1.159476 1 91.80355 1.395185 6002113 13 0 9.645367 1.424572 6002113 11 1 368 88290
1 1.036252 1.095703 0.9699052 1 93.72176 1.572916 6002113 13 1 21.15704 1.527516 6002113 11 1 371 88873
1 1.152501 1.258655 1.04415 1 38.68305 1.579987 6002113 13 1 41.25811 1.507143 6002113 11 1 371 88900
1 1.167323 1.186361 1.134647 1 82.67352 1.51035 6002113 13 1 63.65494 3.813974 6002113 11 1 371 88968
1 1.054444 1.13827 0.9640688 0 78.10759 1.588623 6002113 13 1 14.55261 1.80365 6002113 11 1 372 89158
1 1.179161 1.206147 1.144075 1 18.89634 1.415081 6002113 11 1 74.11558 1.431446 6002113 13 1 372 89221
1 0.6571895 0.3457574 1.000641 1 381.2659 1.869546 6003113 11 1 104.7034 1.207628 6003113 13 1 391 93666
1 1.106427 1.150534 1.053346 1 80.99709 3.054754 6003113 13 0 162.5882 4.094293 6003113 11 1 391 93756
1 1.56971 1.920896 1.202337 1 14.20246 3.132885 6002113 11 1 55.69175 1.815737 6002113 13 1 391 93830
1 0.1080031 0.02598027 0.3057024 0 60.5576 3.825798 6003113 11 1 148.6035 1.467364 6003113 13 1 392 93962
1 1.143675 1.253919 1.033471 1 54.04718 1.473795 6003113 13 1 104.2537 1.350977 6003113 11 1 392 93980
1 0.5279956 0.2465533 0.8852676 1 67.41103 1.39244 6002113 13 1 43.7919 7.088428 6002113 11 1 21 4851
1 1.164201 1.711426 0.8059074 1 77.23895 1.3885 6003113 13 1 210.5283 1.475965 6003113 11 1 22 5141
1 0.1793033 0.05184105 0.4351809 0 1357.754 1.784596 6003113 11 1 76.80611 1.635023 6003113 13 1 22 5242
1 0.9517445 0.6636014 1.162862 1 68.65558 1.499908 6003113 13 0 689.9572 2.010134 6003113 11 1 26 6057
1 0.4903168 0.2233237 0.8385035 1 148.6875 1.564397 6003113 13 0 184.7415 8.669748 6003113 11 1 26 6074
1 1.761918 2.058838 1.43754 1 11.62327 2.142026 6002113 11 1 55.1874 1.7923 6002113 13 1 26 6099
1 1.099519 1.139476 1.051563 1 37.4695 1.622972 6002113 13 0 7.158072 1.499896 6002113 11 1 26 6129
1 0.6235333 0.981489 0.3895437 1 21.97983 2.087122 6002113 11 1 53.87807 1.999248 6002113 13 1 58 13698
1 1.190567 1.223018 1.152597 1 79.63111 1.489275 6002113 13 1 11.55201 1.592874 6002113 11 1 58 13794
1 1.1849 1.214892 1.148506 1 60.82783 1.304634 6002113 13 1 9.866923 1.862872 6002113 11 1 58 13800
1 1.056557 1.108524 0.9965968 1 45.37777 1.571251 6002113 13 1 4.297007 1.593991 6002113 11 1 71 16999
1 1.054444 1.13827 0.9640688 0 85.35556 1.415226 6002113 11 1 65.43023 1.408872 6002113 13 1 72 17070
1 0.9574994 0.6410515 1.205563 1 34.16178 1.878051 6002113 13 0 1.472499 1.911277 6002113 11 1 94 22546
1 1.123647 1.241142 1.010512 1 98.14542 1.666251 6003113 13 1 81.50164 1.768964 6003113 11 1 104 24801
1 0.9138955 0.6245104 1.1333 1 5.872577 2.513039 6002113 11 1 43.23695 1.599593 6002113 13 1 119 28347
1 0.665028 0.3662483 0.9755856 1 109.8961 3.262395 6002113 11 1 39.92483 1.829628 6002113 13 1 119 28432
1 1.036252 1.095703 0.9699052 1 57.62545 1.382365 6002113 11 1 76.40656 1.431839 6002113 13 1 119 28533
1 1.062846 1.139449 0.9784784 0 613.9862 1.773174 6003113 11 1 193.6906 2.019321 6003113 13 1 120 28641
1 0.3170899 0.1198369 0.6261138 1 77.70581 2.317915 6003113 11 1 162.6723 2.280928 6003113 13 1 133 31697
1 1.191782 1.185832 1.16486 1 32.27864 2.13293 6002113 13 1 2.435575 1.705537 6002113 11 1 134 31970
1 1.031225 1.102163 0.9526981 1 78.76333 1.789116 6003113 13 1 26.98116 3.153326 6003113 11 1 134 32055
1 1.099519 1.139476 1.051563 1 47.60328 2.132113 6002113 13 1 67.74986 1.803473 6002113 11 1 134 32148
1 1.063672 0.7860307 1.245813 1 162.0303 1.215151 6003113 11 1 78.83709 2.119235 6003113 13 1 135 32194
1 1.866054 2.331325 1.3979 1 71.11067 1.992478 6002113 13 1 10.67242 2.934167 6002113 11 1 135 32354
1 1.199428 1.046014 1.251733 1 45.72678 2.093628 6003113 13 1 248.4748 2.249564 6003113 11 1 145 34596
1 1.095596 1.133769 1.050051 1 90.36618 1.477303 6003113 13 1 376.1288 1.391161 6003113 11 1 146 34828
1 1.191782 1.185832 1.16486 1 36.69121 1.735138 6002113 13 1 6.063514 1.345173 6002113 11 1 156 37311
1 1.035838 1.098122 0.9666125 1 13.91932 1.42982 6003113 11 1 87.18954 1.497301 6003113 13 1 157 37572
1 1.550791 1.753763 1.352368 1 94.97004 1.815391 6003113 13 1 26.736 4.34215 6003113 11 1 157 37634
1 0.789787 0.4650854 1.097808 1 216.4693 1.50776 6003113 11 1 42.39863 1.608897 6003113 13 1 158 37691
1 0.7242169 1.085561 0.4754195 1 24.99993 1.659482 6002113 11 1 69.77198 1.32158 6002113 13 1 164 39311
1 1.199428 1.046014 1.251733 1 65.35519 1.891057 6002113 13 1 5.468075 1.413854 6002113 11 1 171 40999
1 1.095596 1.133769 1.050051 1 15.28765 2.027892 6001113 13 1 1.083002 2.410155 6001113 11 1 172 41202
1 1.114777 0.884905 1.24054 1 39.1107 2.479475 6002113 13 1 1.751188 2.578115 6002113 11 1 172 41227
1 0.2208223 0.06788179 0.510611 1 93.58022 1.642326 6002113 13 1 23.34918 1.570631 6002113 11 1 173 41361
1 1.182032 1.113501 1.180358 1 43.00908 1.515171 6002113 13 1 26.50731 1.556673 6002113 11 1 173 41423
1 1.152971 1.190243 1.109341 1 60.76758 2.399064 6002113 13 1 2.780262 1.97394 6002113 11 1 174 41533
1 1.191782 1.185832 1.16486 1 85.76533 1.51239 6003113 11 1 114.7924 2.126289 6003113 13 1 174 41697
1 1.282494 1.437562 1.137462 1 71.55124 1.708247 6003113 13 1 342.933 1.615 6003113 11 1 174 41721
1 0.9894024 0.7036328 1.19152 1 38.7164 1.396972 6003113 13 1 31.45914 1.461266 6003113 11 1 174 41732
1 0.9574994 0.6410515 1.205563 1 62.19055 2.659226 6002113 13 1 81.48112 1.440083 6002113 11 1 208 49907
1 0.1214868 0.03012302 0.3349064 1 80.48273 1.091016 6003113 11 1 107.7234 1.910039 6003113 13 1 79 18775
1 0.4903168 0.2233237 0.8385035 1 73.86019 1.997643 6003113 13 1 122.0902 1.537059 6003113 11 1 86 20488
1 1.057513 1.112379 0.9951048 0 1052.496 2.828055 6003113 11 1 68.22456 2.742884 6003113 13 1 87 20653
1 1.099696 0.9023142 1.195627 1 99.83331 1.685405 6003113 13 0 1261.504 1.781626 6003113 11 1 87 20655
1 1.209625 1.112975 1.222657 1 77.08861 1.302079 6003113 11 1 97.05756 1.738445 6003113 13 1 87 20846
1 1.058012 1.115802 0.9930252 1 22.49071 2.242215 6002113 11 1 36.66976 1.974102 6002113 13 1 107 25537
1 0.02605346 0.004275305 0.110374 0 82.71724 1.63155 6002113 11 1 54.50974 1.584409 6002113 13 1 117 27858
1 1.050919 0.8056091 1.198818 1 39.59142 1.310186 6002113 13 0 2.376588 1.822234 6002113 11 1 118 28306
1 1.053247 1.09991 0.9980844 1 48.70798 4.982484 6002113 13 1 14.88397 4.241035 6002113 11 1 129 30726
1 1.314649 1.46568 1.173482 1 48.35587 1.54679 6002113 13 1 23.72505 3.039942 6002113 11 1 129 30932
1 1.095596 1.133769 1.050051 1 3.883037 4.173237 6002113 11 1 57.41043 2.571616 6002113 13 1 131 31207
1 1.282494 1.437562 1.137462 1 55.8997 1.559837 6003113 13 1 161.9742 1.394676 6003113 11 1 132 31481
1 1.112575 1.233052 0.9981722 1 20.97042 2.03679 6002113 13 1 5.402558 2.357631 6002113 11 1 132 31568
1 1.059052 1.139164 0.9715886 1 32.58998 1.484896 6002113 11 1 46.35343 1.434235 6002113 13 1 137 32715
1 1.298986 1.452146 1.156092 1 62.07668 1.572068 6003113 13 1 415.5458 1.884282 6003113 11 1 137 32741
1 1.641128 1.972201 1.285192 1 22.52445 1.691622 6002113 11 1 74.25398 1.38543 6002113 13 1 138 32938
1 0.7268606 1.122648 0.4611204 1 122.212 2.357394 6002113 13 1 33.78911 6.454041 6002113 11 1 140 33510
1 1.761918 2.058838 1.43754 1 28.89756 1.757632 6002113 13 1 10.99822 1.607039 6002113 11 1 161 38507
1 0.003019196 0.0005044267 0.01820843 1 80.85269 1.478407 6003113 13 1 442.4606 2.708014 6003113 11 1 162 38741
1 1.183608 1.169262 1.159476 1 19.49661 2.001763 6002113 11 1 25.40824 2.445659 6002113 13 1 274 65537
1 1.0427 1.134261 0.9473373 1 9.167222 1.465908 6003113 11 1 59.94698 1.414395 6003113 13 1 274 65574
1 1.761918 2.058838 1.43754 1 333.6735 1.580356 6003113 11 1 142.0103 1.587333 6003113 13 1 274 65580
1 1.213336 1.227995 1.180605 1 87.29787 1.384403 6002113 13 1 161.3256 4.648049 6002113 11 1 274 65601
1 1.213336 1.227995 1.180605 1 243.3493 1.345552 6003113 11 1 122.1486 1.517975 6003113 13 1 274 65662
1 1.099696 0.9023142 1.195627 1 235.1024 1.460949 6003113 13 1 252.9964 1.411177 6003113 11 1 274 65730
1 1.199428 1.046014 1.251733 1 51.34225 1.539678 6002113 13 1 8.1759 1.649462 6002113 11 1 275 65812
1 1.282494 1.437562 1.137462 1 6.164409 1.787689 6002113 11 1 53.89272 1.550109 6002113 13 1 276 66165
1 0.05673886 0.0108806 0.1995393 1 37.18322 1.334052 6002113 11 1 31.56697 3.181674 6002113 13 1 293 70292
1 1.147959 1.183877 1.106546 0 3.02907 3.833349 6002113 11 1 44.47011 2.546955 6002113 13 1 300 71949
1 1.152501 1.258655 1.04415 1 158.7633 2.817047 6003113 11 1 73.95908 1.866369 6003113 13 1 331 79203
1 0.1363718 0.034862 0.3662451 1 171.8307 1.526484 6003113 13 1 176.0389 1.503098 6003113 11 1 332 79473
1 1.031225 1.102163 0.9526981 1 84.63348 1.61124 6002113 13 1 30.04937 1.4601 6002113 11 1 332 79580
1 1.152971 1.190243 1.109341 1 57.94595 5.27509 6002113 11 1 43.54715 1.816553 6002113 13 1 344 82399
1 0.8339615 0.5241884 1.101491 0 103.7501 1.730339 6002113 13 0 0.3730847 4.968595 6002113 11 1 347 83146
1 0.2304392 0.07526134 0.508429 1 199.2791 1.469427 6003113 13 1 132.3391 2.681202 6003113 11 1 348 83383
1 1.167323 1.186361 1.134647 1 35.69286 1.349858 6003113 13 1 412.793 2.816928 6003113 11 1 175 41949
1 1.03119 1.524041 0.7057037 1 89.07291 2.228011 6003113 13 1 172.5889 1.972932 6003113 11 1 176 42154
1 1.10316 1.145079 1.05266 1 4.781891 1.560257 6002113 11 1 28.71705 1.579022 6002113 13 1 176 42239
1 1.157728 1.196465 1.111764 1 86.74799 1.80166 6002113 13 1 0.00889868 1.854593 6002113 11 1 219 52401
1 1.035838 1.098122 0.9666125 1 202.1266 1.60578 6003113 11 1 47.85668 1.445719 6003113 13 1 255 60978
1 0.06958118 0.01446482 0.2254303 1 39.35765 1.289186 6003113 13 1 74.94135 3.050974 6003113 11 1 301 72054
1 1.034916 1.100018 0.9626585 1 60.21636 2.379222 6002113 13 1 81.07172 1.40836 6002113 11 1 302 72457
1 0.9894024 0.7036328 1.19152 1 55.56498 1.794118 6003113 13 1 36.60625 2.805535 6003113 11 1 320 76692
1 1.143675 1.253919 1.033471 1 157.1424 1.594874 6002113 11 1 24.97787 1.720098 6002113 13 1 320 76698
1 1.053247 1.09991 0.9980844 0 7.945274 2.781971 6002113 11 1 70.4012 2.428954 6002113 13 1 323 77338
1 1.058012 1.115802 0.9930252 1 85.22858 1.800789 6003113 13 0 84.26863 1.640391 6003113 11 1 337 80704
1 1.114777 0.884905 1.24054 1 291.5353 1.404432 6003113 11 1 125.621 1.422057 6003113 13 1 338 81008
1 0.2792014 0.09677438 0.588659 1 39.18961 1.947547 6002113 13 1 8.632625 1.417256 6002113 11 1 345 82656
1 1.142868 1.177299 1.103399 1 59.94453 1.830795 6002113 11 1 50.92374 1.708821 6002113 13 1 345 82699
1 0.7268606 1.122648 0.4611204 0 49.4108 2.285826 6002113 11 1 30.85677 1.855647 6002113 13 1 346 82878
1 1.227292 1.202911 1.205555 1 0.2106592 1.430837 6002113 11 1 77.56771 1.646194 6002113 13 1 1 121
1 1.106427 1.150534 1.053346 1 26.8509 2.001285 6002113 11 1 29.8194 1.346857 6002113 13 1 2 273
1 1.812285 2.096335 1.505211 0 30.21233 1.628075 6002113 11 1 20.08725 2.38594 6002113 13 1 2 290
1 1.062846 1.139449 0.9784784 0 6.536042 10.04572 6002113 11 1 36.82848 2.659234 6002113 13 1 169 40511
1 0.9574994 0.6410515 1.205563 1 30.14847 1.654239 6002113 11 1 53.50827 2.472511 6002113 13 1 170 40743
1 1.054444 1.13827 0.9640688 1 18.43245 2.060713 6003113 13 1 425.683 1.687784 6003113 11 1 211 50427
1 1.112575 1.233052 0.9981722 1 57.06086 1.575217 6003113 13 1 60.63401 2.640311 6003113 11 1 212 50837
1 1.217313 1.182622 1.199648 0 14.33767 1.861038 6002113 11 1 27.00734 1.469449 6002113 13 1 257 61538
1 0.1080031 0.02598027 0.3057024 1 40.4039 1.404707 6002113 13 1 36.48341 2.54869 6002113 11 1 261 62414
1 0.5179346 0.9281273 0.2807825 1 39.48907 1.271548 6002113 11 1 26.89641 1.709724 6002113 13 1 262 62733
1 0.6342273 1.05356 0.3835326 1 5.155672 1.597502 6002113 11 1 45.74207 1.667226 6002113 13 1 262 62763
1 0.03472439 0.005924022 0.1396847 0 20.60686 12.10619 6002113 11 1 62.92508 2.93685 6002113 13 1 262 62819
1 1.114777 0.884905 1.24054 1 72.59647 1.561455 6002113 11 1 40.73734 1.719926 6002113 13 1 304 72798
1 0.4205023 0.1819855 0.7484848 1 55.96065 2.412694 6002113 13 0 10.31089 2.186395 6002113 11 1 333 79727
1 1.099696 0.9023142 1.195627 1 13.7918 1.372729 6002113 11 1 32.67229 1.524141 6002113 13 1 361 86509
1 1.179161 1.206147 1.144075 1 44.87922 1.521133 6002113 11 1 54.68561 3.826223 6002113 13 1 361 86577
1 1.152501 1.258655 1.04415 1 5.474392 1.495827 6002113 11 1 92.79304 1.43162 6002113 13 1 365 87505
1 1.190567 1.223018 1.152597 0 515.718 2.287354 6003113 11 1 74.67256 1.562471 6003113 13 1 370 88650
1 1.053247 1.09991 0.9980844 1 37.04158 1.993841 6002113 13 1 41.03294 2.498471 6002113 11 1 5 1015
1 1.206555 1.21522 1.17542 1 26.07513 1.345392 6002113 11 1 161.3986 1.499044 6002113 13 1 6 1205
1 1.152501 1.258655 1.04415 0 1401.198 2.07373 6003113 11 1 116.8174 1.525797 6003113 13 1 6 1341
1 0.02605346 0.004275305 0.110374 1 103.7502 1.416017 6002113 13 1 54.44816 1.944992 6002113 11 1 6 1373
1 0.00526219 0.000796892 0.0301381 1 180.9904 1.6274 6003113 13 1 477.4114 2.319966 6003113 11 1 37 8766
1 1.173319 1.196671 1.139395 1 30.54193 1.686744 6002113 13 1 2.641999 1.689348 6002113 11 1 37 8848
1 1.123647 1.241142 1.010512 1 29.88441 1.619485 6002113 13 1 4.563029 2.677651 6002113 11 1 37 8855
1 1.123647 1.241142 1.010512 1 53.21186 1.319603 6002113 13 1 47.83854 1.525573 6002113 11 1 38 8972
1 1.050919 0.8056091 1.198818 0 39.21354 8.621966 6002113 11 1 106.6091 2.322954 6002113 13 1 38 9064
1 0.747205 0.4303799 1.057145 1 121.2738 4.657725 6003113 11 1 98.72134 1.626044 6003113 13 1 240 57392
1 0.06958118 0.01446482 0.2254303 1 70.71838 1.335282 6002113 13 1 2.819767 1.694037 6002113 11 1 241 57749
1 1.143675 1.253919 1.033471 1 1.673608 4.159582 6002113 11 1 56.5243 1.762194 6002113 13 1 242 57903
1 1.164201 1.711426 0.8059074 1 408.524 1.420956 6003113 11 1 175.6544 1.414866 6003113 13 1 242 57952
1 1.056557 1.108524 0.9965968 1 120.7132 1.820597 6002113 13 1 5.616648 1.465834 6002113 11 1 242 57957
1 0.5179346 0.9281273 0.2807825 1 66.41594 1.71652 6002113 13 1 0.6895196 2.764 6002113 11 1 259 61955
1 1.033406 1.101364 0.958024 1 89.97691 1.889436 6003113 13 1 462.7366 2.301835 6003113 11 1 260 62255
1 1.182032 1.113501 1.180358 1 74.94383 1.478681 6003113 13 1 351.9986 2.272898 6003113 11 1 283 67726
1 0.5380682 0.2637946 0.8676014 1 163.044 1.391209 6003113 13 0 892.8879 1.738143 6003113 11 1 283 67919
1 1.183608 1.169262 1.159476 1 88.42913 2.004338 6003113 13 1 306.8253 1.331694 6003113 11 1 297 71048
1 1.033406 1.101364 0.958024 1 49.95714 1.547202 6003113 13 0 1114.769 2.192912 6003113 11 1 297 71057
1 0.02071812 0.003240969 0.0945363 1 18.70598 1.603051 6003113 13 1 154.231 1.477743 6003113 11 1 298 71321
1 0.5279956 0.2465533 0.8852676 0 35.36333 1.655382 6002113 11 1 45.21054 1.729065 6002113 13 1 387 92839
1 1.194803 1.137859 1.187115 1 16.06826 1.446882 6002113 11 1 92.6186 1.552693 6002113 13 1 388 92967
1 0.02402195 0.003812468 0.1069883 1 90.86244 2.116065 6003113 13 1 214.1148 1.540573 6003113 11 1 393 94098
1 1.152501 1.258655 1.04415 1 28.32607 1.507312 6002113 11 1 86.93979 2.091101 6002113 13 1 394 94324
1 1.192805 1.083559 1.213989 1 24.84932 1.402475 6002113 11 1 58.16051 1.583319 6002113 13 1 409 97946
1 1.059052 1.139164 0.9715886 1 125.8299 1.505059 6003113 11 1 109.8852 1.418561 6003113 13 1 409 98084
1 1.056557 1.108524 0.9965968 1 68.26216 1.585854 6002113 11 1 74.64946 1.453637 6002113 13 1 410 98161
1 1.0427 1.134261 0.9473373 1 18.06018 2.313294 6002113 13 0 40.44215 1.910542 6002113 11 1 410 98243
1 0.3170899 0.1198369 0.6261138 1 45.25184 1.424416 6002113 13 1 4.95468 1.531067 6002113 11 1 412 98849
1 1.048997 1.136673 0.9559695 1 42.7612 1.471566 6002113 13 1 22.58207 1.385276 6002113 11 1 413 98910
1 0.02605346 0.004275305 0.110374 0 40.63538 1.533822 6002113 11 1 31.77126 2.350955 6002113 13 1 413 99087
1 1.056557 1.108524 0.9965968 1 36.24311 1.90034 6002113 13 1 37.79855 1.879517 6002113 11 1 413 99096
1 1.289688 1.878288 0.892531 1 46.24416 1.803658 6002113 13 0 81.23819 4.217035 6002113 11 1 414 99266
1 1.035838 1.098122 0.9666125 1 94.62082 1.562456 6002113 13 1 46.48318 1.788381 6002113 11 1 61 14453
1 0.4445066 0.7265916 0.2710897 0 532.512 1.735158 6003113 11 1 44.76619 1.501423 6003113 13 1 61 14523
1 1.191782 1.185832 1.16486 1 34.61956 2.521792 6002113 13 1 12.5231 1.509807 6002113 11 1 62 14869
1 0.3355998 0.123277 0.6770892 1 58.79899 1.357755 6002113 13 1 92.43932 1.926975 6002113 11 1 69 16448
1 0.5380682 0.2637946 0.8676014 0 1358.829 1.8766 6003113 11 1 64.38585 1.525544 6003113 13 1 69 16452
1 1.157728 1.196465 1.111764 1 50.83329 1.585465 6002113 11 1 50.18974 1.435519 6002113 13 1 70 16704
1 1.26516 1.422013 1.117256 1 279.6395 2.423412 6003113 11 1 99.04465 1.525933 6003113 13 1 83 19715
1 1.812285 2.096335 1.505211 1 69.50497 1.551011 6002113 11 1 56.94367 1.68323 6002113 13 1 83 19870
1 1.134034 1.248093 1.022271 1 76.66814 2.271663 6002113 11 1 108.0687 1.502071 6002113 13 1 84 19970
1 1.575265 1.775696 1.383444 1 43.28409 1.506921 6002113 11 1 22.19054 1.360139 6002113 13 1 92 21976
1 1.282494 1.437562 1.137462 1 53.89198 1.479108 6002113 11 1 46.80781 1.558744 6002113 13 1 125 29964
1 1.213336 1.227995 1.180605 1 28.12643 2.245085 6002113 13 0 22.20205 1.622074 6002113 11 1 187 44665
1 0.7242169 1.085561 0.4754195 1 23.66743 2.819172 6002113 11 1 56.54615 1.354648 6002113 13 1 187 44778
1 0.203907 0.4107535 0.09737417 1 15.46332 1.348419 6002113 11 1 46.28644 1.58084 6002113 13 1 188 44899
1 1.20651 1.16088 1.193521 1 38.95766 1.461467 6003113 13 0 250.4831 2.314535 6003113 11 1 188 44953
1 0.9574994 0.6410515 1.205563 1 65.00754 1.594839 6002113 13 1 16.91881 2.608303 6002113 11 1 223 53358
1 1.209625 1.112975 1.222657 1 31.23506 1.849644 6002113 11 1 34.97884 1.27466 6002113 13 1 224 53643
1 1.157728 1.196465 1.111764 1 12.04327 1.525156 6002113 11 1 38.87086 1.505826 6002113 13 1 231 55439
1 1.42456 2.044705 0.9864829 1 55.00557 2.434633 6003113 13 1 37.70638 1.658071 6003113 11 1 232 55647
1 1.112575 1.233052 0.9981722 1 90.30614 2.63243 6002113 13 1 84.77232 1.809976 6002113 11 1 263 63108
1 1.282494 1.437562 1.137462 1 19.80345 2.246271 6002113 13 1 9.400949 2.923939 6002113 11 1 264 63194
1 1.123647 1.241142 1.010512 1 66.80627 2.30425 6002113 13 1 5.732846 1.566041 6002113 11 1 289 69125
1 1.176288 1.010978 1.239274 0 44.1579 1.371366 6002113 11 1 79.13371 1.681944 6002113 13 1 329 78794
1 0.2304392 0.07526134 0.508429 1 139.6984 1.648248 6003113 11 1 56.51857 1.820107 6003113 13 1 329 78812
1 1.225386 1.141194 1.230719 1 134.6012 1.693379 6003113 13 1 51.53242 2.485731 6003113 11 1 330 79016
1 1.46424 1.680344 1.235249 1 26.89884 1.401803 6002113 11 1 99.73579 1.416706 6002113 13 1 201 48138
1 0.3459568 0.1344595 0.6687537 0 462.4334 1.303848 6003113 11 1 158.6741 1.320536 6003113 13 1 201 48140
1 1.191782 1.185832 1.16486 1 28.33366 1.470027 6002113 11 1 29.88773 1.566106 6002113 13 1 201 48187
1 0.6571895 0.3457574 1.000641 1 99.44041 1.742036 6002113 13 1 42.6075 1.553863 6002113 11 1 202 48478
1 0.9894024 0.7036328 1.19152 1 234.5726 1.725847 6003113 11 1 208.9612 1.495582 6003113 13 1 245 58566
1 0.6159488 0.3166172 0.9557644 0 20.04689 3.270424 6002113 11 1 107.008 2.740334 6002113 13 1 272 65061
1 1.192805 1.083559 1.213989 1 57.61394 1.549255 6003113 13 1 36.0947 1.437579 6003113 11 1 272 65109
1 1.099696 0.9023142 1.195627 1 53.07187 1.374143 6002113 11 1 43.98191 2.501193 6002113 13 1 272 65130
1 0.3170899 0.1198369 0.6261138 1 61.35468 1.364385 6002113 13 1 33.65394 1.406972 6002113 11 1 326 78032
1 1.123647 1.241142 1.010512 1 37.88231 2.075105 6003113 11 1 189.5167 1.631031 6003113 13 1 326 78135
1 1.550791 1.753763 1.352368 1 60.92722 1.825235 6003113 13 0 47.30995 5.238211 6003113 11 1 330 79173
1 1.056557 1.108524 0.9965968 0 378.4442 3.500678 6003113 11 1 174.7777 2.127467 6003113 13 1 377 90462
1 1.206555 1.21522 1.17542 1 31.04779 1.633316 6002113 13 1 55.34118 1.617412 6002113 11 1 3 498
1 1.057513 1.112379 0.9951048 1 64.19398 1.455563 6002113 13 1 7.88965 1.516219 6002113 11 1 3 670
1 1.191782 1.185832 1.16486 1 54.27228 1.885593 6002113 13 1 71.23326 1.526329 6002113 11 1 16 3755
1 1.20651 1.16088 1.193521 1 56.00251 1.347052 6002113 13 1 16.56319 1.818464 6002113 11 1 16 3794
1 1.550791 1.753763 1.352368 1 42.66916 1.549322 6002113 13 1 12.07186 1.680804 6002113 11 1 17 4032
1 1.056557 1.108524 0.9965968 0 70.66093 2.06327 6002113 11 1 30.13271 1.451507 6002113 13 1 18 4094
1 1.123647 1.241142 1.010512 1 41.05616 3.755089 6003113 11 1 276.3269 1.622874 6003113 13 1 18 4102
1 1.031225 1.102163 0.9526981 1 38.44768 1.667542 6002113 13 1 14.07823 1.70617 6002113 11 1 18 4141
1 1.524498 1.73059 1.317664 1 27.44946 1.798332 6002113 11 1 71.4433 1.693506 6002113 13 1 43 10176
1 0.9138955 0.6245104 1.1333 1 35.94783 2.045345 6002113 13 1 2.829132 1.76675 6002113 11 1 43 10195
1 1.134034 1.248093 1.022271 1 47.80383 1.404836 6002113 13 1 3.497295 1.433252 6002113 11 1 44 10402
1 1.053247 1.09991 0.9980844 1 29.47043 1.532828 6002113 13 1 3.859145 2.445591 6002113 11 1 44 10403
1 1.761918 2.058838 1.43754 1 85.71151 1.911545 6002113 13 1 31.17773 1.455516 6002113 11 1 44 10477
1 1.152971 1.190243 1.109341 1 101.2863 1.36678 6003113 13 1 126.3495 1.444664 6003113 11 1 60 14178
1 1.1849 1.214892 1.148506 1 157.1623 1.416441 6003113 13 1 303.4289 1.962261 6003113 11 1 60 14210
1 1.314649 1.46568 1.173482 1 13.39657 1.609876 6002113 11 1 37.64911 1.450648 6002113 13 1 64 15187
1 1.194803 1.137859 1.187115 1 84.77896 2.128342 6003113 13 1 612.6292 2.64621 6003113 11 1 64 15256
1 0.8339615 0.5241884 1.101491 1 22.04117 2.208246 6002113 11 1 30.28787 2.273346 6002113 13 1 75 17805
1 1.199401 1.201198 1.170168 1 26.66665 2.874748 6002113 13 1 2.077829 2.519456 6002113 11 1 75 17953
1 1.057513 1.112379 0.9951048 1 72.46702 1.658974 6002113 11 1 120.3179 1.549898 6002113 13 1 76 18122
1 1.199428 1.046014 1.251733 1 46.13915 2.232041 6002113 13 1 45.60962 1.451142 6002113 11 1 141 33667
1 1.137649 1.170432 1.099925 1 54.39634 1.445334 6002113 13 1 3.991675 3.646867 6002113 11 1 141 33823
1 1.057513 1.112379 0.9951048 1 19.37645 1.809547 6002113 11 1 50.15721 1.51141 6002113 13 1 142 33858
1 1.329532 1.478061 1.189894 1 16.3927 2.585276 6002113 11 1 44.51775 1.61838 6002113 13 1 142 33989
1 1.199428 1.046014 1.251733 1 23.14141 2.64461 6002113 13 1 0.8029801 1.532372 6002113 11 1 143 34310
1 0.8332192 0.5015442 1.138243 1 0.5163181 1.785995 6002113 11 1 26.87541 1.291771 6002113 13 1 144 34531
1 0.9574994 0.6410515 1.205563 1 109.5771 1.838784 6003113 13 1 112.4642 1.607053 6003113 11 1 182 43472
1 1.217313 1.182622 1.199648 1 178.638 2.984951 6003113 13 0 111.2317 8.913195 6003113 11 1 182 43554
1 1.314649 1.46568 1.173482 1 62.65552 3.25559 6003113 13 0 112.9039 1.932278 6003113 11 1 182 43574
1 1.182032 1.113501 1.180358 1 16.41911 1.471781 6002113 11 1 73.56917 1.822622 6002113 13 1 182 43638
1 1.137649 1.170432 1.099925 1 73.39053 1.674237 6003113 11 1 21.21416 2.316818 6003113 13 1 182 43649
1 1.147959 1.183877 1.106546 1 64.51397 1.473917 6002113 13 1 23.33312 1.584255 6002113 11 1 184 43931
1 0.7242169 1.085561 0.4754195 1 120.5878 1.428072 6002113 13 1 60.59071 2.61263 6002113 11 1 184 43954
1 1.031225 1.102163 0.9526981 1 22.33927 3.155526 6002113 11 1 76.07433 3.966792 6002113 13 1 184 44059
1 1.1849 1.214892 1.148506 1 190.3773 1.860763 6003113 13 0 882.7107 1.293035 6003113 11 1 217 52032
1 1.49586 1.706142 1.278772 1 68.1868 1.888525 6002113 11 1 32.67219 1.694382 6002113 13 1 218 52249
1 1.329532 1.478061 1.189894 1 217.4738 1.808098 6003113 11 1 135.0063 1.503412 6003113 13 1 268 64144
1 1.199401 1.201198 1.170168 1 4.099252 1.459778 6002113 11 1 92.26271 1.626335 6002113 13 1 287 68757
1 1.058012 1.115802 0.9930252 1 99.77379 2.078599 6003113 11 1 130.7602 1.335327 6003113 13 1 288 68888
1 1.191782 1.185832 1.16486 0 824.605 1.980757 6003113 11 1 42.73461 1.763478 6003113 13 1 291 69817
1 1.0427 1.134261 0.9473373 1 30.36882 1.60589 6002113 13 1 77.56394 1.603643 6002113 11 1 292 70053
1 1.035838 1.098122 0.9666125 1 54.98505 1.532695 6002113 13 1 80.36448 1.941266 6002113 11 1 292 70066
1 1.054444 1.13827 0.9640688 1 17.37393 1.223827 6003113 11 1 80.18152 1.593425 6003113 13 1 313 74986
1 1.017868 0.7662661 1.176325 1 51.63498 1.545288 6002113 13 1 15.33828 1.975218 6002113 11 1 314 75230
1 0.3459568 0.1344595 0.6687537 1 19.40981 1.3056 6002113 11 1 73.75054 2.159282 6002113 13 1 389 93155
1 1.227292 1.202911 1.205555 0 54.56019 3.794003 6002113 11 1 23.74835 1.669479 6002113 13 1 390 93525
1 1.566869 2.206142 1.088645 1 37.67604 2.098068 6002113 13 1 6.498261 1.948179 6002113 11 1 390 93548
1 1.058012 1.115802 0.9930252 1 79.09119 1.718369 6002113 13 1 9.740131 1.29274 6002113 11 1 390 93577
1 1.099519 1.139476 1.051563 0 33.43179 2.545112 6002113 11 1 28.93851 1.587507 6002113 13 1 397 95048
1 1.035838 1.098122 0.9666125 1 45.7363 1.664396 6002113 13 1 80.5223 1.466084 6002113 11 1 7 1594
1 1.866054 2.331325 1.3979 1 14.86615 1.458619 6002113 11 1 59.7548 1.436124 6002113 13 1 8 1866
1 1.112575 1.233052 0.9981722 1 33.35584 1.981338 6002113 13 1 8.249217 3.466377 6002113 11 1 13 2925
1 1.054444 1.13827 0.9640688 1 21.85967 2.230751 6002113 11 1 39.20718 1.841449 6002113 13 1 13 2975
1 0.1610681 0.04515641 0.4007308 1 63.707 2.074564 6002113 11 1 25.44502 1.5575 6002113 13 1 14 3245
1 0.2878669 0.552692 0.143025 1 75.40821 1.393667 6002113 11 1 97.77575 2.186642 6002113 13 1 14 3275
1 1.099696 0.9023142 1.195627 1 37.61481 2.212558 6002113 13 0 6.570099 1.496851 6002113 11 1 19 4539
1 1.405111 1.934095 0.9833891 1 29.26492 2.112064 6002113 13 1 74.6722 2.201318 6002113 11 1 20 4589
1 1.036252 1.095703 0.9699052 1 41.88747 2.794454 6002113 11 1 26.81384 1.766725 6002113 13 1 20 4766
1 1.114777 0.884905 1.24054 1 0.0171337 2.354001 6002113 11 1 62.39309 1.696702 6002113 13 1 47 11058
1 1.194803 1.137859 1.187115 0 79.06683 5.295036 6002113 11 1 57.00814 2.020422 6002113 13 1 47 11128
1 1.033406 1.101364 0.958024 0 709.0601 1.625135 6003113 11 1 72.04533 2.576672 6003113 13 1 99 23526
1 1.056557 1.108524 0.9965968 1 26.71334 1.469124 6002113 11 1 51.23606 1.584241 6002113 13 1 99 23542
1 1.151918 0.9752633 1.225726 1 70.65102 3.071406 6002113 13 1 41.12373 1.504613 6002113 11 1 99 23577
1 1.106427 1.150534 1.053346 1 60.51506 1.441474 6003113 13 0 883.2114 1.573223 6003113 11 1 99 23745
1 1.055133 1.104334 0.9975671 1 30.24776 1.683681 6003113 11 1 149.6979 1.4577 6003113 13 1 100 23948
1 1.050919 0.8056091 1.198818 1 70.77661 2.133337 6002113 11 1 26.96132 2.191383 6002113 13 1 116 27606
1 1.550791 1.753763 1.352368 1 89.87214 1.421666 6002113 11 0 56.1025 1.484493 6002113 13 1 116 27685
1 1.282494 1.437562 1.137462 1 55.47372 1.231222 6003113 13 1 175.5284 1.993224 6003113 11 1 116 27795
1 1.194803 1.137859 1.187115 0 17.01445 2.768278 6002113 11 1 82.65279 1.750778 6002113 13 1 186 44506
1 1.190567 1.223018 1.152597 1 38.1339 1.180426 6002113 11 1 29.67271 2.570852 6002113 13 1 247 59160
1 1.054444 1.13827 0.9640688 1 75.49888 1.519836 6002113 13 1 61.25029 2.844105 6002113 11 1 248 59368
1 1.289688 1.878288 0.892531 1 111.5929 1.677624 6003113 13 1 90.27271 2.060827 6003113 11 1 253 60592
1 1.143675 1.253919 1.033471 1 78.05956 2.34599 6002113 13 1 73.41083 1.821735 6002113 11 1 254 60753
1 0.07905591 0.01690496 0.2492307 0 88.14851 4.74815 6003113 11 1 27.60506 1.705946 6003113 13 1 254 60935
1 0.07905591 0.01690496 0.2492307 1 13.29806 1.436686 6002113 11 1 56.46154 1.387366 6002113 13 1 265 63371
1 1.213336 1.227995 1.180605 1 67.70521 1.498585 6002113 13 1 64.14252 1.469825 6002113 11 1 266 63650
1 1.705086 2.017803 1.363962 1 48.29326 1.980561 6002113 13 1 59.6047 1.280743 6002113 11 1 266 63655
1 1.033406 1.101364 0.958024 1 39.9643 2.515585 6002113 13 1 30.36363 1.559888 6002113 11 1 266 63818
1 1.059052 1.139164 0.9715886 1 54.44765 1.463159 6002113 13 1 44.37224 2.186872 6002113 11 1 282 67453
1 1.26516 1.422013 1.117256 1 2.41334 2.124421 6002113 11 1 55.553 1.169281 6002113 13 1 282 67461
1 1.566869 2.206142 1.088645 1 142.0391 1.556802 6003113 11 1 32.54675 1.982032 6003113 13 1 311 74494
1 1.058012 1.115802 0.9930252 1 34.94585 2.101136 6002113 13 1 22.57235 2.081149 6002113 11 1 312 74684
1 1.550791 1.753763 1.352368 1 15.78867 2.137133 6002113 13 1 11.96172 1.545753 6002113 11 1 312 74834
1 0.08964617 0.01972916 0.2750357 1 59.58117 1.97428 6003113 13 1 104.534 1.322878 6003113 11 1 355 85147
1 1.866054 2.331325 1.3979 1 125.0475 2.473928 6003113 11 1 141.6843 2.54741 6003113 13 1 356 85224
1 1.329532 1.478061 1.189894 1 29.89788 1.500566 6002113 11 1 52.59067 1.599008 6002113 13 1 356 85295
1 1.106427 1.150534 1.053346 1 42.46627 2.273726 6002113 13 1 26.35105 1.824894 6002113 11 1 356 85382
1 0.04957241 0.009268439 0.1791508 1 1.754798 1.448778 6002113 11 1 56.147 1.796243 6002113 13 1 375 89996
1 1.206555 1.21522 1.17542 1 76.34413 1.52041 6003113 13 1 22.26915 3.540396 6003113 11 1 401 96094
1 1.641128 1.972201 1.285192 0 978.5212 1.497633 6003113 11 1 69.2056 1.538647 6003113 13 1 401 96211
1 1.190567 1.223018 1.152597 0 1157.483 1.533089 6003113 11 1 35.65089 1.400826 6003113 13 1 402 96432
1 1.183608 1.169262 1.159476 1 81.42176 1.357056 6002113 13 1 11.56812 1.739237 6002113 11 1 407 97514
1 1.329532 1.478061 1.189894 1 0.7943981 2.053816 6002113 11 1 45.74158 1.557003 6002113 13 1 407 97575
1 1.314649 1.46568 1.173482 1 46.61149 2.421344 6002113 13 1 24.28587 1.525222 6002113 11 1 408 97684
1 1.405111 1.934095 0.9833891 1 52.18141 1.53369 6002113 13 1 68.437 1.647756 6002113 11 1 408 97818
1 0.5380682 0.2637946 0.8676014 1 81.94725 1.736611 6002113 13 1 30.03895 1.493158 6002113 11 1 33 7746
1 0.1014541 0.02299071 0.3029553 1 47.72276 2.694965 6003113 13 0 1156.578 1.659391 6003113 11 1 124 29623
1 1.123647 1.241142 1.010512 1 63.24057 1.409805 6002113 11 1 40.79836 1.592829 6002113 13 1 127 30387
1 0.4094664 0.1680855 0.7591912 1 71.30124 1.982935 6002113 13 0 40.06833 1.817708 6002113 11 1 127 30396
1 1.109295 1.155893 1.053631 1 28.99676 1.411686 6003113 11 1 98.40296 2.354397 6003113 13 1 336 80565
1 1.42456 2.044705 0.9864829 0 418.1697 7.177823 6003113 11 1 202.3097 4.125033 6003113 13 1 339 81238
1 0.1793033 0.05184105 0.4351809 1 72.96984 1.482268 6003113 13 0 1447.893 1.64324 6003113 11 1 339 81262
1 1.26516 1.422013 1.117256 1 111.1773 1.477225 6003113 13 0 654.523 1.629175 6003113 11 1 339 81288
1 1.017868 0.7662661 1.176325 1 58.46817 1.979362 6002113 13 1 15.70253 1.506666 6002113 11 1 339 81309
1 0.1991887 0.05938704 0.4717879 1 50.72136 1.677113 6002113 13 1 2.351454 2.24369 6002113 11 1 339 81357
1 0.04601344 0.008200601 0.1755223 1 137.0505 1.476431 6002113 13 1 122.4393 1.689895 6002113 11 1 340 81525
1 1.191782 1.185832 1.16486 1 39.08332 1.408171 6002113 13 1 36.65031 1.519047 6002113 11 1 381 91339
1 1.147959 1.183877 1.106546 1 89.50378 1.745607 6003113 11 1 43.70625 1.783515 6003113 13 1 415 99396
1 1.566869 2.206142 1.088645 1 37.55507 1.363995 6002113 11 1 39.94956 1.440357 6002113 13 1 415 99435
1 1.329532 1.478061 1.189894 1 16.57643 1.555594 6002113 11 1 63.63173 1.478118 6002113 13 1 415 99582
1 1.405111 1.934095 0.9833891 1 202.7097 2.052246 6003113 13 0 1152.212 1.658848 6003113 11 1 416 99632
1 0.7242169 1.085561 0.4754195 1 61.93518 1.471275 6002113 13 1 56.13485 1.39846 6002113 11 1 416 99773
1 0.6998869 0.3767799 1.045889 1 66.73923 1.724572 6003113 13 1 250.3356 1.572137 6003113 11 1 416 99834
1 1.031225 1.102163 0.9526981 1 39.17904 1.404434 6002113 13 1 4.244264 1.415908 6002113 11 1 9 2013
1 1.705086 2.017803 1.363962 0 3.885757 1.969115 6002113 11 1 29.16619 1.481945 6002113 13 1 189 45323
1 0.789787 0.4650854 1.097808 1 99.26999 1.411752 6002113 11 1 81.21478 1.419773 6002113 13 1 195 46603
1 0.6571895 0.3457574 1.000641 0 608.2118 2.297112 6003113 11 1 314.0129 1.5982 6003113 13 1 195 46782
1 1.099696 0.9023142 1.195627 1 105.0381 1.419414 6002113 13 1 7.25972 1.644788 6002113 11 1 196 46809
1 1.026751 0.7444853 1.219196 1 153.7602 1.6302 6003113 13 1 668.498 2.48188 6003113 11 1 196 47017
1 1.057513 1.112379 0.9951048 1 40.4891 2.490206 6002113 13 1 67.62751 1.610036 6002113 11 1 215 51379
1 1.182032 1.113501 1.180358 1 87.39843 1.609856 6002113 13 0 34.2073 1.198019 6002113 11 1 216 51785
1 1.143675 1.253919 1.033471 1 298.7876 1.990232 6003113 11 0 169.825 2.21766 6003113 13 1 225 53949
1 1.059052 1.139164 0.9715886 1 81.95753 1.493449 6002113 13 1 25.23086 1.403915 6002113 11 1 226 54041
1 0.06958118 0.01446482 0.2254303 1 31.26463 1.472247 6002113 13 1 8.896802 1.465643 6002113 11 1 226 54236
1 1.048997 1.136673 0.9559695 1 28.63272 1.936622 6002113 13 1 8.221522 1.442517 6002113 11 1 237 56698
1 0.5675248 0.271593 0.9330701 1 31.09381 1.552735 6003113 13 1 250.7338 1.90493 6003113 11 1 238 56943
1 1.048836 1.548763 0.7254791 1 36.01596 1.328863 6002113 13 1 6.276464 1.626208 6002113 11 1 238 57062
1 1.152971 1.190243 1.109341 1 40.74607 1.353962 6002113 11 1 54.00643 2.031545 6002113 13 1 270 64637
1 1.126364 0.9389989 1.211138 1 37.0843 2.368892 6002113 11 1 39.59364 1.649613 6002113 13 1 270 64736
1 1.062846 1.139449 0.9784784 1 11.4674 1.227295 6002113 11 1 53.1529 1.908291 6002113 13 1 277 66304
1 1.812285 2.096335 1.505211 1 41.06549 1.673487 6002113 13 1 70.37039 1.435628 6002113 11 1 277 66321
1 1.145385 0.9245803 1.259718 1 71.99319 1.375889 6003113 11 1 59.28701 1.652783 6003113 13 1 278 66529
1 1.095596 1.133769 1.050051 1 69.70914 2.397555 6002113 13 1 67.22178 4.252084 6002113 11 1 279 66819
1 1.083255 0.8452013 1.220206 1 90.86726 1.755802 6003113 13 1 104.8294 1.960055 6003113 11 1 280 67018
1 0.1610681 0.04515641 0.4007308 1 41.31104 2.079786 6002113 13 1 12.51227 1.321474 6002113 11 1 280 67023
1 1.126364 0.9389989 1.211138 0 1020.45 2.881218 6003113 11 1 149.2356 1.695301 6003113 13 1 307 73638
1 1.017868 0.7662661 1.176325 1 22.25151 1.564383 6002113 11 1 28.11235 2.017398 6002113 13 1 308 73764
1 1.10316 1.145079 1.05266 1 219.449 3.412816 6003113 11 1 223.5886 2.056022 6003113 13 1 308 73768
1 1.063672 0.7860307 1.245813 0 21.38263 6.36046 6002113 11 1 53.65069 1.696499 6002113 13 1 308 73775
1 1.173319 1.196671 1.139395 1 57.70889 1.614645 6002113 13 1 85.80284 1.969943 6002113 11 1 308 73852
1 1.167323 1.186361 1.134647 1 2.581499 2.15527 6002113 11 1 68.43353 1.754924 6002113 13 1 308 73897
1 0.1014541 0.02299071 0.3029553 1 46.87991 1.429039 6002113 13 0 43.65828 1.50204 6002113 11 1 349 83692
1 0.1707681 0.04642279 0.4356818 0 65.87949 1.395994 6003113 11 1 180.4061 1.407978 6003113 13 1 384 92060
1 0.9517445 0.6636014 1.162862 1 167.8821 3.991659 6003113 11 1 46.19712 3.147489 6003113 13 1 384 92103
1 1.199428 1.046014 1.251733 1 230.0151 2.064302 6003113 11 1 57.3178 1.601434 6003113 13 1 41 9766
1 0.2208223 0.06788179 0.510611 1 9.594755 7.21095 6002113 11 1 31.46644 1.557828 6002113 13 1 42 10034
1 1.10316 1.145079 1.05266 1 4.918568 2.681595 6002113 11 1 91.01392 1.942831 6002113 13 1 113 26929
1 1.56971 1.920896 1.202337 1 36.32342 1.480095 6002113 13 1 6.559217 1.850312 6002113 11 1 147 35079
1 0.9894024 0.7036328 1.19152 1 30.46074 1.999816 6002113 11 1 48.80547 8.731602 6002113 13 1 147 35122
1 1.063672 0.7860307 1.245813 0 719.4882 1.461811 6003113 11 1 60.2592 1.36598 6003113 13 1 147 35206
1 0.9894024 0.7036328 1.19152 1 53.06404 1.452544 6002113 13 1 52.02478 2.025445 6002113 11 1 177 42258
1 1.114777 0.884905 1.24054 1 96.81005 1.501348 6002113 13 1 59.2862 1.499087 6002113 11 1 177 42418
1 1.227292 1.202911 1.205555 1 129.5774 1.431826 6002113 13 1 87.44428 2.399944 6002113 11 1 177 42424
1 1.191782 1.185832 1.16486 1 116.8693 1.776432 6003113 13 0 278.9503 3.838472 6003113 11 1 178 42495
1 1.036252 1.095703 0.9699052 1 120.5871 1.543557 6003113 13 0 527.4117 1.395584 6003113 11 1 179 42936
1 1.142868 1.177299 1.103399 1 35.23975 5.216674 6002113 11 1 62.06916 2.878286 6002113 13 1 180 43125
1 1.152501 1.258655 1.04415 1 0.09249126 3.104882 6003113 11 1 74.43193 3.002968 6003113 13 1 180 43129
1 0.6571895 0.3457574 1.000641 1 283.8135 3.292733 6003113 11 1 115.1566 1.78931 6003113 13 1 193 46171
1 1.167323 1.186361 1.134647 1 49.04821 1.522004 6002113 13 1 27.99949 1.464336 6002113 11 1 193 46283
1 0.4544891 0.2018274 0.792879 1 46.98179 1.459559 6003113 13 1 271.26 1.535445 6003113 11 1 194 46427
1 1.49586 1.706142 1.278772 0 9.289199 1.516337 6002113 11 1 40.28094 1.384439 6002113 13 1 203 48569
1 1.143675 1.253919 1.033471 1 13.39281 1.447471 6002113 11 1 25.60785 1.699747 6002113 13 1 203 48677
1 1.034916 1.100018 0.9626585 1 103.3014 1.476582 6002113 13 1 28.44971 1.39095 6002113 11 1 204 48734
1 1.059052 1.139164 0.9715886 1 5.534182 1.510509 6002113 11 1 62.37919 1.567073 6002113 13 1 204 48789
1 0.6235333 0.981489 0.3895437 1 79.21482 1.427011 6003113 11 1 77.73929 1.388536 6003113 13 1 204 48926
1 1.524498 1.73059 1.317664 1 52.36589 1.601172 6002113 11 1 77.18317 1.698328 6002113 13 1 249 59600
1 0.4355545 0.9923941 0.2025623 1 25.41884 1.450107 6002113 13 1 19.52826 1.364829 6002113 11 1 249 59621
1 1.812285 2.096335 1.505211 1 193.4659 1.951026 6003113 11 1 22.73433 1.603969 6003113 13 1 249 59702
1 0.5675248 0.271593 0.9330701 1 14.70575 1.465605 6002113 11 1 65.22324 1.524248 6002113 13 1 250 59861
1 1.033406 1.101364 0.958024 1 135.0561 3.137396 6003113 13 1 65.31448 1.467647 6003113 11 1 250 59886
1 1.157728 1.196465 1.111764 1 102.6098 2.686121 6002113 13 0 0.2636173 7.376102 6002113 11 1 250 59924
1 1.152501 1.258655 1.04415 1 34.98463 2.273783 6002113 11 1 69.09674 2.894092 6002113 13 1 295 70681
1 1.157728 1.196465 1.111764 1 158.8931 1.730901 6003113 13 1 324.8063 1.521502 6003113 11 1 295 70753
1 1.151918 0.9752633 1.225726 1 150.2186 1.719381 6002113 13 1 23.84958 3.014656 6002113 11 1 295 70774
1 0.02402195 0.003812468 0.1069883 1 101.0707 2.082242 6002113 13 1 39.2249 1.412766 6002113 11 1 305 73000
1 1.167323 1.186361 1.134647 1 136.4888 1.609106 6003113 13 1 58.01968 1.50586 6003113 11 1 305 73073
1 0.9219857 1.364073 0.6240806 1 67.92542 1.339605 6003113 13 1 607.2656 1.795493 6003113 11 1 305 73189
1 0.2443026 0.07741789 0.5517042 1 91.37801 1.425697 6002113 13 1 52.37082 1.495775 6002113 11 1 351 84199
1 0.9574994 0.6410515 1.205563 1 68.36198 1.444639 6003113 13 0 632.3986 1.432831 6003113 11 1 351 84208
1 0.4445066 0.7265916 0.2710897 1 38.09027 1.764185 6002113 11 1 40.47324 3.04287 6002113 13 1 352 84250
1 0.3459568 0.1344595 0.6687537 1 70.92596 1.619868 6002113 13 1 1.087337 1.568948 6002113 11 1 379 90871
1 1.036252 1.095703 0.9699052 0 800.6429 1.353459 6003113 11 1 163.433 1.668187 6003113 13 1 379 90917
1 1.063672 0.7860307 1.245813 1 45.35868 1.622152 6002113 11 1 73.19807 1.678644 6002113 13 1 380 91108
1 1.033406 1.101364 0.958024 0 0.7173497 1.370123 6002113 11 1 79.27634 1.465398 6002113 13 1 380 91148
1 1.176288 1.010978 1.239274 1 23.73285 1.958974 6002113 11 1 79.57443 1.347145 6002113 13 1 380 91200
1 1.191782 1.185832 1.16486 1 38.27748 3.477668 6002113 11 1 80.23391 1.387866 6002113 13 1 385 92276
1 0.8339615 0.5241884 1.101491 1 59.94418 1.447581 6002113 13 1 119.7933 1.36304 6002113 11 1 385 92347
1 0.789787 0.4650854 1.097808 1 385.7374 2.103513 6003113 11 1 109.386 1.577375 6003113 13 1 386 92536
1 1.152971 1.190243 1.109341 1 31.17719 1.612544 6002113 13 1 24.61367 1.541772 6002113 11 1 386 92556
1 1.191782 1.185832 1.16486 1 61.08646 1.564943 6002113 13 1 111.2338 1.579965 6002113 11 1 386 92568
1 1.49586 1.706142 1.278772 1 28.38685 2.600181 6002113 13 1 4.121847 3.225857 6002113 11 1 386 92615
1 1.137649 1.170432 1.099925 1 55.88305 1.45656 6002113 11 1 74.15414 1.410122 6002113 13 1 11 2445
1 1.033406 1.101364 0.958024 1 25.1336 3.684625 6002113 11 1 26.32604 1.716979 6002113 13 1 23 5427
1 1.137649 1.170432 1.099925 1 54.20634 1.787266 6003113 13 1 472.7538 2.932906 6003113 11 1 39 9298
1 0.4205023 0.1819855 0.7484848 1 102.7406 1.623194 6002113 13 1 19.33803 2.797847 6002113 11 1 39 9306
1 1.866054 2.331325 1.3979 1 151.4119 1.623889 6003113 13 1 2.020763 3.881972 6003113 11 1 45 10722
1 0.8748782 0.5617447 1.136825 1 54.33852 1.478878 6002113 13 1 38.0761 1.405452 6002113 11 1 45 10800
1 0.7242169 1.085561 0.4754195 1 13.37745 1.374631 6002113 11 1 20.29541 1.465566 6002113 13 1 46 11029
1 0.7934737 0.4881172 1.065644 1 75.08665 3.551837 6002113 13 1 35.72202 2.889927 6002113 11 1 53 12632
1 1.034916 1.100018 0.9626585 1 91.56737 1.3994 6003113 11 1 57.62951 2.018483 6003113 13 1 54 12731
1 0.747205 0.4303799 1.057145 1 217.6146 2.555721 6003113 13 0 31.95012 3.780887 6003113 11 1 54 12827
1 1.083255 0.8452013 1.220206 0 137.4145 1.421993 6003113 11 1 68.14429 1.470476 6003113 13 1 54 12832
1 1.157728 1.196465 1.111764 1 148.8038 1.636247 6003113 11 1 72.90303 1.444193 6003113 13 1 65 15438
1 1.1849 1.214892 1.148506 1 121.4743 2.169775 6003113 13 0 511.1577 5.648473 6003113 11 1 66 15652
1 1.282494 1.437562 1.137462 1 38.23738 1.527423 6002113 13 1 28.53706 1.64112 6002113 11 1 89 21197
1 1.137649 1.170432 1.099925 1 46.20478 1.618673 6002113 13 0 10.99289 2.240885 6002113 11 1 90 21438
1 0.5279956 0.2465533 0.8852676 1 38.97932 1.840964 6002113 13 0 2.610092 4.141724 6002113 11 1 95 22687
1 0.9160994 0.6007248 1.171549 1 53.85001 1.734256 6002113 13 1 47.93476 1.834563 6002113 11 1 96 22814
1 1.20651 1.16088 1.193521 1 9.730227 1.205231 6001113 11 1 21.84977 1.312866 6001113 13 1 96 22891
1 0.1793033 0.05184105 0.4351809 1 110.0826 1.324248 6002113 13 1 141.6164 2.062727 6002113 11 1 96 22936
1 1.056557 1.108524 0.9965968 1 28.76704 1.553686 6002113 13 1 66.04754 2.19203 6002113 11 1 96 22967
1 0.7934737 0.4881172 1.065644 1 26.64814 1.412933 6002113 11 1 41.11012 2.908052 6002113 13 1 98 23290
1 0.4442115 0.1872741 0.8068974 1 24.3336 1.314935 6002113 11 1 24.95891 1.537945 6002113 13 1 98 23446
1 1.49586 1.706142 1.278772 1 58.43353 1.602054 6002113 13 1 18.88467 2.085492 6002113 11 1 105 25015
1 1.056557 1.108524 0.9965968 1 0.3205798 1.443129 6002113 11 1 68.36138 1.408409 6002113 13 1 105 25061
1 1.062846 1.139449 0.9784784 1 22.30583 1.516431 6002113 13 1 15.02002 1.445258 6002113 11 1 105 25115
1 1.191782 1.185832 1.16486 1 74.20973 1.620392 6003113 13 1 48.68797 1.465578 6003113 11 1 106 25204
1 1.190567 1.223018 1.152597 1 37.02729 1.487197 6002113 11 1 52.34476 1.418987 6002113 13 1 106 25349
1 1.145385 0.9245803 1.259718 1 47.2587 1.738349 6002113 13 1 60.06729 1.488368 6002113 11 1 106 25375
1 1.182032 1.113501 1.180358 1 37.93229 1.342 6003113 13 1 93.03574 1.640883 6003113 11 1 109 26149
1 1.227292 1.202911 1.205555 0 9.826365 1.82097 6002113 11 1 51.4264 3.054813 6002113 13 1 110 26246
1 1.10316 1.145079 1.05266 1 394.7397 2.800027 6003113 11 1 47.59126 1.657495 6003113 13 1 121 28940
1 1.641128 1.972201 1.285192 1 61.12688 1.584268 6002113 11 1 165.6041 1.695571 6002113 13 1 191 45662
1 0.002610219 0.0004442447 0.01575894 0 794.3615 2.022713 6003113 11 1 151.2266 1.480366 6003113 13 1 191 45731
1 1.063672 0.7860307 1.245813 1 9.766146 2.221316 6002113 11 1 42.1164 1.584199 6002113 13 1 192 45908
1 0.9517445 0.6636014 1.162862 1 99.46978 1.748876 6003113 11 1 76.13033 1.488291 6003113 13 1 199 47576
1 0.4269872 0.7264097 0.2541938 1 8.562142 1.278017 6002113 11 1 33.5903 2.108615 6002113 13 1 10 2320
1 1.550791 1.753763 1.352368 1 45.59316 2.311887 6003113 13 1 88.33454 4.26077 6003113 11 1 10 2375
1 1.106427 1.150534 1.053346 1 46.23315 1.44519 6002113 13 1 0.3056181 1.821949 6002113 11 1 102 24261
1 1.182032 1.113501 1.180358 1 20.82395 1.420187 6002113 11 1 70.12139 1.63479 6002113 13 1 102 24313
1 1.213336 1.227995 1.180605 1 224.1261 2.403992 6003113 13 1 269.2291 4.283905 6003113 11 1 149 35576
1 1.036252 1.095703 0.9699052 1 67.01253 1.856284 6003113 11 1 46.55703 3.792247 6003113 13 1 152 36320
1 1.134034 1.248093 1.022271 0 57.4948 3.576916 6003113 11 1 50.93133 1.867809 6003113 13 1 152 36346
1 1.866054 2.331325 1.3979 1 56.88027 1.340178 6003113 13 1 86.88321 2.028692 6003113 11 1 205 48989
1 1.761918 2.058838 1.43754 1 56.92347 1.420949 6003113 13 0 1309.702 1.764369 6003113 11 1 206 49328
1 1.145385 0.9245803 1.259718 0 41.26411 9.645449 6002113 11 1 33.00179 1.993569 6002113 13 1 210 50283
1 0.789787 0.4650854 1.097808 1 60.59757 2.35079 6002113 13 1 0.9541717 1.278472 6002113 11 1 222 53158
1 1.048997 1.136673 0.9559695 1 60.50202 1.470245 6002113 11 1 21.25932 1.680074 6002113 13 1 227 54300
1 1.206555 1.21522 1.17542 1 76.415 2.44649 6002113 13 1 85.72062 1.551235 6002113 11 1 227 54415
1 0.8332192 0.5015442 1.138243 1 65.87529 3.235403 6002113 11 1 38.62191 2.672844 6002113 13 1 233 55700
1 1.641128 1.972201 1.285192 1 103.8736 2.02322 6003113 13 1 31.6094 3.106702 6003113 11 1 233 55769
1 1.176288 1.010978 1.239274 1 66.33099 1.45566 6002113 13 1 28.46421 1.468194 6002113 11 1 233 55778
1 0.3767309 0.1505117 0.7131262 1 56.13438 1.4909 6002113 11 1 52.3915 1.630447 6002113 13 1 233 55863
1 1.206555 1.21522 1.17542 1 115.053 1.369579 6002113 11 1 88.21525 2.161843 6002113 13 1 233 55872
1 1.03119 1.524041 0.7057037 1 13.12566 1.681731 6002113 11 1 34.44777 1.490767 6002113 13 1 233 55911
1 1.550791 1.753763 1.352368 1 47.22327 1.473059 6002113 11 1 27.66566 1.606498 6002113 13 1 234 56014
1 1.143675 1.253919 1.033471 1 80.7877 1.822102 6003113 13 1 153.2516 2.414847 6003113 11 1 243 58173
1 0.6235333 0.981489 0.3895437 1 26.16104 1.424826 6002113 11 1 29.9864 1.449807 6002113 13 1 243 58234
1 0.4903168 0.2233237 0.8385035 1 40.25753 1.701955 6002113 13 1 10.79466 1.852195 6002113 11 1 244 58456
1 1.112575 1.233052 0.9981722 1 57.15373 1.466517 6003113 13 0 718.8761 1.405876 6003113 11 1 244 58479
1 0.1014541 0.02299071 0.3029553 1 30.40731 1.607169 6002113 11 1 25.43532 1.436942 6002113 13 1 244 58480
1 1.15499 1.021547 1.194574 1 29.13036 3.903996 6003113 11 1 63.97043 2.410716 6003113 13 1 405 97153
1 0.747205 0.4303799 1.057145 1 13.20723 1.661017 6002113 11 1 66.72596 1.74335 6002113 13 1 406 97235
1 0.2792014 0.09677438 0.588659 1 32.49414 1.200986 6002113 13 1 19.13022 1.704322 6002113 11 1 406 97299
1 1.812285 2.096335 1.505211 0 921.4398 1.987718 6003113 11 1 80.16962 1.511505 6003113 13 1 29 6774
1 0.1363718 0.034862 0.3662451 1 26.51696 1.530548 6002113 11 1 87.8749 1.550542 6002113 13 1 29 6811
1 1.0427 1.134261 0.9473373 1 100.9528 1.439476 6002113 11 1 57.30577 1.319 6002113 13 1 30 7026
1 1.46424 1.680344 1.235249 1 29.89398 1.610255 6002113 13 1 23.30841 1.483178 6002113 11 1 49 11580
1 1.036252 1.095703 0.9699052 1 102.8978 1.74413 6003113 13 0 787.8011 1.613681 6003113 11 1 49 11619
1 1.033406 1.101364 0.958024 1 36.90714 2.113487 6002113 11 1 67.37821 1.839053 6002113 13 1 49 11738
1 1.149237 1.698801 0.7921503 1 101.4374 1.563487 6002113 11 1 58.02024 1.557742 6002113 13 1 50 11921
1 0.4445066 0.7265916 0.2710897 0 63.94718 3.927505 6002113 11 1 48.67537 2.712836 6002113 13 1 55 12970
1 1.75908 2.248522 1.290011 1 28.72801 1.427608 6003113 13 0 2092.05 1.367 6003113 11 1 55 13012
1 1.0427 1.134261 0.9473373 1 110.6996 1.643319 6002113 11 1 49.26736 1.702042 6002113 13 1 74 17608
1 0.1610681 0.04515641 0.4007308 1 38.94248 1.555208 6002113 13 1 4.959382 1.535948 6002113 11 1 74 17634
1 0.665028 0.3662483 0.9755856 1 51.89156 1.648342 6002113 11 1 111.3168 1.247164 6002113 13 1 74 17738
1 1.053247 1.09991 0.9980844 1 66.3368 2.151432 6003113 13 0 956.4378 2.046556 6003113 11 1 78 18620
1 1.050919 0.8056091 1.198818 1 47.22869 1.457791 6003113 13 1 306.4245 2.078759 6003113 11 1 93 22286
