1 0.003659205 0.00058146 0.02178344 1 32.12547 1.299834 6003113 13 0 11.91072 1.122877 6003113 11 1 54 12813
1 1.031225 1.102163 0.9526981 1 56.63542 1.405662 6003113 11 1 30.72724 1.075817 6003113 13 1 203 48493
1 1.142868 1.177299 1.103399 0 39.90995 5.977989 6003113 11 1 49.7238 2.049028 6003113 13 1 205 49200
1 1.134034 1.248093 1.022271 0 176.7997 1.085215 6003113 11 0 38.26461 2.411894 6003113 13 1 285 68304
1 1.048997 1.136673 0.9559695 1 35.15947 2.126953 6003113 13 0 273.3966 2.678953 6003113 11 1 343 82168
1 1.282494 1.437562 1.137462 1 51.7617 1.184385 6003113 13 1 24.848 1.040109 6003113 11 1 258 61803
1 0.8383967 1.273376 0.5409222 0 44.55554 4.399434 6003113 11 1 50.46298 1.229468 6003113 13 1 8 1872
1 1.134034 1.248093 1.022271 0 50.69019 1.530266 6003113 11 0 34.21709 2.089352 6003113 13 1 85 20252
1 1.054444 1.13827 0.9640688 1 35.25796 1.603541 6003113 11 0 47.77319 1.029856 6003113 13 1 274 65591
1 1.761918 2.058838 1.43754 1 26.59626 1.043138 6002113 11 1 20.19394 1.0235 6002113 13 1 278 66607
1 1.0427 1.134261 0.9473373 1 30.52002 1.701949 6003113 13 0 219.9866 3.469765 6003113 11 1 307 73520
1 1.191782 1.185832 1.16486 0 49.78141 1.279585 6003113 13 1 48.14041 1.013566 6003113 11 1 310 74278
1 1.167323 1.186361 1.134647 0 3.096994 1.06546 6003113 11 1 41.02584 1.090492 6003113 13 1 326 78206
1 1.152971 1.190243 1.109341 0 8.498307 1.198345 6002113 11 1 31.08803 2.099526 6002113 13 1 301 72171
1 1.75908 2.248522 1.290011 1 54.98848 1.03962 6003113 13 0 33.58468 1.587672 6003113 11 1 301 72177
1 0.8383967 1.273376 0.5409222 1 22.78913 1.244686 6003113 13 1 35.36621 1.150264 6003113 11 1 304 72927
1 1.057513 1.112379 0.9951048 1 45.27158 1.559019 6003113 11 1 43.93604 1.02384 6003113 13 1 367 88043
1 1.142868 1.177299 1.103399 1 24.63182 1.022633 6002113 13 1 7.606741 1.640618 6002113 11 1 5 989
1 1.036252 1.095703 0.9699052 1 33.75675 1.611011 6003113 11 1 33.08244 1.100688 6003113 13 1 38 9106
1 1.0427 1.134261 0.9473373 1 52.46638 1.156641 6003113 13 0 43.71235 1.70381 6003113 11 1 342 82047
1 1.20651 1.16088 1.193521 1 18.96355 2.181206 6003113 11 0 39.64177 1.942692 6003113 13 1 288 68922
1 0.9517445 0.6636014 1.162862 1 52.50641 1.150047 6003113 13 0 1.760118 1.031592 6003113 11 1 379 90841
1 1.199401 1.201198 1.170168 1 42.0369 1.120223 6003113 13 0 181.5 1.05867 6003113 11 1 31 7247
1 1.050919 0.8056091 1.198818 1 20.15067 1.028106 6003113 11 1 27.48949 1.638567 6003113 13 1 182 43464
1 1.048836 1.548763 0.7254791 1 27.71273 1.995305 6003113 13 0 155.1548 1.541013 6003113 11 1 182 43636
1 1.282494 1.437562 1.137462 1 16.13037 1.072163 6002113 13 0 9.917534 2.09651 6002113 11 1 184 44091
1 1.209625 1.112975 1.222657 1 16.61936 1.259497 6002113 13 1 6.63344 1.007747 6002113 11 1 91 21731
1 1.017868 0.7662661 1.176325 1 59.79209 1.031885 6003113 13 0 67.19819 1.303563 6003113 11 1 94 22410
1 1.190567 1.223018 1.152597 1 41.126 1.04579 6003113 13 0 96.35335 1.762179 6003113 11 1 360 86353
1 1.56971 1.920896 1.202337 1 58.67123 1.025148 6003113 13 0 36.75061 1.093321 6003113 11 1 406 97243
1 0.3458254 0.5933005 0.203245 1 46.77764 1.010774 6003113 13 0 29.65425 1.452707 6003113 11 1 410 98166
1 1.031225 1.102163 0.9526981 0 44.10557 6.467127 6003113 11 1 17.55679 1.264204 6003113 13 1 208 49828
1 1.142868 1.177299 1.103399 1 36.06847 1.274779 6003113 13 0 97.70311 1.05734 6003113 11 1 250 59858
1 1.524498 1.73059 1.317664 1 51.98198 1.134648 6003113 13 0 99.29456 1.011184 6003113 11 1 252 60392
1 1.026751 0.7444853 1.219196 0 41.38796 3.467944 6003113 11 1 25.22481 1.138402 6003113 13 1 273 65503
1 0.6235333 0.981489 0.3895437 0 4.208515 1.259193 6002113 11 1 15.31281 1.446731 6002113 13 1 59 14104
1 1.329532 1.478061 1.189894 1 37.08677 1.024813 6003113 11 1 22.86657 1.888917 6003113 13 1 211 50566
1 0.665028 0.3662483 0.9755856 0 55.87944 1.021976 6003113 11 1 19.43986 1.523447 6003113 13 1 212 50661
1 1.199401 1.201198 1.170168 1 24.38638 1.019512 6002113 13 1 7.231096 1.10519 6002113 11 1 215 51561
1 1.031225 1.102163 0.9526981 1 29.7059 1.923053 6003113 13 0 6.749933 1.493937 6003113 11 1 220 52770
1 1.143675 1.253919 1.033471 1 41.3163 2.032775 6003113 13 0 99.50606 1.461414 6003113 11 1 412 98868
1 1.099696 0.9023142 1.195627 0 136.0249 1.044362 6003113 11 1 18.53051 1.762174 6003113 13 1 415 99480
1 1.182032 1.113501 1.180358 1 43.83116 1.293198 6003113 13 0 49.27297 1.054399 6003113 11 1 416 99712
1 1.031225 1.102163 0.9526981 1 10.33947 1.856728 6002113 11 0 16.3623 1.151365 6002113 13 1 62 14840
1 1.033406 1.101364 0.958024 1 21.09151 1.247326 6003113 13 0 179.4169 2.424503 6003113 11 1 103 24634
1 0.9517445 0.6636014 1.162862 1 26.15725 1.023375 6002113 13 0 24.19314 2.159598 6002113 11 1 124 29650
1 1.225386 1.141194 1.230719 0 3.811583 1.068306 6003113 11 1 58.1614 1.027265 6003113 13 1 145 34608
1 0.1527629 0.0402692 0.399808 1 37.5233 1.05324 6002113 13 1 16.75046 1.01872 6002113 11 1 80 19130
1 1.099696 0.9023142 1.195627 1 34.19138 1.064352 6003113 13 0 6.428753 4.927936 6003113 11 1 129 30770
1 0.9138955 0.6245104 1.1333 1 52.19231 1.034487 6003113 13 1 7.580358 1.786307 6003113 11 1 158 37751
1 1.152971 1.190243 1.109341 0 14.22787 2.350913 6002113 11 1 27.13955 1.050853 6002113 13 1 176 42222
1 1.031225 1.102163 0.9526981 1 29.54367 1.160497 6002113 13 0 0.4145157 1.888006 6002113 11 1 373 89425
1 0.9138955 0.6245104 1.1333 1 28.23379 2.054052 6003113 13 0 221.1384 1.110677 6003113 11 1 134 31922
1 0.5762256 0.2893137 0.9113798 0 151.5654 1.415325 6003113 11 1 32.57287 2.169546 6003113 13 1 136 32529
1 1.199428 1.046014 1.251733 0 4.863331 1.050043 6003113 11 1 44.93173 1.021837 6003113 13 1 198 47505
1 1.026751 0.7444853 1.219196 0 13.88244 1.936612 6003113 11 1 45.5468 1.381864 6003113 13 1 322 77099
1 1.173319 1.196671 1.139395 1 31.2333 1.939623 6002113 13 0 10.65642 1.042458 6002113 11 1 386 92569
1 1.056557 1.108524 0.9965968 1 5.729175 1.012312 6002113 11 1 33.44484 1.200027 6002113 13 1 391 93720
1 1.036252 1.095703 0.9699052 0 68.98324 1.134338 6003113 13 0 156.8418 1.389102 6003113 11 1 393 94224
1 1.031225 1.102163 0.9526981 1 19.14295 2.404457 6002113 13 0 6.482045 1.338161 6002113 11 1 47 11068
1 1.062846 1.139449 0.9784784 1 28.73342 1.032186 6003113 13 0 385.8739 1.014753 6003113 11 1 47 11138
