1 0.665028 0.3662483 0.9755856 0 106.2759 1.304149 6003113 13 0 61.6937 2.243794 6003113 13 1 259 87175
1 1.566869 2.206142 1.088645 0 13.0816 2.614823 6002113 13 1 45.06002 2.267512 6002113 13 1 274 92206
1 1.109295 1.155893 1.053631 0 73.1396 3.649686 6003113 13 1 31.38749 1.493701 6003113 13 1 285 95944
1 1.10316 1.145079 1.05266 1 39.29292 2.251281 6002113 13 0 2.000813 1.382891 6002113 13 1 140 46955
1 1.050919 0.8056091 1.198818 0 23.37376 1.633366 6002113 13 1 32.82901 1.009406 6002113 13 1 161 54189
1 1.149237 1.698801 0.7921503 1 32.00828 1.898088 6002113 13 1 24.19118 1.156641 6002113 13 1 164 54972
1 0.07905591 0.01690496 0.2492307 0 23.41834 1.130891 6002113 13 1 32.73297 1.421192 6002113 13 1 156 52385
1 0.9138955 0.6245104 1.1333 0 51.70948 1.250207 6002113 13 1 22.77048 1.414721 6002113 13 1 159 53326
1 1.123647 1.241142 1.010512 0 25.34083 3.028152 6003113 13 0 54.35626 1.108086 6003113 13 1 136 45679
1 1.194803 1.137859 1.187115 0 29.29236 1.208049 6002113 13 0 23.12537 1.366272 6002113 13 1 63 21002
1 1.033406 1.101364 0.958024 1 27.0937 1.747869 6003113 13 1 88.5181 2.023309 6003113 13 1 280 94028
1 1.217313 1.182622 1.199648 0 6.45921 1.214969 6002113 13 0 5.732579 1.043885 6002113 13 1 286 96066
1 1.083255 0.8452013 1.220206 0 35.07119 3.548139 6002113 13 0 21.82108 7.182188 6002113 13 1 55 18322
1 0.8748782 0.5617447 1.136825 0 28.58718 1.091017 6002113 13 1 2.212874 1.394145 6002113 13 1 94 31524
1 1.053247 1.09991 0.9980844 0 179.434 1.214476 6003113 13 1 31.97503 2.389962 6003113 13 1 126 42171
1 1.106427 1.150534 1.053346 0 70.43534 1.452098 6003113 13 1 82.13535 1.835405 6003113 13 1 284 95479
1 1.058012 1.115802 0.9930252 1 41.74748 1.01951 6002113 13 0 5.903015 1.204954 6002113 13 1 130 43626
1 1.20651 1.16088 1.193521 0 90.1986 1.517435 6003113 13 1 0.3474697 1.475706 6003113 13 1 43 14398
1 0.2539062 0.08544197 0.5475258 0 79.67035 1.271311 6003113 13 0 11.55966 2.207447 6003113 13 1 233 78342
