1 1.194803 1.137859 1.187115 1 8.464087 1.006614 6003113 11 1 26.85416 1.004958 6003113 13 1 176 42098
1 1.099519 1.139476 1.051563 1 43.23661 1.094853 6003113 13 0 10.25693 1.507296 6003113 11 1 365 87404
1 1.056557 1.108524 0.9965968 1 13.30526 3.081277 6003113 13 0 95.15795 1.276738 6003113 11 1 85 20374
1 1.057513 1.112379 0.9951048 1 27.55029 1.144082 6003113 13 0 12.29495 3.458281 6003113 11 1 212 50803
1 1.026751 0.7444853 1.219196 0 39.21073 1.307753 6003113 11 1 29.02058 2.03473 6003113 13 1 53 12719
1 1.137649 1.170432 1.099925 0 16.94268 1.047304 6003113 13 0 99.21435 3.625995 6003113 11 1 143 34081
1 1.10316 1.145079 1.05266 1 37.76438 1.859585 6002113 13 1 0.07425961 1.028355 6002113 11 1 375 89832
1 1.123647 1.241142 1.010512 0 15.11707 7.216547 6003113 11 1 22.07261 1.361359 6003113 13 1 375 89996
1 1.194803 1.137859 1.187115 1 29.13174 1.005091 6003113 11 1 16.92988 1.139264 6003113 13 1 413 99030
1 1.145385 0.9245803 1.259718 1 22.13587 1.219499 6003113 11 1 27.1107 1.861035 6003113 13 1 218 52115
1 1.42456 2.044705 0.9864829 1 43.88393 1.6219 6003113 13 0 13.17941 3.189256 6003113 11 1 240 57404
1 1.227292 1.202911 1.205555 1 11.76899 2.021237 6003113 13 0 78.77499 1.007951 6003113 11 1 322 77252
1 1.109295 1.155893 1.053631 1 31.16287 1.358944 6003113 13 1 51.99899 1.08825 6003113 11 1 378 90650
1 1.1849 1.214892 1.148506 1 21.09571 1.048753 6003113 13 0 102.3545 4.230273 6003113 11 1 97 23208
1 0.1214868 0.03012302 0.3349064 0 30.14638 2.040157 6003113 13 0 12.41036 1.465858 6003113 11 1 1 99
1 1.157728 1.196465 1.111764 1 26.53102 1.097952 6003113 13 1 8.899997 1.231508 6003113 11 1 52 12385
1 1.167323 1.186361 1.134647 1 8.217744 1.36541 6002113 11 1 11.07168 1.244751 6002113 13 1 270 64648
1 1.151918 0.9752633 1.225726 0 3.91545 4.818623 6003113 11 1 52.34676 1.290632 6003113 13 1 288 68957
1 1.167323 1.186361 1.134647 0 20.38074 1.543834 6003113 11 1 12.39302 1.007437 6003113 13 1 40 9437
1 0.3064061 0.1093534 0.631845 0 1.450796 2.674308 6003113 11 1 48.91095 2.05972 6003113 13 1 36 8410
1 0.5292084 0.8493549 0.3262614 1 19.11926 2.945263 6003113 13 0 5.51208 1.211479 6003113 11 1 171 40827
1 1.0427 1.134261 0.9473373 0 9.536134 2.37945 6003113 11 1 35.92499 1.952545 6003113 13 1 150 35849
1 1.142868 1.177299 1.103399 1 23.43816 1.005691 6003113 13 1 40.54119 2.364963 6003113 11 1 150 35941
1 0.1707681 0.04642279 0.4356818 0 62.82061 1.413175 6003113 11 1 19.17639 1.919801 6003113 13 1 208 49766
1 1.566869 2.206142 1.088645 0 114.2102 3.034406 6003113 11 1 28.0371 1.008166 6003113 13 1 222 53173
1 1.167323 1.186361 1.134647 1 24.88094 1.920026 6003113 13 1 5.732193 2.456653 6003113 11 1 229 54923
1 1.057513 1.112379 0.9951048 1 31.26106 1.047237 6003113 13 0 12.10099 11.12923 6003113 11 1 172 41221
1 1.191782 1.185832 1.16486 1 15.27254 1.285063 6003113 13 0 133.899 4.05569 6003113 11 1 205 49163
1 1.152501 1.258655 1.04415 1 33.10938 1.010631 6003113 13 0 98.9244 1.686511 6003113 11 1 126 30169
1 1.099696 0.9023142 1.195627 1 23.40991 1.188153 6003113 13 0 59.78185 1.586426 6003113 11 1 361 86431
1 1.034916 1.100018 0.9626585 0 55.77172 5.937116 6003113 11 1 49.70899 1.014109 6003113 13 1 374 89707
1 1.095596 1.133769 1.050051 1 52.05424 2.009571 6003113 13 1 9.782536 1.513105 6003113 11 1 382 91584
1 1.033406 1.101364 0.958024 0 21.12288 1.103548 6003113 11 1 28.35837 2.071578 6003113 13 1 415 99388
1 1.112575 1.233052 0.9981722 0 41.01339 5.127357 6003113 11 1 61.39866 1.086614 6003113 13 1 392 93894
1 1.199428 1.046014 1.251733 1 22.03673 1.087695 6003113 11 1 21.19649 1.397396 6003113 13 1 268 64282
1 0.8200224 1.218482 0.5472287 1 21.2662 1.957046 6003113 13 0 20.94117 12.97592 6003113 11 1 297 71200
1 1.143675 1.253919 1.033471 1 33.83222 2.040631 6003113 13 1 39.26061 1.803524 6003113 11 1 299 71691
1 1.705086 2.017803 1.363962 1 22.01719 1.509788 6003113 13 0 80.95409 1.671084 6003113 11 1 304 72873
1 1.034916 1.100018 0.9626585 1 15.73312 1.349919 6003113 13 1 11.49616 1.190135 6003113 11 1 363 87025
1 0.9574994 0.6410515 1.205563 1 39.33529 1.882844 6003113 13 1 3.240209 1.030728 6003113 11 1 163 39048
1 0.9138955 0.6245104 1.1333 1 8.741702 1.713555 6003113 11 1 24.32752 1.043948 6003113 13 1 15 3589
