1 1.057513 1.112379 0.9951048 1 30.49768 1.800398 6002113 13 1 108.7417 2.650961 6002113 13 1 290 69548
1 1.10316 1.145079 1.05266 1 45.01983 1.680372 6002113 13 1 59.58007 3.04989 6002113 13 1 342 81892
1 1.034916 1.100018 0.9626585 1 72.20431 4.004782 6002113 13 1 37.9921 2.607362 6002113 13 1 68 16104
1 1.112575 1.233052 0.9981722 1 73.85917 1.857002 6002113 13 1 40.73639 3.060703 6002113 13 1 255 61067
1 1.147959 1.183877 1.106546 1 32.58461 5.42246 6002113 13 1 22.45671 2.443883 6002113 13 1 114 27261
1 1.056557 1.108524 0.9965968 1 71.03295 7.536794 6002113 13 0 107.0939 3.396274 6002113 13 1 235 56354
1 1.095596 1.133769 1.050051 1 23.51901 3.489908 6002113 13 1 41.20779 3.764681 6002113 13 1 375 89823
1 0.9160994 0.6007248 1.171549 1 603.8583 4.318523 6003113 13 1 71.44999 1.4107 6003113 13 1 248 59285
1 1.106427 1.150534 1.053346 1 73.70606 7.045929 6002113 13 1 137.2835 2.34508 6002113 13 1 196 46878
1 1.114777 0.884905 1.24054 1 201.9528 1.519767 6003113 13 1 160.2967 1.640259 6003113 13 1 116 27793
1 1.157728 1.196465 1.111764 1 31.02365 1.877763 6002113 13 1 23.59498 1.89508 6002113 13 1 264 63354
1 1.095596 1.133769 1.050051 1 164.4409 2.082735 6003113 13 1 239.4992 1.456042 6003113 13 1 25 5835
1 1.289688 1.878288 0.892531 1 230.3103 6.199352 6003113 13 1 63.40845 1.384951 6003113 13 1 324 77640
