1 1.209625 1.112975 1.222657 1 49.57365 1.619061 1000022 13 1 9.292576 1.836367 1000022 13 1 10 2684
1 1.182032 1.113501 1.180358 0 31.40628 1.76579 1000022 11 1 43.36574 1.422906 1000022 13 1 12 3190
1 1.142868 1.177299 1.103399 1 77.23381 1.827889 1000022 11 1 29.07418 2.579833 1000022 13 1 12 3231
1 1.183608 1.169262 1.159476 1 22.9967 2.143986 1000022 13 1 50.92646 1.558479 1000022 13 1 12 3258
1 1.048997 1.136673 0.9559695 1 30.53103 1.399457 1000022 13 1 1.034108 1.481077 1000022 11 1 13 3548
1 0.04323696 0.007888732 0.160549 1 3.508797 2.068305 1000022 13 1 42.78473 2.52047 1000022 13 1 17 4467
1 1.199401 1.201198 1.170168 1 33.00652 4.930588 1000022 13 1 50.57671 4.094894 1000022 13 1 31 8512
1 0.9138955 0.6245104 1.1333 1 29.86812 3.486885 1000022 11 1 26.71087 1.388295 1000022 13 1 33 8926
1 0.3459568 0.1344595 0.6687537 1 0.1217377 1.137216 1000022 11 1 52.18951 1.640191 1000022 13 1 34 9146
1 1.26516 1.422013 1.117256 1 20.99734 4.051747 1000022 11 1 41.4626 1.120268 1000022 13 1 5 1158
1 1.49586 1.706142 1.278772 1 0.6192014 1.169795 1000022 11 1 30.57745 1.186692 1000022 13 1 4 1078
1 1.199428 1.046014 1.251733 0 8.978969 3.339562 1000022 11 1 24.10226 2.11861 1000022 13 1 16 4271
1 1.134034 1.248093 1.022271 1 37.40217 1.315852 1000022 13 0 1.871799 1.826059 1000022 13 1 16 4386
1 1.176288 1.010978 1.239274 0 11.91699 1.725436 1000022 11 1 34.1732 1.940475 1000022 13 1 22 5844
1 1.1849 1.214892 1.148506 1 29.21903 2.216789 1000022 13 0 0.3701837 1.277442 1000022 11 1 24 6624
1 0.5292084 0.8493549 0.3262614 1 44.55844 1.332211 1000022 13 0 26.37381 1.531813 1000022 11 1 25 6885
1 1.062846 1.139449 0.9784784 0 31.79465 1.683725 1000022 13 1 5.319206 1.706217 1000022 11 1 26 6945
1 1.026751 0.7444853 1.219196 1 32.55215 1.25085 1000022 13 1 7.583075 1.885837 1000022 11 1 26 7022
1 1.209625 1.112975 1.222657 1 83.35728 2.192493 1000022 13 1 36.12865 1.464827 1000022 11 1 28 7713
1 1.190567 1.223018 1.152597 1 32.09152 2.536135 1000022 13 1 74.00286 3.814758 1000022 11 1 29 7921
1 1.036252 1.095703 0.9699052 1 3.348715 1.586026 1000022 11 1 36.39206 1.161551 1000022 13 1 30 8044
1 1.20651 1.16088 1.193521 1 1.573478 1.140525 1000022 11 1 34.50982 1.451177 1000022 13 1 30 8256
1 0.9517445 0.6636014 1.162862 1 26.22023 1.347775 1000022 13 0 2.693527 1.160514 1000022 11 1 35 9395
