1 1.49586 1.706142 1.278772 0 45.17797 2.590473 6002113 13 1 66.90826 1.731998 6002113 13 1 321 76882
1 1.026751 0.7444853 1.219196 1 19.07073 1.571086 6002113 13 1 23.2987 2.006011 6002113 13 1 22 5150
1 1.20651 1.16088 1.193521 1 62.14873 1.411069 6002113 13 1 54.35436 1.511827 6002113 13 1 26 6102
1 0.5762256 0.2893137 0.9113798 1 154.3656 2.082279 6003113 13 0 85.64565 5.616648 6003113 13 1 146 34929
1 1.143675 1.253919 1.033471 1 134.5287 1.720102 6003113 13 1 381.2704 1.537063 6003113 13 1 176 42027
1 1.314649 1.46568 1.173482 1 138.0618 1.376615 6003113 13 1 83.46332 1.59394 6003113 13 1 176 42075
1 1.179161 1.206147 1.144075 0 182.236 5.315003 6003113 13 1 46.17046 2.525893 6003113 13 1 319 76462
1 1.182032 1.113501 1.180358 1 67.61568 1.443753 6002113 13 1 102.0921 1.724856 6002113 13 1 160 38170
1 1.75908 2.248522 1.290011 0 36.47775 3.42091 6003113 13 1 61.41504 2.035073 6003113 13 1 251 60170
1 0.8332192 0.5015442 1.138243 1 42.52041 1.563224 6002113 13 1 34.69325 1.734367 6002113 13 1 18 4140
1 1.329532 1.478061 1.189894 1 57.26742 2.164896 6002113 13 1 66.32326 3.852187 6002113 13 1 51 12158
1 1.152501 1.258655 1.04415 1 63.11052 1.67694 6002113 13 1 35.22791 1.48125 6002113 13 1 314 75251
1 1.123647 1.241142 1.010512 1 115.007 2.19279 6003113 13 1 584.4095 1.705174 6003113 13 1 47 11106
1 1.56971 1.920896 1.202337 1 38.0728 2.759187 6002113 13 1 30.48097 1.919712 6002113 13 1 195 46575
1 1.134034 1.248093 1.022271 1 103.8811 1.543815 6002113 13 1 27.76675 1.447039 6002113 13 1 178 42707
1 0.6571895 0.3457574 1.000641 1 73.93043 2.10214 6002113 13 1 56.64951 1.769534 6002113 13 1 46 10896
1 1.054444 1.13827 0.9640688 1 78.43645 1.731201 6003113 13 1 62.46976 2.371041 6003113 13 1 228 54661
