1 1.199428 1.046014 1.251733 1 25.15452 1.463491 6002113 13 1 39.45112 1.931466 6002113 13 1 238 57057
1 1.812285 2.096335 1.505211 1 22.40652 2.821862 6002113 13 1 60.09691 2.133524 6002113 13 1 238 57116
1 0.7055845 0.3974356 1.016366 1 15.71799 1.357797 6002113 13 1 55.10617 2.534305 6002113 13 1 237 56757
1 1.057513 1.112379 0.9951048 1 233.5886 7.538548 6003113 13 1 176.0053 3.347677 6003113 13 1 240 57480
1 1.058012 1.115802 0.9930252 1 105.8334 1.428037 6002113 13 1 14.023 1.674251 6002113 13 1 240 57584
1 0.7242169 1.085561 0.4754195 1 117.337 2.509629 6003113 13 1 82.80233 1.287268 6003113 13 1 240 57597
1 0.9894024 0.7036328 1.19152 1 7.06601 3.255411 6002113 13 1 43.85223 1.734502 6002113 13 1 296 71034
1 1.106427 1.150534 1.053346 1 117.5842 1.722647 6003113 13 1 19.42107 1.934469 6003113 13 1 296 71040
1 1.112575 1.233052 0.9981722 0 650.3069 1.575852 6003113 13 1 47.64948 1.877109 6003113 13 1 298 71317
1 1.217313 1.182622 1.199648 0 83.95591 2.241308 6003113 13 1 178.5684 1.753257 6003113 13 1 298 71479
1 1.157728 1.196465 1.111764 1 7.945279 1.610852 6002113 13 1 76.73284 1.599835 6002113 13 1 310 74306
1 1.298986 1.452146 1.156092 1 438.1769 3.060468 6003113 13 1 63.72127 4.855299 6003113 13 1 312 74838
1 1.174602 1.053046 1.204645 1 118.378 3.18902 6003113 13 1 181.5366 1.821634 6003113 13 1 312 74852
1 1.174602 1.053046 1.204645 1 118.378 3.18902 6003113 13 1 181.5366 1.821634 6003113 13 1 312 74852
1 1.10316 1.145079 1.05266 1 97.65402 2.646672 6003113 13 0 377.1398 2.427782 6003113 13 1 337 80772
1 1.152971 1.190243 1.109341 1 53.52794 2.162198 6002113 13 0 43.51766 47.12753 6002113 13 1 356 85275
1 1.213336 1.227995 1.180605 0 914.1343 1.869083 6003113 13 1 98.94437 1.812927 6003113 13 1 356 85335
1 0.3767309 0.1505117 0.7131262 1 17.79346 2.257444 6002113 13 1 74.5807 4.216601 6002113 13 1 406 97201
1 1.192805 1.083559 1.213989 1 19.92827 3.054719 6002113 13 1 43.06004 3.100854 6002113 13 1 411 98540
1 0.5279956 0.2465533 0.8852676 1 40.59807 2.087677 6003113 13 1 122.6029 2.224782 6003113 13 1 413 99007
1 1.017868 0.7662661 1.176325 1 86.85503 2.569545 6002113 13 1 8.191341 4.272365 6002113 13 1 413 99074
1 0.7268606 1.122648 0.4611204 1 82.48395 1.972821 6003113 13 1 316.3825 2.741754 6003113 13 1 412 98662
1 1.157728 1.196465 1.111764 1 169.9286 2.025176 6002113 13 1 58.84914 1.838231 6002113 13 1 412 98861
1 1.761918 2.058838 1.43754 1 93.02566 1.729306 6002113 13 1 59.2144 1.618925 6002113 13 1 417 99858
1 1.761918 2.058838 1.43754 1 93.02566 1.729306 6002113 13 1 59.2144 1.618925 6002113 13 1 417 99858
1 1.15499 1.021547 1.194574 1 15.49863 2.849982 6003113 13 1 242.3821 1.839292 6003113 13 1 417 99903
1 1.0427 1.134261 0.9473373 1 37.37687 1.639588 6002113 13 1 3.360371 2.239811 6002113 13 1 262 62752
1 1.026751 0.7444853 1.219196 1 104.8565 3.671797 6003113 13 0 169.3731 12.6739 6003113 13 1 39 9324
1 1.10316 1.145079 1.05266 1 40.90984 1.366682 6002113 13 1 47.82233 1.342374 6002113 13 1 41 9682
1 1.126364 0.9389989 1.211138 0 34.58937 3.136376 6002113 13 0 76.73734 1.25271 6002113 13 1 41 9790
1 1.03119 1.524041 0.7057037 1 25.25174 2.603565 6002113 13 1 78.95536 1.993795 6002113 13 1 43 10107
1 1.575265 1.775696 1.383444 1 12.28028 2.66469 6003113 13 1 89.97433 3.986437 6003113 13 1 43 10272
1 1.227292 1.202911 1.205555 1 76.7405 3.395662 6002113 13 1 52.4777 2.722068 6002113 13 1 119 28538
1 0.3458254 0.5933005 0.203245 0 578.0256 1.610408 6003113 13 1 74.73124 1.81715 6003113 13 1 146 35032
1 1.10316 1.145079 1.05266 1 56.71007 2.097622 6002113 13 1 45.08177 3.715445 6002113 13 1 147 35045
1 1.329532 1.478061 1.189894 0 137.9284 2.535649 6003113 13 0 1294.394 2.561741 6003113 13 1 147 35225
1 1.152501 1.258655 1.04415 1 53.35495 3.052534 6002113 13 1 9.862082 2.214411 6002113 13 1 205 49079
1 0.4903168 0.2233237 0.8385035 1 25.32355 1.517638 6002113 13 1 104.4418 1.527411 6002113 13 1 294 70395
1 1.055133 1.104334 0.9975671 1 314.9198 1.645478 6003113 13 1 129.9004 1.854952 6003113 13 1 294 70497
1 1.095596 1.133769 1.050051 1 355.9651 2.350095 6003113 13 1 61.97365 1.693804 6003113 13 1 303 72485
1 0.4903168 0.2233237 0.8385035 1 172.7362 1.670988 6002113 13 1 2.852717 2.144782 6002113 13 1 368 88123
1 1.179161 1.206147 1.144075 1 37.57655 1.62164 6003113 13 1 189.0698 1.609476 6003113 13 1 368 88251
1 0.7242169 1.085561 0.4754195 1 425.154 2.330139 6003113 13 1 56.60959 1.778688 6003113 13 1 370 88670
1 1.028816 2.178673 0.4767559 1 102.5359 1.499398 6003113 13 0 680.4592 1.894854 6003113 13 1 370 88726
1 1.199401 1.201198 1.170168 0 61.78635 2.197098 6002113 13 1 30.8443 1.366484 6002113 13 1 387 92668
1 1.209625 1.112975 1.222657 1 77.11627 2.246451 6002113 13 1 138.417 1.785909 6002113 13 1 2 397
1 0.3459568 0.1344595 0.6687537 1 30.4357 1.683006 6002113 13 1 173.8824 1.846911 6002113 13 1 2 427
1 0.9574994 0.6410515 1.205563 1 110.6083 1.259478 6002113 13 1 90.74066 1.567771 6002113 13 1 2 472
1 1.152501 1.258655 1.04415 1 129.6287 1.350199 6003113 13 1 57.18557 2.269235 6003113 13 1 35 8172
1 0.1080031 0.02598027 0.3057024 1 143.3654 6.066263 6002113 13 1 84.14066 1.192276 6002113 13 1 35 8273
1 0.7268606 1.122648 0.4611204 1 384.7499 1.671126 6003113 13 1 21.63702 2.547321 6003113 13 1 334 80023
1 1.550791 1.753763 1.352368 1 46.44044 2.239019 6003113 13 0 1068.281 3.909367 6003113 13 1 29 6908
1 0.8332192 0.5015442 1.138243 1 87.96651 1.575937 6002113 13 1 8.83107 1.571893 6002113 13 1 31 7305
1 1.062846 1.139449 0.9784784 1 44.79037 2.104819 6002113 13 1 65.93211 1.336542 6002113 13 1 31 7399
1 1.059052 1.139164 0.9715886 1 47.01601 1.426857 6002113 13 1 28.68307 1.664743 6002113 13 1 54 12878
1 1.213336 1.227995 1.180605 0 92.06319 2.127938 6003113 13 1 79.63004 1.432744 6003113 13 1 89 21216
1 1.056557 1.108524 0.9965968 1 6.253151 1.751112 6002113 13 1 29.5521 2.194818 6002113 13 1 89 21353
1 1.035838 1.098122 0.9666125 1 56.47386 1.701901 6002113 13 1 64.17297 1.960648 6002113 13 1 243 58114
1 1.524498 1.73059 1.317664 1 54.98955 1.764255 6002113 13 1 2.561404 1.723572 6002113 13 1 243 58298
1 1.099519 1.139476 1.051563 1 19.56927 2.021755 6002113 13 1 56.51147 2.127677 6002113 13 1 107 25633
1 1.036252 1.095703 0.9699052 0 18.35187 15.99295 6002113 13 1 37.40303 4.107334 6002113 13 1 108 25754
1 0.1610681 0.04515641 0.4007308 1 106.3444 1.459851 6003113 13 1 1506.654 8.293941 6003113 13 1 108 25918
1 1.056557 1.108524 0.9965968 1 38.841 2.08845 6002113 13 0 101.9289 1.569928 6002113 13 1 189 45145
1 1.123647 1.241142 1.010512 1 276.6881 1.616055 6003113 13 1 117.9576 1.797288 6003113 13 1 189 45211
1 1.055133 1.104334 0.9975671 1 60.31834 1.55586 6002113 13 1 31.31866 2.417868 6002113 13 1 189 45359
1 1.157728 1.196465 1.111764 1 96.04904 1.706838 6002113 13 1 95.6856 2.09853 6002113 13 1 185 44180
1 1.053247 1.09991 0.9980844 1 32.77334 1.60274 6002113 13 1 65.27681 1.748158 6002113 13 1 185 44376
1 1.176288 1.010978 1.239274 1 9.933948 1.713394 6002113 13 1 67.62261 1.39094 6002113 13 1 208 49688
1 1.176288 1.010978 1.239274 1 105.507 1.619014 6002113 13 1 9.481442 1.928161 6002113 13 1 208 49694
1 1.143675 1.253919 1.033471 1 95.79733 1.791054 6002113 13 1 62.69458 1.474624 6002113 13 1 208 49752
1 1.192805 1.083559 1.213989 1 32.6566 1.542525 6002113 13 1 3.01969 1.959395 6002113 13 1 350 83801
1 1.213336 1.227995 1.180605 1 89.26411 11.37594 6002113 13 1 78.41543 2.288746 6002113 13 1 350 83976
1 1.126364 0.9389989 1.211138 1 25.21911 2.028428 6003113 13 1 226.5764 1.31909 6003113 13 1 354 84782
1 1.126364 0.9389989 1.211138 1 71.88707 1.487888 6002113 13 1 102.4676 2.139668 6002113 13 1 352 84248
1 1.055133 1.104334 0.9975671 1 2.740622 2.464743 6002113 13 1 105.1644 4.52345 6002113 13 1 42 9891
1 1.206555 1.21522 1.17542 1 17.2521 3.823873 6002113 13 1 126.4573 2.092982 6002113 13 1 67 15938
1 1.10316 1.145079 1.05266 1 334.21 1.680666 6003113 13 0 285.9621 2.025489 6003113 13 1 100 23996
1 1.15499 1.021547 1.194574 1 137.244 1.769741 6002113 13 1 40.82284 1.328864 6002113 13 1 103 24532
1 1.15499 1.021547 1.194574 1 137.244 1.769741 6002113 13 1 40.82284 1.328864 6002113 13 1 103 24532
1 1.053247 1.09991 0.9980844 1 62.61889 1.63689 6002113 13 1 11.88965 1.949103 6002113 13 1 103 24562
1 1.142868 1.177299 1.103399 0 38.60848 2.831382 6002113 13 1 12.09514 1.733478 6002113 13 1 167 39881
1 0.4544891 0.2018274 0.792879 1 54.55989 1.731656 6002113 13 1 29.84226 2.201005 6002113 13 1 252 60278
1 1.058012 1.115802 0.9930252 1 41.85191 1.632404 6002113 13 1 32.74666 1.160781 6002113 13 1 283 67758
1 1.137649 1.170432 1.099925 0 836.5951 3.259437 6003113 13 1 93.51547 1.893585 6003113 13 1 307 73595
1 0.4544891 0.2018274 0.792879 1 20.35433 1.534352 6002113 13 1 49.35661 1.806523 6002113 13 1 308 73797
1 0.02782141 0.00448657 0.1208789 1 45.69173 1.710639 6003113 13 0 560.7537 1.599528 6003113 13 1 308 73812
1 0.7268606 1.122648 0.4611204 1 231.1546 2.218981 6003113 13 1 145.0602 2.323736 6003113 13 1 308 73859
1 1.056557 1.108524 0.9965968 1 80.03416 3.671412 6003113 13 1 74.27245 7.868917 6003113 13 1 308 73886
1 1.112575 1.233052 0.9981722 0 10.90503 3.356242 6002113 13 1 87.99406 3.558059 6002113 13 1 309 74049
1 1.183608 1.169262 1.159476 1 122.1803 1.448351 6003113 13 1 171.0198 1.9778 6003113 13 1 309 74073
1 1.143675 1.253919 1.033471 1 33.32783 1.660332 6002113 13 1 42.31606 1.601513 6002113 13 1 336 80437
1 1.526225 2.04983 1.080738 1 40.72621 2.220655 6003113 13 1 126.5069 1.627761 6003113 13 1 346 82880
1 0.01417853 0.002128869 0.07081318 1 52.67687 2.454064 6002113 13 1 77.01815 1.503838 6002113 13 1 346 82999
1 1.0427 1.134261 0.9473373 1 80.4659 1.51862 6002113 13 0 174.8582 2.24651 6002113 13 1 372 89110
1 1.174602 1.053046 1.204645 0 127.3718 1.821206 6002113 13 1 49.57809 1.565373 6002113 13 1 400 95839
1 1.173319 1.196671 1.139395 0 350.0753 1.492076 6003113 13 1 66.33739 1.544281 6003113 13 1 409 97926
1 1.329532 1.478061 1.189894 1 166.6474 1.659828 6003113 13 1 269.9662 2.351698 6003113 13 1 101 24174
1 1.645109 2.1548 1.183545 1 41.93303 2.423491 6002113 13 0 1.777853 10.00369 6002113 13 1 172 41174
1 1.056557 1.108524 0.9965968 1 46.86356 2.935653 6002113 13 1 24.25623 3.025341 6002113 13 1 172 41194
1 1.034916 1.100018 0.9626585 1 106.6034 1.634173 6002113 13 1 33.38707 1.813415 6002113 13 1 173 41411
1 1.173319 1.196671 1.139395 1 28.18598 2.063455 6002113 13 1 29.8859 1.694108 6002113 13 1 221 52942
1 1.0427 1.134261 0.9473373 1 60.18901 2.194188 6003113 13 1 150.2403 4.362893 6003113 13 1 222 53072
1 1.0427 1.134261 0.9473373 1 60.18901 2.194188 6003113 13 1 150.2403 4.362893 6003113 13 1 222 53072
1 1.017868 0.7662661 1.176325 0 50.90105 23.09106 6002113 13 1 37.38458 5.404319 6002113 13 1 222 53090
1 1.036252 1.095703 0.9699052 1 278.6738 1.6751 6003113 13 1 70.39483 2.452543 6003113 13 1 222 53122
1 0.5279956 0.2465533 0.8852676 1 284.1982 1.596303 6003113 13 1 44.31808 2.220424 6003113 13 1 222 53187
1 1.095596 1.133769 1.050051 1 78.02006 2.035253 6002113 13 0 17.76094 1.805537 6002113 13 1 225 53896
1 1.114777 0.884905 1.24054 1 59.45972 2.183557 6002113 13 1 6.957164 1.22181 6002113 13 1 225 53985
1 0.789787 0.4650854 1.097808 0 154.1525 1.71086 6003113 13 1 12.56048 1.829931 6003113 13 1 242 57907
1 1.179161 1.206147 1.144075 1 24.5015 1.878091 6003113 13 1 200.5883 1.689069 6003113 13 1 245 58781
1 1.20651 1.16088 1.193521 1 43.92945 2.018837 6002113 13 1 10.10762 2.196844 6002113 13 1 257 61522
1 1.329532 1.478061 1.189894 1 164.8667 1.645271 6002113 13 1 8.861533 1.557407 6002113 13 1 263 62993
1 1.526225 2.04983 1.080738 1 57.75626 3.53426 6003113 13 0 190.6773 14.99026 6003113 13 1 263 63031
1 1.26516 1.422013 1.117256 1 76.54767 2.272033 6003113 13 0 335.3799 5.519152 6003113 13 1 274 65548
1 1.0427 1.134261 0.9473373 1 44.68419 1.389462 6002113 13 1 38.97701 1.677895 6002113 13 1 279 66790
1 0.9517445 0.6636014 1.162862 1 82.54469 2.247208 6002113 13 1 20.17921 2.161922 6002113 13 1 291 69634
1 1.054444 1.13827 0.9640688 0 531.3563 1.414405 6003113 13 1 114.8326 2.018561 6003113 13 1 341 81682
1 1.405111 1.934095 0.9833891 1 5.029842 2.042768 6003113 13 1 230.8739 1.470134 6003113 13 1 343 82249
1 1.134034 1.248093 1.022271 1 14.28114 3.071202 6002113 13 1 39.73079 1.741308 6002113 13 1 345 82698
1 0.3170899 0.1198369 0.6261138 1 92.64703 1.604034 6003113 13 1 143.414 2.073639 6003113 13 1 347 83058
1 1.114777 0.884905 1.24054 1 56.60737 1.950809 6003113 13 1 143.3669 2.833784 6003113 13 1 355 85075
1 1.151918 0.9752633 1.225726 1 4.234462 2.385891 6002113 13 1 117.7347 2.294323 6002113 13 1 355 85131
1 0.6342273 1.05356 0.3835326 1 15.99291 1.606065 6002113 13 1 90.10257 2.22697 6002113 13 1 367 87906
1 0.665028 0.3662483 0.9755856 0 365.2552 2.517219 6003113 13 1 60.65985 1.471425 6003113 13 1 367 88015
1 1.524498 1.73059 1.317664 1 136.9941 1.581237 6003113 13 0 36.90905 2.192693 6003113 13 1 414 99159
1 0.06958118 0.01446482 0.2254303 1 120.8121 2.378237 6003113 13 1 134.8951 3.237382 6003113 13 1 415 99393
1 1.227292 1.202911 1.205555 1 253.3327 1.670361 6003113 13 0 90.05824 5.881683 6003113 13 1 3 555
1 1.1849 1.214892 1.148506 1 17.39601 2.870236 6002113 13 1 3.094776 1.982887 6002113 13 1 4 722
1 1.173319 1.196671 1.139395 0 9.274905 1.605857 6002113 13 1 98.64469 1.874881 6002113 13 1 4 943
1 1.405111 1.934095 0.9833891 1 90.31789 1.837253 6002113 13 1 36.99537 1.73085 6002113 13 1 91 21675
1 0.1014541 0.02299071 0.3029553 1 765.0665 6.280512 6003113 13 1 79.69135 2.325318 6003113 13 1 91 21781
1 0.06482654 0.01276116 0.2218368 1 32.83209 2.936403 6002113 13 1 41.46744 2.055611 6002113 13 1 91 21833
1 1.209625 1.112975 1.222657 1 29.89981 4.096334 6002113 13 0 22.27953 5.306419 6002113 13 1 136 32410
1 0.3459568 0.1344595 0.6687537 1 22.84875 2.544844 6001113 13 1 2.573034 2.680948 6001113 13 1 136 32546
1 1.099519 1.139476 1.051563 0 30.65123 6.194216 6002113 13 1 80.73665 3.606432 6002113 13 1 114 27131
1 0.8332192 0.5015442 1.138243 1 68.47816 1.630825 6003113 13 1 1.440373 1.544916 6003113 13 1 114 27180
1 1.050919 0.8056091 1.198818 1 69.17299 2.393915 6002113 13 1 26.8869 1.39234 6002113 13 1 118 28122
1 1.031225 1.102163 0.9526981 1 42.23896 6.837808 6003113 13 1 530.4457 4.462076 6003113 13 1 117 27957
1 1.034916 1.100018 0.9626585 1 58.83895 2.240022 6002113 13 1 18.50823 2.690017 6002113 13 1 175 41912
1 1.099696 0.9023142 1.195627 1 41.53853 1.888206 6002113 13 1 59.89935 2.551959 6002113 13 1 180 43078
1 1.112575 1.233052 0.9981722 1 67.50423 2.294706 6002113 13 1 4.399023 1.982856 6002113 13 1 182 43558
1 0.8332192 0.5015442 1.138243 1 53.36139 3.2287 6003113 13 1 33.16682 1.628825 6003113 13 1 193 46193
1 1.190567 1.223018 1.152597 1 100.5209 1.715863 6002113 13 0 0.9111615 2.034998 6002113 13 1 193 46287
1 1.056557 1.108524 0.9965968 1 223.2743 1.700118 6003113 13 0 455.6216 1.84075 6003113 13 1 199 47589
1 1.183608 1.169262 1.159476 1 37.23817 3.202187 6002113 13 1 20.68014 2.929946 6002113 13 1 216 51736
1 1.057513 1.112379 0.9951048 1 6.931702 3.064979 6003113 13 1 99.66058 1.79185 6003113 13 1 216 51756
1 0.4205023 0.1819855 0.7484848 1 27.15557 1.478912 6002113 13 1 29.47813 1.732756 6002113 13 1 205 49192
1 1.143675 1.253919 1.033471 0 748.53 1.567575 6003113 13 1 44.2748 1.748197 6003113 13 1 246 59029
1 1.75908 2.248522 1.290011 1 32.01698 1.590173 6002113 13 1 37.9327 1.861107 6002113 13 1 293 70279
1 1.179161 1.206147 1.144075 1 60.09149 1.734637 6002113 13 1 44.06618 2.519216 6002113 13 1 304 72743
1 1.031225 1.102163 0.9526981 1 61.08454 2.134237 6003113 13 1 62.84978 1.73391 6003113 13 1 304 72915
1 1.705086 2.017803 1.363962 1 143.5366 1.624019 6002113 13 1 130.1674 1.971064 6002113 13 1 327 78347
1 1.194803 1.137859 1.187115 1 55.25572 2.382109 6002113 13 0 21.01548 2.977796 6002113 13 1 335 80270
1 0.4269872 0.7264097 0.2541938 1 5.06487 1.733444 6002113 13 1 34.25333 2.240705 6002113 13 1 335 80345
1 1.147959 1.183877 1.106546 1 6.014295 1.617105 6002113 13 1 52.38131 1.945281 6002113 13 1 335 80375
1 1.174602 1.053046 1.204645 1 139.0735 2.982112 6003113 13 1 41.24929 2.971107 6003113 13 1 335 80390
1 1.42456 2.044705 0.9864829 1 51.46397 2.242484 6002113 13 1 0.5663483 1.945095 6002113 13 1 375 89776
1 1.182032 1.113501 1.180358 1 33.84996 1.395771 6002113 13 1 42.56842 2.358651 6002113 13 1 375 89781
1 1.524498 1.73059 1.317664 1 44.54252 1.994429 6003113 13 1 159.789 1.723028 6003113 13 1 375 89946
1 1.182032 1.113501 1.180358 1 83.16901 1.633485 6002113 13 1 0.754373 1.722835 6002113 13 1 389 93166
1 0.0008292547 0.0001828615 0.00428265 1 140.2801 1.740518 6003113 13 1 32.50546 1.77611 6003113 13 1 389 93189
1 0.2792014 0.09677438 0.588659 1 258.5139 1.938492 6003113 13 1 101.4994 1.492186 6003113 13 1 377 90358
1 1.0427 1.134261 0.9473373 1 38.79196 1.645008 6002113 13 1 63.93064 1.647798 6002113 13 1 377 90359
1 1.035838 1.098122 0.9666125 1 43.48379 1.67244 6002113 13 1 127.7748 2.5612 6002113 13 1 379 90765
1 1.151918 0.9752633 1.225726 1 24.85615 1.960682 6002113 13 1 43.48368 1.822711 6002113 13 1 379 90960
1 1.048997 1.136673 0.9559695 1 88.86195 1.709419 6002113 13 1 61.53486 1.706792 6002113 13 1 382 91462
1 1.645109 2.1548 1.183545 1 97.24136 4.782203 6003113 13 0 284.8428 2.077209 6003113 13 1 382 91643
1 1.298986 1.452146 1.156092 1 65.53242 2.23826 6002113 13 1 21.06509 1.858644 6002113 13 1 24 5540
1 1.026751 0.7444853 1.219196 1 61.65357 2.358768 6003113 13 1 141.1002 1.179792 6003113 13 1 37 8656
1 1.173319 1.196671 1.139395 1 413.4025 2.137066 6003113 13 1 51.77736 1.494012 6003113 13 1 251 60178
1 1.42456 2.044705 0.9864829 0 721.1956 1.359489 6003113 13 1 91.62667 2.331836 6003113 13 1 125 29996
1 1.109295 1.155893 1.053631 0 1155.034 2.24666 6003113 13 1 72.23961 1.295823 6003113 13 1 177 42417
1 1.106427 1.150534 1.053346 1 10.77836 2.332652 6002113 13 1 56.21319 2.369414 6002113 13 1 179 42847
1 1.137649 1.170432 1.099925 1 13.13536 1.667198 6002113 13 1 93.74255 1.611941 6002113 13 1 247 59152
1 1.036252 1.095703 0.9699052 1 54.67247 1.907576 6002113 13 1 33.79506 5.273664 6002113 13 1 247 59263
1 1.191782 1.185832 1.16486 1 343.2024 1.788899 6003113 13 1 47.33072 1.105898 6003113 13 1 332 79540
1 0.6159488 0.3166172 0.9557644 1 30.15899 1.995092 6002113 13 1 38.82321 4.033549 6002113 13 1 332 79595
1 1.209625 1.112975 1.222657 0 1366.307 3.215037 6003113 13 1 115.4194 1.661268 6003113 13 1 332 79619
1 1.289688 1.878288 0.892531 1 92.40551 1.543197 6002113 13 1 25.94879 1.465059 6002113 13 1 362 86765
1 1.46424 1.680344 1.235249 1 45.68693 1.641764 6002113 13 1 25.67787 1.755131 6002113 13 1 362 86863
1 1.062846 1.139449 0.9784784 1 458.3019 2.167567 6003113 13 1 112.0982 1.282384 6003113 13 1 363 86933
1 0.1610681 0.04515641 0.4007308 1 119.349 1.803932 6003113 13 1 101.4048 2.895682 6003113 13 1 365 87441
1 0.5762256 0.2893137 0.9113798 1 86.16803 1.440749 6002113 13 1 32.95063 2.412186 6002113 13 1 371 88853
1 1.059052 1.139164 0.9715886 1 18.4839 5.494298 6002113 13 1 81.55863 2.197603 6002113 13 1 416 99773
1 1.227292 1.202911 1.205555 1 58.33852 1.218821 6003113 13 1 1214.963 4.565522 6003113 13 1 63 14956
1 1.083255 0.8452013 1.220206 0 31.57855 2.487094 6003113 13 1 150.3902 1.632386 6003113 13 1 63 14994
1 1.050919 0.8056091 1.198818 0 111.1018 1.693319 6002113 13 1 59.79343 1.545694 6002113 13 1 63 15116
1 0.4544891 0.2018274 0.792879 1 33.86047 3.521349 6002113 13 1 45.28454 2.559168 6002113 13 1 66 15722
1 1.152501 1.258655 1.04415 1 55.33871 4.167819 6003113 13 1 373.9248 10.41281 6003113 13 1 66 15840
1 1.227292 1.202911 1.205555 1 19.24783 1.733707 6002113 13 1 29.02799 2.17592 6002113 13 1 72 17176
1 1.145385 0.9245803 1.259718 0 1073.817 1.918249 6003113 13 1 42.71317 1.549819 6003113 13 1 72 17260
1 0.6235333 0.981489 0.3895437 1 128.0318 1.659149 6003113 13 1 483.8398 1.674728 6003113 13 1 81 19297
1 1.026751 0.7444853 1.219196 1 42.17887 2.003411 6002113 13 0 42.10561 9.40677 6002113 13 1 81 19335
1 1.157728 1.196465 1.111764 0 670.2021 1.924188 6003113 13 1 51.10575 2.34879 6003113 13 1 82 19482
1 0.6159488 0.3166172 0.9557644 1 57.3077 1.741973 6002113 13 1 54.5338 1.656738 6002113 13 1 82 19663
1 1.314649 1.46568 1.173482 1 49.43123 2.434106 6003113 13 0 1414.015 2.936662 6003113 13 1 86 20412
1 0.2792014 0.09677438 0.588659 1 36.45315 1.388653 6003113 13 1 168.4806 1.688533 6003113 13 1 86 20426
1 0.2443026 0.07741789 0.5517042 1 39.52941 1.748044 6003113 13 1 131.538 1.454712 6003113 13 1 86 20434
1 0.2443026 0.07741789 0.5517042 1 39.52941 1.748044 6003113 13 1 131.538 1.454712 6003113 13 1 86 20434
1 0.9219857 1.364073 0.6240806 0 6.6645 4.241109 6002113 13 1 84.77255 3.348076 6002113 13 1 90 21558
1 0.9219857 1.364073 0.6240806 1 30.43018 2.1618 6002113 13 1 53.79987 1.927936 6002113 13 1 15 3409
1 1.575265 1.775696 1.383444 1 41.50206 1.282462 6003113 13 1 46.81439 1.973726 6003113 13 1 123 29355
1 1.164201 1.711426 0.8059074 1 120.6866 2.089446 6002113 13 1 69.22639 1.587135 6002113 13 1 123 29367
1 1.550791 1.753763 1.352368 1 114.1105 2.186732 6002113 13 1 17.75354 1.43769 6002113 13 1 144 34431
1 0.8200224 1.218482 0.5472287 1 19.30061 2.646518 6002113 13 1 44.65356 6.132807 6002113 13 1 144 34520
1 1.176288 1.010978 1.239274 1 23.06788 2.078599 6002113 13 1 54.01979 1.436564 6002113 13 1 145 34679
1 1.575265 1.775696 1.383444 1 71.56404 4.043032 6002113 13 1 45.56087 3.059944 6002113 13 1 194 46429
1 0.02605346 0.004275305 0.110374 1 37.66204 2.771592 6003113 13 1 182.4501 1.591256 6003113 13 1 130 31099
1 1.059052 1.139164 0.9715886 1 87.21458 1.527474 6002113 13 1 49.76635 3.230917 6002113 13 1 95 22689
1 1.42456 2.044705 0.9864829 1 40.6163 2.698459 6002113 13 1 149.9243 1.579931 6002113 13 1 95 22748
1 0.1707681 0.04642279 0.4356818 1 48.69727 2.293718 6002113 13 1 5.042387 3.411443 6002113 13 1 213 50985
1 1.056557 1.108524 0.9965968 1 26.34987 2.902985 6003113 13 0 724.3558 2.483481 6003113 13 1 213 51117
1 1.152501 1.258655 1.04415 1 3.877095 1.618204 6002113 13 1 137.7807 1.632337 6002113 13 1 134 32155
1 1.26516 1.422013 1.117256 1 85.13879 1.84473 6002113 13 1 8.697567 6.687457 6002113 13 1 143 34134
1 1.10316 1.145079 1.05266 1 247.1272 1.654996 6003113 13 1 132.135 1.928611 6003113 13 1 143 34265
1 1.190567 1.223018 1.152597 1 271.0512 1.225659 6003113 13 1 167.151 1.917965 6003113 13 1 202 48359
1 0.01417853 0.002128869 0.07081318 0 222.0453 2.427669 6003113 13 1 47.00768 3.748442 6003113 13 1 206 49319
1 1.134034 1.248093 1.022271 1 39.57328 1.637093 6003113 13 0 244.1465 2.348046 6003113 13 1 206 49433
1 1.192805 1.083559 1.213989 1 25.01699 1.434611 6002113 13 1 69.76501 1.904723 6002113 13 1 234 56039
1 1.192805 1.083559 1.213989 1 25.01699 1.434611 6002113 13 1 69.76501 1.904723 6002113 13 1 234 56039
1 1.053247 1.09991 0.9980844 1 23.94549 1.701035 6002113 13 1 44.3599 1.601092 6002113 13 1 234 56125
1 1.10316 1.145079 1.05266 1 55.5543 1.210637 6002113 13 1 70.08843 2.536543 6002113 13 1 236 56534
1 1.054444 1.13827 0.9640688 1 97.56727 1.804737 6003113 13 1 511.9752 2.360692 6003113 13 1 236 56635
1 0.5279956 0.2465533 0.8852676 0 3.622 3.676318 6002113 13 1 83.50105 1.757796 6002113 13 1 317 76000
1 1.157728 1.196465 1.111764 1 47.37854 2.439928 6002113 13 1 16.6225 3.440131 6002113 13 1 317 76016
1 1.190567 1.223018 1.152597 1 464.4492 2.744221 6003113 13 1 69.22569 1.43722 6003113 13 1 317 76040
1 1.329532 1.478061 1.189894 1 43.5996 1.735818 6003113 13 1 148.0815 1.492636 6003113 13 1 318 76234
1 1.036252 1.095703 0.9699052 1 28.49657 2.404134 6002113 13 1 18.68119 2.686269 6002113 13 1 357 85482
1 1.206555 1.21522 1.17542 1 96.63634 2.971552 6003113 13 1 136.37 3.004951 6003113 13 1 360 86365
1 1.164201 1.711426 0.8059074 1 94.8965 2.491477 6002113 13 1 14.64073 1.762502 6002113 13 1 360 86387
1 1.167323 1.186361 1.134647 0 236.1033 4.460674 6003113 13 1 62.10916 1.577351 6003113 13 1 58 13836
1 1.26516 1.422013 1.117256 1 41.23649 1.695703 6002113 13 1 117.2323 2.639255 6002113 13 1 69 16423
1 1.225386 1.141194 1.230719 1 14.70722 2.03351 6002113 13 1 53.45702 1.691023 6002113 13 1 122 29118
1 0.3767309 0.1505117 0.7131262 1 24.59377 1.499247 6002113 13 1 72.94678 2.07194 6002113 13 1 124 29642
1 1.405111 1.934095 0.9833891 0 75.43501 2.117677 6002113 13 1 41.44027 2.891408 6002113 13 1 126 30014
1 0.4094664 0.1680855 0.7591912 1 34.73928 1.649313 6002113 13 1 153.366 1.737489 6002113 13 1 129 30754
1 1.050919 0.8056091 1.198818 1 67.40062 1.523124 6002113 13 1 11.77641 3.353184 6002113 13 1 169 40343
1 1.157728 1.196465 1.111764 1 2.250762 2.678744 6002113 13 1 88.83396 1.991087 6002113 13 1 169 40533
1 0.8383967 1.273376 0.5409222 1 30.0737 2.847218 6002113 13 1 34.02295 2.394359 6002113 13 1 170 40750
1 0.9160994 0.6007248 1.171549 1 170.8108 1.43716 6002113 13 1 65.849 1.55977 6002113 13 1 170 40752
1 1.033406 1.101364 0.958024 1 127.27 1.979877 6002113 13 1 90.04955 2.939789 6002113 13 1 201 48124
1 1.152501 1.258655 1.04415 1 48.53295 1.143669 6003113 13 0 915.9316 1.430351 6003113 13 1 210 50301
1 0.001927587 0.0003547033 0.01149695 1 47.15009 2.294066 6003113 13 0 272.2306 2.214483 6003113 13 1 219 52466
1 1.524498 1.73059 1.317664 0 16.28642 3.347915 6002113 13 1 48.47354 2.447641 6002113 13 1 268 64111
1 1.173319 1.196671 1.139395 1 49.98014 2.042732 6003113 13 0 87.47946 1.735072 6003113 13 1 268 64153
1 1.225386 1.141194 1.230719 0 52.68565 1.951219 6002113 13 1 82.18049 1.923252 6002113 13 1 340 81394
1 0.2539062 0.08544197 0.5475258 1 91.54321 1.454913 6003113 13 1 250.0607 1.638351 6003113 13 1 340 81439
1 1.048997 1.136673 0.9559695 1 83.62998 1.844435 6002113 13 1 45.04823 2.320871 6002113 13 1 403 96608
1 1.058012 1.115802 0.9930252 1 5.594737 3.397657 6002113 13 1 57.9161 2.014659 6002113 13 1 403 96676
1 1.112575 1.233052 0.9981722 0 92.95638 5.174439 6002113 13 1 58.68619 2.311256 6002113 13 1 407 97563
1 1.26516 1.422013 1.117256 1 130.422 1.506839 6002113 13 1 100.497 1.557051 6002113 13 1 407 97569
1 0.7055845 0.3974356 1.016366 1 160.471 1.531721 6003113 13 0 145.3151 1.962457 6003113 13 1 407 97642
1 1.217313 1.182622 1.199648 1 86.60658 2.287215 6003113 13 1 276.3033 1.992086 6003113 13 1 408 97682
1 1.031225 1.102163 0.9526981 1 9.628472 3.117251 6002113 13 1 125.6009 2.195935 6002113 13 1 410 98215
1 0.8383967 1.273376 0.5409222 1 0.4250306 2.005844 6002113 13 1 65.1693 1.84483 6002113 13 1 26 6060
1 1.063672 0.7860307 1.245813 1 303.5445 3.350874 6003113 13 1 76.23541 2.26472 6003113 13 1 26 6085
1 0.0739324 0.01495082 0.2461688 1 53.958 1.728596 6003113 13 1 250.6572 2.161588 6003113 13 1 48 11474
1 0.6679293 1.172073 0.374902 1 15.40048 3.492671 6003113 13 1 179.0822 2.410577 6003113 13 1 61 14422
1 1.109295 1.155893 1.053631 1 153.8073 1.549409 6003113 13 1 209.7268 1.525855 6003113 13 1 61 14456
1 0.8339615 0.5241884 1.101491 1 405.7051 1.706374 6003113 13 1 165.0395 1.600804 6003113 13 1 61 14507
1 1.190567 1.223018 1.152597 1 172.356 1.481752 6003113 13 1 106.9094 1.631798 6003113 13 1 61 14513
1 0.1080031 0.02598027 0.3057024 1 71.97821 1.745381 6002113 13 1 51.88487 2.240267 6002113 13 1 76 18117
1 1.058012 1.115802 0.9930252 1 67.83976 2.632885 6002113 13 1 2.957275 2.187884 6002113 13 1 76 18154
1 1.213336 1.227995 1.180605 1 446.5453 2.995158 6003113 13 1 101.1034 1.974804 6003113 13 1 106 25269
1 1.26516 1.422013 1.117256 1 39.27096 1.713751 6002113 13 1 2.964538 1.745624 6002113 13 1 106 25360
1 1.213336 1.227995 1.180605 1 204.4498 1.658542 6003113 13 1 124.8962 7.616613 6003113 13 1 112 26657
1 1.112575 1.233052 0.9981722 1 14.21636 3.150382 6002113 13 1 46.29129 2.10506 6002113 13 1 128 30521
1 1.099519 1.139476 1.051563 0 15.0464 6.491059 6002113 13 1 25.77342 2.670993 6002113 13 1 128 30566
1 1.056557 1.108524 0.9965968 1 306.9904 2.956887 6003113 13 1 117.7338 1.637771 6003113 13 1 128 30623
1 0.06958118 0.01446482 0.2254303 1 52.64409 1.77049 6003113 13 0 62.2936 3.197663 6003113 13 1 128 30695
1 0.1214868 0.03012302 0.3349064 0 67.19981 3.983146 6002113 13 1 38.41935 1.407036 6002113 13 1 132 31488
1 1.1849 1.214892 1.148506 1 86.62259 2.370255 6003113 13 1 19.98871 3.225316 6003113 13 1 164 39230
1 1.152501 1.258655 1.04415 0 65.20399 6.240362 6002113 13 1 18.27256 3.270139 6002113 13 1 164 39338
1 1.524498 1.73059 1.317664 1 27.45409 2.970995 6002113 13 0 96.6807 1.851971 6002113 13 1 171 40852
1 1.26516 1.422013 1.117256 1 44.67365 2.065791 6002113 13 0 64.91719 1.627853 6002113 13 1 171 40926
1 1.26516 1.422013 1.117256 1 22.79369 1.818295 6002113 13 1 38.67996 2.026058 6002113 13 1 171 40949
1 1.812285 2.096335 1.505211 1 36.44861 1.604955 6003113 13 0 1012.007 1.972035 6003113 13 1 171 41017
1 1.033406 1.101364 0.958024 1 35.98935 3.089604 6003113 13 1 80.56145 3.056041 6003113 13 1 176 42019
1 1.033406 1.101364 0.958024 1 35.98935 3.089604 6003113 13 1 80.56145 3.056041 6003113 13 1 176 42019
1 1.033406 1.101364 0.958024 1 129.0909 1.842779 6002113 13 1 4.120658 1.619065 6002113 13 1 176 42057
1 1.036252 1.095703 0.9699052 1 52.38768 1.252156 6002113 13 1 105.3203 2.93272 6002113 13 1 176 42201
1 1.062846 1.139449 0.9784784 1 323.6518 2.723745 6003113 13 0 206.4134 2.391316 6003113 13 1 178 42717
1 1.15499 1.021547 1.194574 1 73.71223 2.468959 6002113 13 0 1.430932 2.63653 6002113 13 1 211 50635
1 0.9219857 1.364073 0.6240806 1 55.32723 1.824642 6003113 13 1 341.9483 4.320718 6003113 13 1 220 52607
1 1.106427 1.150534 1.053346 1 51.89854 1.55381 6003113 13 0 649.8774 1.558473 6003113 13 1 226 54141
1 1.167323 1.186361 1.134647 1 51.89832 2.990505 6002113 13 1 80.88789 6.319517 6002113 13 1 226 54144
1 1.099696 0.9023142 1.195627 1 35.01352 1.903597 6002113 13 1 18.78453 1.529748 6002113 13 1 226 54200
1 1.225386 1.141194 1.230719 1 73.40097 2.471024 6003113 13 1 541.1233 5.50689 6003113 13 1 228 54577
1 1.10316 1.145079 1.05266 0 418.7319 5.081968 6003113 13 1 37.8867 2.382469 6003113 13 1 230 55028
1 1.062846 1.139449 0.9784784 1 77.73482 1.919593 6003113 13 1 121.1673 1.487607 6003113 13 1 230 55125
1 1.0427 1.134261 0.9473373 1 537.6479 5.104975 6003113 13 1 87.54356 3.101703 6003113 13 1 231 55425
1 1.192805 1.083559 1.213989 1 251.1788 2.15033 6003113 13 1 19.71656 2.040819 6003113 13 1 244 58435
1 1.057513 1.112379 0.9951048 1 55.50568 2.036015 6002113 13 1 0.3290753 2.300946 6002113 13 1 244 58540
1 1.109295 1.155893 1.053631 1 119.2702 2.582799 6002113 13 1 71.58384 2.379997 6002113 13 1 258 61737
1 1.036252 1.095703 0.9699052 1 19.10726 1.605797 6002113 13 0 3.18434 3.38032 6002113 13 1 259 62060
1 1.176288 1.010978 1.239274 0 41.28286 2.070799 6002113 13 1 83.94719 1.526693 6002113 13 1 259 62091
1 0.5380682 0.2637946 0.8676014 1 9.632121 2.293903 6002113 13 1 61.8776 1.853991 6002113 13 1 267 64036
1 1.036252 1.095703 0.9699052 1 75.96079 3.075062 6003113 13 1 149.6545 1.754486 6003113 13 1 269 64433
1 1.298986 1.452146 1.156092 1 126.637 1.820924 6003113 13 1 36.27536 1.640723 6003113 13 1 392 93877
1 1.10316 1.145079 1.05266 1 22.90647 1.541754 6002113 13 1 106.3837 1.690256 6002113 13 1 396 94842
1 1.182032 1.113501 1.180358 1 55.67677 1.557292 6002113 13 1 17.38109 2.588334 6002113 13 1 396 94907
1 1.298986 1.452146 1.156092 1 18.63483 2.2909 6002113 13 1 35.9557 1.737782 6002113 13 1 256 61209
1 1.057513 1.112379 0.9951048 1 62.83695 1.892591 6003113 13 1 266.5902 1.639192 6003113 13 1 256 61242
1 1.054444 1.13827 0.9640688 1 70.32211 1.736838 6002113 13 1 10.73482 1.759405 6002113 13 1 256 61293
1 1.095596 1.133769 1.050051 1 92.56297 2.384452 6003113 13 1 151.4138 2.080909 6003113 13 1 18 4254
1 1.761918 2.058838 1.43754 1 50.42705 1.81846 6002113 13 1 7.818915 1.762092 6002113 13 1 269 64509
1 1.761918 2.058838 1.43754 1 45.65393 2.010764 6002113 13 1 102.3662 1.696991 6002113 13 1 272 65081
1 1.174602 1.053046 1.204645 1 159.6637 1.897398 6002113 13 1 28.38197 2.102014 6002113 13 1 275 65983
1 1.812285 2.096335 1.505211 1 11.71317 1.537521 6002113 13 1 52.85587 1.623059 6002113 13 1 315 75382
1 1.46424 1.680344 1.235249 1 299.7149 2.235263 6003113 13 1 83.5697 2.110005 6003113 13 1 315 75399
1 0.6571895 0.3457574 1.000641 1 184.0853 2.437053 6003113 13 1 7.54526 4.22741 6003113 13 1 321 76971
1 1.174602 1.053046 1.204645 1 52.05829 3.128153 6002113 13 1 36.53259 1.898992 6002113 13 1 328 78503
1 1.15499 1.021547 1.194574 1 33.37583 1.499017 6003113 13 1 121.7065 1.832335 6003113 13 1 328 78530
1 1.031225 1.102163 0.9526981 0 40.02126 2.13118 6003113 13 1 135.8067 1.685341 6003113 13 1 391 93686
1 1.298986 1.452146 1.156092 1 6.035008 2.14281 6002113 13 1 51.41721 3.734217 6002113 13 1 1 39
1 1.227292 1.202911 1.205555 0 802.0788 1.559157 6003113 13 1 112.1459 1.535449 6003113 13 1 1 53
1 1.167323 1.186361 1.134647 1 28.86152 1.802115 6002113 13 1 93.95325 2.72862 6002113 13 1 1 144
1 1.164201 1.711426 0.8059074 1 47.01737 1.235419 6002113 13 1 46.75239 1.273327 6002113 13 1 12 2689
1 1.199401 1.201198 1.170168 1 44.9032 2.230707 6002113 13 0 209.363 3.200334 6002113 13 1 12 2786
1 1.053247 1.09991 0.9980844 1 528.1187 2.514398 6003113 13 1 89.8999 1.701703 6003113 13 1 32 7485
1 1.143675 1.253919 1.033471 0 87.3232 14.30805 6003113 13 1 27.03214 4.197837 6003113 13 1 40 9421
1 1.15499 1.021547 1.194574 1 118.696 8.802497 6002113 13 1 7.464786 2.082462 6002113 13 1 40 9483
1 1.114777 0.884905 1.24054 1 122.979 1.684571 6003113 13 1 415.9106 1.505869 6003113 13 1 40 9596
1 1.206555 1.21522 1.17542 1 166.4365 1.529659 6003113 13 1 41.56097 1.579381 6003113 13 1 44 10499
1 1.059052 1.139164 0.9715886 1 66.24775 1.516745 6002113 13 1 45.08086 1.528456 6002113 13 1 46 10816
1 1.034916 1.100018 0.9626585 1 94.44233 1.562768 6003113 13 0 274.9998 2.929047 6003113 13 1 46 11006
1 1.194803 1.137859 1.187115 1 12.03667 2.04017 6002113 13 1 98.0695 1.908312 6002113 13 1 52 12307
1 1.055133 1.104334 0.9975671 1 10.6906 2.743972 6002113 13 1 160.4456 1.754713 6002113 13 1 57 13545
1 1.179161 1.206147 1.144075 1 50.06686 2.139746 6002113 13 1 59.25902 2.587941 6002113 13 1 57 13632
1 0.4205023 0.1819855 0.7484848 1 22.66372 1.940586 6003113 13 1 48.46663 1.814069 6003113 13 1 74 17696
1 1.191782 1.185832 1.16486 1 63.95238 2.820055 6002113 13 0 25.39955 6.420574 6002113 13 1 102 24330
1 1.055133 1.104334 0.9975671 1 67.02298 2.374723 6002113 13 1 47.56144 2.075322 6002113 13 1 104 24805
1 1.145385 0.9245803 1.259718 1 453.0334 3.006015 6003113 13 1 62.73274 1.762987 6003113 13 1 148 35330
1 1.036252 1.095703 0.9699052 1 40.24918 3.362495 6002113 13 0 52.27039 3.302091 6002113 13 1 148 35465
1 1.059052 1.139164 0.9715886 1 84.10111 1.907773 6002113 13 0 5.416525 1.76528 6002113 13 1 149 35553
1 1.194803 1.137859 1.187115 1 236.5492 1.559636 6003113 13 1 15.33906 1.840167 6003113 13 1 149 35576
1 1.106427 1.150534 1.053346 1 210.4146 1.856243 6003113 13 1 20.4868 2.213652 6003113 13 1 149 35603
1 0.3920611 0.7237228 0.2037318 1 33.15806 1.749573 6002113 13 1 7.143563 4.12738 6002113 13 1 149 35621
1 0.8748782 0.5617447 1.136825 1 29.91052 1.486217 6002113 13 0 33.16059 6.802921 6002113 13 1 149 35715
1 0.6159488 0.3166172 0.9557644 1 114.1798 1.905806 6003113 13 1 122.5341 2.773538 6003113 13 1 150 35949
1 1.0427 1.134261 0.9473373 1 64.41566 1.241539 6002113 13 1 58.63979 2.111928 6002113 13 1 150 35971
1 0.5762256 0.2893137 0.9113798 1 24.00548 2.472451 6002113 13 1 42.79983 1.791561 6002113 13 1 153 36547
1 0.665028 0.3662483 0.9755856 1 34.23528 1.255887 6002113 13 1 6.507963 1.209975 6002113 13 1 153 36592
1 1.106427 1.150534 1.053346 0 308.7818 14.8849 6003113 13 1 229.6871 1.879424 6003113 13 1 151 36046
1 1.209625 1.112975 1.222657 1 48.27807 2.49577 6002113 13 1 68.18903 1.483966 6002113 13 1 151 36164
1 0.4544891 0.2018274 0.792879 1 54.324 1.943157 6002113 13 1 71.03967 1.363449 6002113 13 1 152 36285
1 1.75908 2.248522 1.290011 0 769.9871 2.487719 6003113 13 1 90.93432 1.600712 6003113 13 1 184 43984
1 1.036252 1.095703 0.9699052 1 43.9049 3.223996 6002113 13 1 17.21613 1.677905 6002113 13 1 203 48686
1 1.034916 1.100018 0.9626585 1 42.90164 2.941398 6002113 13 0 64.02373 2.408723 6002113 13 1 204 48722
1 1.106427 1.150534 1.053346 0 90.57436 17.64223 6003113 13 1 229.7933 2.622007 6003113 13 1 204 48808
1 1.227292 1.202911 1.205555 1 66.11803 1.679721 6002113 13 1 87.99519 2.117094 6002113 13 1 264 63165
1 1.114777 0.884905 1.24054 1 59.08284 1.618525 6002113 13 1 106.7776 1.7181 6002113 13 1 264 63206
1 1.058012 1.115802 0.9930252 1 264.6036 2.759802 6003113 13 1 49.46876 2.44534 6003113 13 1 264 63251
1 1.134034 1.248093 1.022271 1 44.72208 2.01838 6003113 13 0 322.3817 1.535118 6003113 13 1 276 66106
1 1.059052 1.139164 0.9715886 1 49.68541 1.308217 6002113 13 1 48.16829 1.793419 6002113 13 1 373 89416
1 0.4544891 0.2018274 0.792879 1 62.27771 2.06606 6002113 13 0 91.09775 10.14544 6002113 13 1 373 89440
1 1.114777 0.884905 1.24054 1 42.85337 2.101903 6002113 13 1 58.32198 3.052644 6002113 13 1 376 90117
1 0.9894024 0.7036328 1.19152 0 574.2411 1.741104 6003113 13 1 143.3033 1.534485 6003113 13 1 376 90189
1 0.4544891 0.2018274 0.792879 0 96.56531 2.484585 6002113 13 1 39.47462 1.725189 6002113 13 1 395 94706
1 1.147959 1.183877 1.106546 1 25.37307 4.580647 6002113 13 1 30.92199 1.356316 6002113 13 1 402 96369
1 1.137649 1.170432 1.099925 1 7.9535 3.192942 6002113 13 1 27.96109 3.214969 6002113 13 1 402 96383
1 0.2539062 0.08544197 0.5475258 1 51.95155 1.683171 6003113 13 1 16.44446 1.658731 6003113 13 1 404 96842
1 0.9160994 0.6007248 1.171549 1 96.45429 1.335791 6002113 13 1 28.06223 2.209636 6002113 13 1 16 3751
1 1.033406 1.101364 0.958024 1 49.87579 1.860976 6002113 13 1 20.22844 1.906977 6002113 13 1 16 3822
1 1.526225 2.04983 1.080738 1 84.20826 2.068772 6002113 13 0 10.49081 2.537302 6002113 13 1 17 4076
1 1.46424 1.680344 1.235249 1 11.94728 1.980251 6002113 13 1 82.13707 1.617734 6002113 13 1 25 5785
1 1.183608 1.169262 1.159476 1 183.6876 1.830025 6003113 13 1 175.4759 5.740767 6003113 13 1 25 5805
1 1.227292 1.202911 1.205555 1 48.15153 3.156497 6003113 13 0 1773.403 3.458116 6003113 13 1 25 5838
1 1.199428 1.046014 1.251733 1 31.21822 2.857886 6002113 13 1 50.29523 1.519161 6002113 13 1 28 6554
1 1.106427 1.150534 1.053346 1 39.32793 3.309872 6002113 13 0 47.61277 4.855875 6002113 13 1 28 6617
1 1.15499 1.021547 1.194574 1 6.124876 1.565045 6002113 13 1 87.73056 1.72698 6002113 13 1 28 6674
1 1.641128 1.972201 1.285192 1 66.62646 3.820889 6002113 13 1 72.88985 3.137207 6002113 13 1 79 18931
1 1.191782 1.185832 1.16486 1 71.55182 1.321905 6002113 13 1 21.19682 1.975928 6002113 13 1 109 25971
1 0.665028 0.3662483 0.9755856 1 12.54523 2.721265 6002113 13 1 57.36645 2.03415 6002113 13 1 127 30457
1 1.059052 1.139164 0.9715886 1 15.36553 2.1618 6002113 13 1 77.07671 2.205502 6002113 13 1 139 33158
1 0.8339615 0.5241884 1.101491 1 17.63818 6.747515 6003113 13 1 47.77783 1.538542 6003113 13 1 141 33651
1 1.050919 0.8056091 1.198818 1 19.37587 4.352525 6002113 13 1 55.8834 2.375881 6002113 13 1 190 45518
1 0.1080031 0.02598027 0.3057024 0 548.3965 3.876868 6003113 13 0 137.8538 2.439382 6003113 13 1 232 55489
1 1.164201 1.711426 0.8059074 1 12.5853 1.632245 6002113 13 1 37.43177 1.593429 6002113 13 1 233 55834
1 1.149237 1.698801 0.7921503 0 1499.584 1.705345 6003113 13 1 108.8895 1.50747 6003113 13 1 233 55907
1 1.566869 2.206142 1.088645 1 73.35618 1.707831 6003113 13 1 46.74466 1.574896 6003113 13 1 239 57276
1 1.036252 1.095703 0.9699052 1 102.0493 1.993158 6003113 13 0 433.3303 1.350578 6003113 13 1 239 57333
1 1.46424 1.680344 1.235249 1 262.4944 1.335946 6003113 13 1 15.02651 2.695551 6003113 13 1 241 57830
1 1.191782 1.185832 1.16486 0 23.70898 2.087344 6002113 13 1 46.33013 1.931684 6002113 13 1 301 72128
1 1.575265 1.775696 1.383444 1 17.42841 7.539682 6002113 13 1 67.34023 2.161186 6002113 13 1 301 72145
1 1.10316 1.145079 1.05266 1 122.0422 1.57315 6003113 13 1 8.465868 2.027878 6003113 13 1 323 77442
1 1.191782 1.185832 1.16486 1 281.1508 2.649293 6003113 13 0 59.1547 4.585111 6003113 13 1 75 17859
1 0.3767309 0.1505117 0.7131262 1 42.09819 2.494612 6002113 13 1 95.05544 3.727801 6002113 13 1 65 15578
1 0.8332192 0.5015442 1.138243 1 67.14439 2.238783 6002113 13 1 3.200344 1.869888 6002113 13 1 77 18253
1 0.8332192 0.5015442 1.138243 1 40.70736 1.34119 6003113 13 1 96.86302 1.352305 6003113 13 1 83 19872
1 1.062846 1.139449 0.9784784 1 89.07224 1.605044 6003113 13 1 52.63308 1.897204 6003113 13 1 96 22821
1 1.147959 1.183877 1.106546 1 15.81551 2.796466 6002113 13 1 73.94972 2.041722 6002113 13 1 96 22841
1 1.147959 1.183877 1.106546 1 57.46014 2.26599 6003113 13 1 445.6234 2.015385 6003113 13 1 97 23232
1 0.8383967 1.273376 0.5409222 1 59.05554 3.52796 6002113 13 1 53.40306 1.946123 6002113 13 1 101 24070
1 1.405111 1.934095 0.9833891 1 24.35398 3.003167 6002113 13 1 25.55037 2.204499 6002113 13 1 361 86536
1 1.282494 1.437562 1.137462 1 8.80421 1.610771 6003113 13 1 212.8628 2.096149 6003113 13 1 378 90499
1 0.9894024 0.7036328 1.19152 1 10.82393 1.359157 6002113 13 1 16.02173 2.649727 6002113 13 1 378 90676
1 1.227292 1.202911 1.205555 1 29.19718 1.292769 6002113 13 1 52.48777 1.815229 6002113 13 1 393 94238
1 1.036252 1.095703 0.9699052 1 70.09216 1.602077 6002113 13 1 24.93682 2.789982 6002113 13 1 398 95323
1 1.75908 2.248522 1.290011 1 33.02891 2.019518 6003113 13 1 188.9327 3.335721 6003113 13 1 398 95468
1 1.099519 1.139476 1.051563 1 31.81805 1.443591 6002113 13 1 19.06133 1.898311 6002113 13 1 13 2939
1 1.112575 1.233052 0.9981722 1 49.67549 2.104709 6002113 13 1 9.211612 1.853909 6002113 13 1 92 21945
1 1.143675 1.253919 1.033471 1 33.63871 1.334541 6002113 13 1 37.37104 2.068021 6002113 13 1 92 22000
1 1.112575 1.233052 0.9981722 1 805.7448 6.265792 6003113 13 1 148.9446 1.332989 6003113 13 1 138 32954
1 1.099519 1.139476 1.051563 1 73.93179 1.459556 6002113 13 1 42.79821 1.746899 6002113 13 1 138 33100
1 1.1849 1.214892 1.148506 1 39.74075 1.893947 6002113 13 1 81.7928 1.564245 6002113 13 1 142 34017
1 1.314649 1.46568 1.173482 1 48.42086 1.757149 6002113 13 1 2.577444 3.465092 6002113 13 1 154 36924
1 1.217313 1.182622 1.199648 1 40.57859 2.043566 6002113 13 1 38.65975 1.846369 6002113 13 1 157 37576
1 1.217313 1.182622 1.199648 1 40.57859 2.043566 6002113 13 1 38.65975 1.846369 6002113 13 1 157 37576
1 0.1991887 0.05938704 0.4717879 1 112.9032 1.864242 6003113 13 0 515.3805 1.749607 6003113 13 1 192 45943
1 1.031225 1.102163 0.9526981 1 119.1761 2.497807 6002113 13 1 58.73071 2.299229 6002113 13 1 254 60839
1 0.3459568 0.1344595 0.6687537 1 152.715 1.306272 6002113 13 1 8.48268 2.46893 6002113 13 1 254 60874
1 0.1991887 0.05938704 0.4717879 0 4.128321 1.567774 6002113 13 1 57.92971 2.803941 6002113 13 1 254 60907
1 1.199401 1.201198 1.170168 1 81.32291 1.761384 6002113 13 1 24.34114 4.139284 6002113 13 1 271 64868
1 0.2304392 0.07526134 0.508429 1 7.670285 2.599332 6002113 13 1 65.23453 4.239197 6002113 13 1 273 65392
1 0.665028 0.3662483 0.9755856 1 10.24723 2.144659 6002113 13 1 16.83192 3.67548 6002113 13 1 273 65402
1 1.112575 1.233052 0.9981722 1 36.46397 1.63819 6003113 13 1 195.6816 1.868571 6003113 13 1 302 72393
1 1.314649 1.46568 1.173482 1 94.97582 1.755755 6003113 13 0 980.1485 1.570735 6003113 13 1 302 72470
