1 0.747205 0.4303799 1.057145 0 192.006 24.34389 6003113 13 0 641.3385 2.011444 6003113 13 1 56 18803
1 1.095596 1.133769 1.050051 1 128.5115 1.245249 6002113 13 0 91.96146 1.627629 6002113 13 1 147 49429
1 0.5279956 0.2465533 0.8852676 0 120.5637 4.956445 6003113 13 0 72.28344 1.568295 6003113 13 1 20 6586
1 1.099696 0.9023142 1.195627 0 58.65526 4.547941 6002113 13 0 53.50535 20.13698 6002113 13 1 13 4135
1 0.5675248 0.271593 0.9330701 0 178.0801 2.266243 6003113 13 0 1241.163 1.914303 6003113 13 1 13 4207
1 1.191782 1.185832 1.16486 1 70.91051 1.141979 6002113 13 0 4.769894 1.736763 6002113 13 1 19 6378
1 1.182032 1.113501 1.180358 1 200.1577 1.260515 6003113 13 1 64.77116 1.827879 6003113 13 1 52 17365
1 1.206555 1.21522 1.17542 0 49.34893 1.941972 6002113 13 0 63.92736 8.444789 6002113 13 1 115 38614
1 1.15499 1.021547 1.194574 0 117.6277 1.072948 6002113 13 1 54.80453 1.084138 6002113 13 1 204 68745
1 0.3355998 0.123277 0.6770892 0 230.8425 1.508375 6003113 13 0 1100.423 1.283689 6003113 13 1 190 63922
1 1.705086 2.017803 1.363962 0 294.5261 3.313118 6003113 13 1 88.48959 1.236561 6003113 13 1 231 77604
1 1.46424 1.680344 1.235249 0 117.413 1.659971 6002113 13 0 55.70758 1.667837 6002113 13 1 231 77704
1 1.145385 0.9245803 1.259718 0 100.432 1.639171 6002113 13 0 3.304478 2.269737 6002113 13 1 232 77910
1 0.7934737 0.4881172 1.065644 1 48.73048 2.000811 6002113 13 0 6.717185 6.704646 6002113 13 1 11 3441
1 1.575265 1.775696 1.383444 0 107.9108 1.860288 6003113 13 0 438.3185 1.994312 6003113 13 1 26 8492
1 1.46424 1.680344 1.235249 0 79.78316 3.122426 6002113 13 0 45.34288 4.866414 6002113 13 1 26 8606
1 0.04601344 0.008200601 0.1755223 0 20.21907 2.085112 6002113 13 1 91.68225 1.534859 6002113 13 1 98 33000
1 1.164201 1.711426 0.8059074 1 149.4903 1.108094 6003113 13 0 993.9582 1.275025 6003113 13 1 108 36171
1 1.46424 1.680344 1.235249 0 13.82529 2.076749 6002113 13 1 82.93832 1.630615 6002113 13 1 138 46253
1 0.8748782 0.5617447 1.136825 1 48.95279 1.217063 6002113 13 0 16.00352 1.97883 6002113 13 1 252 84823
1 1.147959 1.183877 1.106546 0 38.96376 1.756813 6002113 13 1 67.85242 1.175483 6002113 13 1 267 89756
1 1.575265 1.775696 1.383444 0 150.2086 1.416958 6003113 13 1 215.1126 1.432361 6003113 13 1 181 60915
1 1.149237 1.698801 0.7921503 0 167.0626 4.40417 6003113 13 0 159.166 1.60649 6003113 13 1 137 45906
1 1.059052 1.139164 0.9715886 1 100.1458 2.2822 6003113 13 0 154.4786 1.634252 6003113 13 1 137 46090
1 1.053247 1.09991 0.9980844 0 19.86467 1.413819 6002113 13 1 60.34842 1.727428 6002113 13 1 189 63370
1 1.182032 1.113501 1.180358 1 75.51778 2.106446 6002113 13 1 49.06224 2.853876 6002113 13 1 189 63464
1 1.109295 1.155893 1.053631 0 6.369092 1.949394 6002113 13 1 103.6624 1.552969 6002113 13 1 218 73448
1 0.5675248 0.271593 0.9330701 1 37.73207 2.308849 6002113 13 0 158.8583 4.207745 6002113 13 1 1 84
1 1.167323 1.186361 1.134647 1 183.1991 1.367841 6002113 13 0 90.10501 2.105852 6002113 13 1 162 54320
1 1.083255 0.8452013 1.220206 0 451.8788 1.473319 6003113 13 1 71.7552 1.3308 6003113 13 1 141 47282
1 1.152501 1.258655 1.04415 1 50.46603 1.071442 6002113 13 1 41.47401 1.379228 6002113 13 1 112 37591
1 0.665028 0.3662483 0.9755856 1 31.96979 2.275964 6002113 13 0 3.601985 6.069364 6002113 13 1 134 45055
1 1.46424 1.680344 1.235249 0 10.39774 2.248227 6002113 13 0 20.26699 2.296508 6002113 13 1 177 59411
1 1.134034 1.248093 1.022271 1 32.76239 1.643344 6003113 13 0 86.84391 7.591972 6003113 13 1 177 59413
1 1.059052 1.139164 0.9715886 1 26.45454 2.133274 6003113 13 0 1231.95 2.47814 6003113 13 1 186 62603
1 1.10316 1.145079 1.05266 0 63.06757 2.078103 6002113 13 1 100.1055 1.991805 6002113 13 1 89 29739
1 1.167323 1.186361 1.134647 1 70.3739 1.087871 6002113 13 1 3.237669 1.348275 6002113 13 1 54 17933
1 1.057513 1.112379 0.9951048 0 114.0185 3.520228 6002113 13 0 60.34319 2.730256 6002113 13 1 127 42536
1 0.2304392 0.07526134 0.508429 0 113.3808 4.099556 6002113 13 0 46.91025 2.356546 6002113 13 1 127 42707
1 1.524498 1.73059 1.317664 1 76.61519 1.880875 6002113 13 1 162.7134 1.953855 6002113 13 1 84 28036
1 1.095596 1.133769 1.050051 1 25.32558 1.582108 6002113 13 0 20.40227 2.009314 6002113 13 1 213 71768
1 1.151918 0.9752633 1.225726 1 27.02853 1.841783 6002113 13 0 107.3605 4.306158 6002113 13 1 175 58848
1 1.167323 1.186361 1.134647 0 95.24596 2.744121 6002113 13 1 97.95959 1.650167 6002113 13 1 94 31363
1 1.034916 1.100018 0.9626585 0 5.283179 1.849645 6002113 13 0 64.21774 1.538365 6002113 13 1 256 86095
1 0.6235333 0.981489 0.3895437 1 41.3389 1.317552 6002113 13 0 0.2616234 3.196488 6002113 13 1 157 52644
1 0.6159488 0.3166172 0.9557644 1 79.80849 1.299174 6002113 13 1 57.20647 1.094257 6002113 13 1 183 61528
1 1.063672 0.7860307 1.245813 0 73.00163 3.103585 6003113 13 1 18.68663 1.66512 6003113 13 1 265 89253
1 1.048997 1.136673 0.9559695 0 228.1982 1.958216 6002113 13 0 56.96028 3.077183 6002113 13 1 234 78717
1 1.866054 2.331325 1.3979 1 58.2208 2.345358 6002113 13 0 13.85453 7.078191 6002113 13 1 286 96168
1 1.75908 2.248522 1.290011 0 60.434 2.266191 6002113 13 0 50.42981 2.338918 6002113 13 1 49 16365
1 1.109295 1.155893 1.053631 0 10.8983 6.087352 6002113 13 0 193.0568 1.810873 6002113 13 1 105 35256
1 1.112575 1.233052 0.9981722 1 30.25457 1.99873 6002113 13 0 29.73229 1.324218 6002113 13 1 122 40796
1 1.123647 1.241142 1.010512 1 36.48896 1.436679 6002113 13 0 12.26721 1.658151 6002113 13 1 283 95299
1 0.1014541 0.02299071 0.3029553 0 0.3124682 2.216221 6002113 13 1 141.5128 1.277801 6002113 13 1 225 75610
1 0.5380682 0.2637946 0.8676014 1 13.15841 1.219414 6003113 13 0 91.70808 3.210131 6003113 13 1 15 4999
1 1.033406 1.101364 0.958024 0 8.861428 1.542219 6002113 13 1 96.7287 1.11223 6002113 13 1 149 50113
1 1.134034 1.248093 1.022271 0 23.90243 3.553207 6001113 13 0 0.6333981 4.971368 6001113 13 1 132 44342
1 1.329532 1.478061 1.189894 1 48.12632 2.333908 6003113 13 0 1489.025 2.119638 6003113 13 1 295 99224
