1 1.176288 1.010978 1.239274 1 27.11595 1.857551 6003113 13 0 53.06328 2.402565 6003113 11 1 102 34272
1 1.157728 1.196465 1.111764 0 22.60243 1.103216 6002113 13 0 2.801184 1.088124 6002113 11 1 56 18862
1 1.152501 1.258655 1.04415 0 262.6941 2.5346 6003113 11 0 87.97176 1.303535 6003113 13 1 287 96489
1 1.812285 2.096335 1.505211 0 25.64185 2.024114 6002113 13 0 26.45945 8.829793 6002113 11 1 125 41966
1 1.035838 1.098122 0.9666125 0 8.385159 1.746597 6002113 11 0 26.02802 2.578585 6002113 13 1 17 5629
1 1.282494 1.437562 1.137462 1 33.293 1.083945 6002113 13 0 4.787813 1.163432 6002113 11 1 121 40601
1 1.036252 1.095703 0.9699052 0 80.85847 4.915891 6003113 11 0 13.38322 2.085234 6003113 13 1 201 67660
1 1.645109 2.1548 1.183545 0 9.624089 3.60118 6002113 11 1 19.81628 3.100118 6002113 13 1 174 58467
1 1.095596 1.133769 1.050051 0 10.32188 3.87502 6003113 11 1 32.34546 1.756428 6003113 13 1 176 59136
1 0.1363718 0.034862 0.3662451 0 97.9967 1.63838 6003113 11 1 19.5551 2.281276 6003113 13 1 166 55893
1 1.282494 1.437562 1.137462 0 297.6869 1.336321 6003113 11 1 13.12013 1.078799 6003113 13 1 284 95391
1 1.191782 1.185832 1.16486 0 35.99286 2.414793 6003113 11 0 38.60989 2.472221 6003113 13 1 149 50005
1 0.5675248 0.271593 0.9330701 0 2.046824 1.427499 6002113 11 1 33.46717 1.268477 6002113 13 1 80 26742
1 1.151918 0.9752633 1.225726 1 32.11592 1.964505 6002113 13 0 39.9285 2.010247 6002113 11 1 245 82396
1 0.1527629 0.0402692 0.399808 0 223.5587 1.260422 6003113 11 0 96.4659 1.479445 6003113 13 1 147 49309
1 0.9138955 0.6245104 1.1333 0 39.48417 19.03829 6003113 11 1 27.95768 2.218626 6003113 13 1 43 14235
1 1.199401 1.201198 1.170168 0 210.498 1.085495 6003113 11 1 44.55964 1.154126 6003113 13 1 48 16090
1 1.143675 1.253919 1.033471 0 0.4437364 1.077015 6002113 11 0 14.00177 1.733474 6002113 13 1 11 3486
