1 1.055133 1.104334 0.9975671 1 16.82073 2.672824 6003113 13 1 48.45739 1.188254 6003113 13 1 29 6850
1 1.095596 1.133769 1.050051 1 10.03096 2.135853 6003113 13 1 38.5886 3.253797 6003113 13 1 162 38715
1 1.217313 1.182622 1.199648 1 21.78207 1.39171 6003113 13 1 16.00024 1.020788 6003113 13 1 299 71616
1 1.182032 1.113501 1.180358 0 73.91212 1.040766 6003113 13 1 17.09878 1.959336 6003113 13 1 238 57117
1 1.126364 0.9389989 1.211138 1 16.73774 1.093976 6003113 13 1 17.33452 1.931806 6003113 13 1 413 99002
1 1.329532 1.478061 1.189894 0 62.18215 2.152638 6003113 13 0 40.343 2.229164 6003113 13 1 98 23506
1 1.112575 1.233052 0.9981722 1 13.71944 1.009457 6003113 13 1 15.03385 1.160793 6003113 13 1 150 35927
1 0.6998869 0.3767799 1.045889 1 33.13693 1.024909 6003113 13 1 19.38074 1.637698 6003113 13 1 150 35953
1 0.6159488 0.3166172 0.9557644 1 18.17052 2.082996 6003113 13 1 11.6942 1.500537 6003113 13 1 150 35969
1 1.761918 2.058838 1.43754 1 20.12162 1.458712 6003113 13 0 190.5791 13.09417 6003113 13 1 186 44441
1 1.034916 1.100018 0.9626585 1 25.79901 1.076738 6003113 13 0 62.59956 2.048083 6003113 13 1 248 59511
1 1.123647 1.241142 1.010512 0 45.83857 6.517716 6003113 13 1 36.62415 1.219703 6003113 13 1 322 77057
1 0.665028 0.3662483 0.9755856 1 31.26939 3.022915 6003113 13 1 42.04156 1.129455 6003113 13 1 408 97694
1 1.183608 1.169262 1.159476 1 1.202057 1.126751 6003113 13 1 35.06597 1.441453 6003113 13 1 22 5056
1 1.192805 1.083559 1.213989 1 20.02303 2.420813 6003113 13 1 27.13992 1.046134 6003113 13 1 46 10840
1 0.6571895 0.3457574 1.000641 0 118.7887 4.439019 6003113 13 1 56.02801 2.082419 6003113 13 1 9 2010
1 0.4544891 0.2018274 0.792879 0 160.6347 1.022016 6003113 13 1 17.71952 2.015543 6003113 13 1 266 63781
1 1.145385 0.9245803 1.259718 1 6.962933 1.092172 6003113 13 1 38.00044 1.247459 6003113 13 1 410 98352
1 0.6571895 0.3457574 1.000641 1 20.83731 1.00605 6003113 13 1 35.9729 1.298214 6003113 13 1 77 18256
1 0.5675248 0.271593 0.9330701 1 12.89716 1.154136 6003113 13 1 29.55839 1.129497 6003113 13 1 111 26550
1 1.566869 2.206142 1.088645 1 32.95885 2.019722 6003113 13 1 19.28078 1.011347 6003113 13 1 188 44900
1 0.4544891 0.2018274 0.792879 1 28.00595 1.141159 6003113 13 0 89.52625 2.193514 6003113 13 1 192 46064
1 1.10316 1.145079 1.05266 1 40.86904 1.015044 6003113 13 1 15.48092 2.109444 6003113 13 1 324 77538
1 0.6159488 0.3166172 0.9557644 0 17.84569 8.649663 6003113 13 1 34.40702 2.589253 6003113 13 1 334 80117
1 1.289688 1.878288 0.892531 1 13.0614 1.192044 6003113 13 0 235.3048 1.037899 6003113 13 1 349 83627
1 1.142868 1.177299 1.103399 1 43.23375 1.881571 6003113 13 1 27.86825 1.012851 6003113 13 1 354 84751
1 1.056557 1.108524 0.9965968 1 16.83421 1.006099 6003113 13 1 26.18752 1.356351 6003113 13 1 90 21518
1 1.49586 1.706142 1.278772 1 27.8107 1.011909 6003113 13 1 1.359645 1.283159 6003113 13 1 125 29819
1 1.10316 1.145079 1.05266 1 14.5243 1.013673 6002113 13 1 0.07778471 2.215512 6002113 13 1 340 81466
1 0.2792014 0.09677438 0.588659 1 23.34761 1.242282 6003113 13 1 6.806424 1.034465 6003113 13 1 351 84083
1 1.194803 1.137859 1.187115 1 37.03367 1.014365 6003113 13 1 16.39113 2.293772 6003113 13 1 364 87275
1 1.20651 1.16088 1.193521 1 18.00378 1.123713 6003113 13 1 28.16879 1.07561 6003113 13 1 391 93795
1 1.20651 1.16088 1.193521 1 27.31545 1.314433 6003113 13 1 16.85778 1.234004 6003113 13 1 407 97490
1 1.031225 1.102163 0.9526981 1 2.943731 1.684555 6003113 13 1 39.72168 1.012645 6003113 13 1 23 5506
1 1.15499 1.021547 1.194574 1 2.99486 2.359524 6003113 13 1 28.90337 1.185672 6003113 13 1 39 9168
1 0.2443026 0.07741789 0.5517042 0 87.73801 2.504345 6003113 13 1 32.14754 1.014334 6003113 13 1 136 32418
1 1.173319 1.196671 1.139395 0 123.5822 1.124965 6003113 13 1 25.35952 1.006425 6003113 13 1 146 34923
1 0.4269872 0.7264097 0.2541938 1 30.82304 2.984338 6003113 13 0 79.28986 2.129843 6003113 13 1 80 19151
1 1.199401 1.201198 1.170168 1 23.21814 1.763797 6003113 13 0 46.89124 10.1403 6003113 13 1 201 48078
1 1.054444 1.13827 0.9640688 0 41.39088 7.361146 6003113 13 1 59.79759 1.277075 6003113 13 1 415 99577
1 1.575265 1.775696 1.383444 1 14.03012 2.040601 6003113 13 0 115.5483 1.154379 6003113 13 1 274 65735
1 0.06958118 0.01446482 0.2254303 1 36.40847 2.141352 6003113 13 1 44.82652 1.008013 6003113 13 1 5 1166
1 1.329532 1.478061 1.189894 1 26.49631 1.268651 6003113 13 1 8.602838 1.136758 6003113 13 1 63 15013
1 0.04323696 0.007888732 0.160549 1 27.53818 2.055651 6003113 13 1 27.4409 1.162047 6003113 13 1 183 43918
1 0.9574994 0.6410515 1.205563 0 66.15131 1.03082 6003113 13 1 27.4488 1.01016 6003113 13 1 307 73605
1 1.142868 1.177299 1.103399 0 8.114581 5.89118 6003113 13 1 47.3597 1.14746 6003113 13 1 387 92659
1 1.213336 1.227995 1.180605 1 34.43093 1.010398 6003113 13 1 0.181205 2.666767 6003113 13 1 158 37904
1 1.10316 1.145079 1.05266 1 42.56285 1.026717 6003113 13 0 97.49765 3.893484 6003113 13 1 166 39722
1 0.9517445 0.6636014 1.162862 1 44.60769 2.456686 6003113 13 1 32.19546 1.159857 6003113 13 1 145 34621
1 1.109295 1.155893 1.053631 1 2.598278 1.03446 6003113 13 1 23.62393 2.012899 6003113 13 1 304 72783
