1 1.059052 1.139164 0.9715886 1 1.36317 1.186153 1000022 13 1 2.733537 2.275768 1000022 13 1 1 10
1 1.575265 1.775696 1.383444 1 22.71875 3.152597 1000022 13 1 10.33737 1.555354 1000022 13 1 1 23
1 0.0739324 0.01495082 0.2461688 1 0.003212587 1.932784 1000022 13 1 2.313764 1.11005 1000022 13 1 1 46
1 1.109295 1.155893 1.053631 1 15.23047 1.302366 1000022 13 0 11.30403 1.725223 1000022 13 1 1 58
1 1.173319 1.196671 1.139395 1 28.50813 1.620357 1000022 13 1 39.50489 2.966931 1000022 13 1 1 66
1 0.5380682 0.2637946 0.8676014 0 20.21138 1.208874 1000022 13 1 12.36301 1.267836 1000022 13 1 1 89
1 0.5226254 0.8798594 0.3137767 1 33.35108 1.66662 1000022 13 1 10.45463 2.320306 1000022 13 1 1 91
1 1.152971 1.190243 1.109341 1 4.879594 1.183466 1000022 13 1 5.895946 1.396462 1000022 13 1 1 96
1 1.114777 0.884905 1.24054 1 16.51113 1.251628 1000022 13 1 15.77848 1.169263 1000022 13 1 1 105
1 0.0006593251 0.0001484919 0.003287253 1 8.813879 1.347034 1000022 13 1 1.880227 1.425986 1000022 13 1 1 112
1 1.526225 2.04983 1.080738 1 65.68926 1.135292 1000022 13 0 0.0436822 2.071636 1000022 13 1 1 147
1 1.137649 1.170432 1.099925 1 1.122337 1.338032 1000022 13 1 3.535882 1.48908 1000022 13 1 1 150
1 1.126364 0.9389989 1.211138 1 3.964072 1.182909 1000022 13 1 2.360231 3.560904 1000022 13 1 1 163
1 1.206555 1.21522 1.17542 0 15.32631 6.880197 1000022 13 1 38.69372 1.444895 1000022 13 1 1 190
1 1.050919 0.8056091 1.198818 1 23.82807 1.281327 1000022 13 1 0.4353299 2.708388 1000022 13 1 1 195
1 1.106427 1.150534 1.053346 1 10.41001 1.102727 1000022 13 1 16.00648 1.588378 1000022 13 1 3 417
1 1.031225 1.102163 0.9526981 1 3.734677 1.321253 1000022 13 1 25.47409 3.702586 1000022 13 1 3 455
1 1.057513 1.112379 0.9951048 0 34.73763 1.145844 1000022 13 1 2.878421 1.2232 1000022 13 1 3 459
1 0.2792014 0.09677438 0.588659 1 13.2587 1.225399 1000022 13 1 7.72692 1.254019 1000022 13 1 3 481
1 1.137649 1.170432 1.099925 1 1.815728 2.173487 1000022 13 0 11.95085 2.584931 1000022 13 1 3 482
1 1.761918 2.058838 1.43754 1 10.62519 1.614004 1000022 13 1 2.439207 1.503102 1000022 13 1 3 521
1 1.46424 1.680344 1.235249 1 27.90982 1.553562 1000022 13 1 9.514753 1.195595 1000022 13 1 3 522
0 0.1363718 0.034862 0.3662451 1 1.241668 2.664269 1000022 13 1 3.034079 3.129544 1000022 13 1 3 546
1 1.550791 1.753763 1.352368 1 67.98807 1.099459 1000022 13 0 4.380303 7.552022 1000022 13 1 3 569
1 1.329532 1.478061 1.189894 1 68.57047 2.576778 1000022 13 1 6.945572 2.373475 1000022 13 1 3 570
1 1.217313 1.182622 1.199648 1 1.902399 1.623208 1000022 13 1 0.9384624 2.008366 1000022 13 1 4 624
1 1.26516 1.422013 1.117256 1 8.668845 1.520948 1000022 13 1 24.79667 1.219855 1000022 13 1 4 628
1 1.15499 1.021547 1.194574 1 18.43915 1.263988 1000022 13 1 0.3617233 1.266854 1000022 13 1 4 647
1 1.048997 1.136673 0.9559695 1 13.26404 3.243756 1000022 13 1 34.0216 1.281627 1000022 13 1 4 652
1 1.099696 0.9023142 1.195627 1 8.077224 2.084564 1000022 13 1 4.504769 2.83381 1000022 13 1 4 711
1 1.142868 1.177299 1.103399 1 4.286549 1.204244 1000022 13 1 2.841404 1.087324 1000022 13 1 4 713
1 0.1214868 0.03012302 0.3349064 1 1.497579 3.266619 1000022 13 1 5.255625 2.554923 1000022 13 1 4 722
1 0.7934737 0.4881172 1.065644 1 19.03078 1.804395 1000022 13 1 4.057432 3.387263 1000022 13 1 4 736
1 1.812285 2.096335 1.505211 1 4.462392 3.45693 1000022 13 1 14.68695 1.114748 1000022 13 1 4 741
1 0.7055845 0.3974356 1.016366 1 0.2275209 1.300589 1000022 13 1 43.66263 1.516167 1000022 13 1 4 745
1 1.173319 1.196671 1.139395 1 2.081352 1.529104 1000022 13 1 9.919612 3.848518 1000022 13 1 4 765
1 0.1527629 0.0402692 0.399808 1 16.46712 1.688157 1000022 13 1 3.70041 2.105947 1000022 13 1 4 785
1 1.033406 1.101364 0.958024 1 3.361881 1.574656 1000022 13 0 13.15391 1.339403 1000022 13 1 4 794
1 1.0427 1.134261 0.9473373 1 23.48001 4.668913 1000022 13 1 24.77375 1.380023 1000022 13 1 4 800
1 1.329532 1.478061 1.189894 1 12.0522 1.312269 1000022 13 1 15.72597 1.961532 1000022 13 1 4 801
1 1.26516 1.422013 1.117256 1 2.702658 1.494563 1000022 13 1 23.37536 1.088359 1000022 13 1 5 833
1 1.143675 1.253919 1.033471 0 44.3033 1.275503 1000022 13 1 12.34435 1.508043 1000022 13 1 5 842
1 0.3064061 0.1093534 0.631845 1 15.10483 1.242262 1000022 13 1 15.32812 2.3192 1000022 13 1 5 857
1 1.298986 1.452146 1.156092 1 29.63867 2.431189 1000022 13 1 40.11384 1.261717 1000022 13 1 5 890
1 1.329532 1.478061 1.189894 1 2.129582 1.839869 1000022 13 1 2.558561 2.122699 1000022 13 1 5 892
1 1.15499 1.021547 1.194574 1 7.26533 1.129591 1000022 13 1 2.880597 1.290467 1000022 13 1 5 901
1 1.194803 1.137859 1.187115 1 6.613907 1.231353 1000022 13 1 5.07648 3.010184 1000022 13 1 5 902
1 1.058012 1.115802 0.9930252 1 2.94527 1.362586 1000022 13 1 49.93111 2.018704 1000022 13 1 5 905
1 1.526225 2.04983 1.080738 0 5.114439 2.162771 1000022 13 1 10.60519 1.566845 1000022 13 1 5 962
1 0.4903168 0.2233237 0.8385035 1 12.77389 7.016016 1000022 13 1 14.58032 1.303502 1000022 13 1 5 990
1 0.2792014 0.09677438 0.588659 1 2.14232 1.373567 1000022 13 1 31.44497 2.372273 1000022 13 1 5 1003
1 1.112575 1.233052 0.9981722 1 11.40092 1.464027 1000022 13 1 11.8676 1.200274 1000022 13 1 6 1044
1 1.142868 1.177299 1.103399 1 14.00689 2.220964 1000022 13 1 26.69317 1.581085 1000022 13 1 6 1054
1 1.1849 1.214892 1.148506 1 9.259564 2.924468 1000022 13 1 6.840999 1.840119 1000022 13 1 6 1056
1 0.6235333 0.981489 0.3895437 1 6.607885 1.273514 1000022 13 1 4.664434 4.354683 1000022 13 1 6 1057
1 0.6998869 0.3767799 1.045889 1 7.169162 1.332748 1000022 13 0 7.959343 3.12077 1000022 13 1 6 1104
1 1.134034 1.248093 1.022271 1 19.55157 1.081374 1000022 13 1 7.785664 2.680685 1000022 13 1 6 1132
1 0.789787 0.4650854 1.097808 0 2.992312 6.625901 1000022 13 1 13.8308 1.600959 1000022 13 1 6 1137
1 1.194803 1.137859 1.187115 0 7.017549 1.281866 1000022 13 1 25.37894 1.391577 1000022 13 1 6 1188
1 0.747205 0.4303799 1.057145 0 1.545291 1.418856 1000022 13 1 8.444182 1.444859 1000022 13 1 8 1418
1 1.053247 1.09991 0.9980844 1 8.871864 1.307965 1000022 13 1 0.816147 1.774753 1000022 13 1 8 1421
1 1.227292 1.202911 1.205555 1 1.501494 1.692884 1000022 13 1 2.25746 1.346157 1000022 13 1 8 1454
1 1.206555 1.21522 1.17542 1 4.996841 1.106823 1000022 13 1 3.99767 1.048277 1000022 13 1 8 1457
1 0.1991887 0.05938704 0.4717879 1 1.616996 1.192671 1000022 13 1 3.266979 1.993985 1000022 13 1 8 1464
1 1.209625 1.112975 1.222657 1 31.01858 1.30043 1000022 13 1 11.1387 3.447038 1000022 13 1 8 1470
1 1.106427 1.150534 1.053346 1 6.433819 1.279338 1000022 13 1 6.036179 7.707325 1000022 13 1 8 1473
1 1.123647 1.241142 1.010512 1 5.139851 1.73986 1000022 13 1 15.54206 2.977518 1000022 13 1 8 1484
1 1.227292 1.202911 1.205555 1 50.08417 1.103573 1000022 13 1 22.95115 1.378038 1000022 13 1 8 1501
1 0.6159488 0.3166172 0.9557644 1 64.33794 1.522222 1000022 13 1 12.79165 2.174454 1000022 13 1 8 1580
1 0.9219857 1.364073 0.6240806 1 5.259372 1.21415 1000022 13 1 0.7123083 1.207945 1000022 13 1 8 1581
1 1.147959 1.183877 1.106546 1 15.95512 1.371558 1000022 13 1 6.198842 2.378933 1000022 13 1 8 1583
1 1.192805 1.083559 1.213989 1 31.76881 1.177299 1000022 13 1 18.78163 1.224184 1000022 13 1 8 1584
1 0.8332192 0.5015442 1.138243 1 27.04999 1.454387 1000022 13 1 6.212211 1.500997 1000022 13 1 8 1604
1 1.152501 1.258655 1.04415 0 12.34698 4.28033 1000022 13 1 7.46859 1.481428 1000022 13 1 9 1620
1 1.048997 1.136673 0.9559695 1 9.500627 1.028522 1000022 13 1 27.6004 1.08392 1000022 13 1 9 1628
1 1.0427 1.134261 0.9473373 1 1.633343 5.68763 1000022 13 1 6.702404 1.092562 1000022 13 1 9 1639
1 1.147959 1.183877 1.106546 1 50.82836 2.489904 1000022 13 1 7.646607 1.127003 1000022 13 1 9 1658
1 1.217313 1.182622 1.199648 1 42.13689 1.272508 1000022 13 1 0.5652685 3.737274 1000022 13 1 9 1772
1 1.173319 1.196671 1.139395 1 17.38633 1.366675 1000022 13 1 19.01518 2.767772 1000022 13 1 9 1797
1 1.405111 1.934095 0.9833891 1 26.80847 2.140765 1000022 13 1 7.906276 1.21591 1000022 13 1 9 1802
1 0.6571895 0.3457574 1.000641 0 20.59339 3.836781 1000022 13 1 32.91226 1.844811 1000022 13 1 9 1805
1 1.137649 1.170432 1.099925 1 117.6177 1.65307 1000022 13 1 19.20013 1.781566 1000022 13 1 21 4050
1 1.031225 1.102163 0.9526981 1 12.50928 2.904394 1000022 13 1 11.45223 1.214665 1000022 13 1 21 4073
1 1.031225 1.102163 0.9526981 1 18.0085 3.138346 1000022 13 1 29.34312 1.41409 1000022 13 1 21 4087
1 0.9894024 0.7036328 1.19152 1 3.569472 1.185974 1000022 13 1 2.228665 1.129314 1000022 13 1 21 4111
1 0.9160994 0.6007248 1.171549 0 3.510739 2.793778 1000022 13 1 9.794412 10.37906 1000022 13 1 21 4132
1 1.099519 1.139476 1.051563 1 26.92511 1.240192 1000022 13 1 27.81137 1.562416 1000022 13 1 21 4148
1 1.10316 1.145079 1.05266 1 31.23123 1.855619 1000022 13 1 3.449911 1.34726 1000022 13 1 21 4182
1 1.761918 2.058838 1.43754 1 2.49615 1.406363 1000022 13 1 4.494379 1.543159 1000022 13 1 21 4185
1 1.109295 1.155893 1.053631 1 1.042088 1.530252 1000022 13 1 11.14042 1.181447 1000022 13 1 21 4208
1 0.007146383 0.001067442 0.03981817 1 23.87239 1.302125 1000022 13 1 5.418516 1.252112 1000022 13 1 22 4228
1 1.112575 1.233052 0.9981722 1 16.97259 1.270827 1000022 13 1 27.95261 1.521569 1000022 13 1 22 4247
1 0.9138955 0.6245104 1.1333 1 4.459672 1.357538 1000022 13 0 5.631334 1.593762 1000022 13 1 22 4273
1 1.524498 1.73059 1.317664 1 5.563747 1.383717 1000022 13 1 77.98026 1.165239 1000022 13 1 22 4287
1 1.227292 1.202911 1.205555 1 3.71413 1.471188 1000022 13 1 12.00111 1.400282 1000022 13 1 22 4290
1 1.054444 1.13827 0.9640688 1 17.52405 1.248434 1000022 13 0 22.56266 3.165108 1000022 13 1 22 4311
1 0.7934737 0.4881172 1.065644 1 24.40413 1.745075 1000022 13 1 37.11806 2.508108 1000022 13 1 22 4340
1 1.058012 1.115802 0.9930252 1 55.68255 2.092304 1000022 13 1 13.71184 2.163725 1000022 13 1 22 4364
1 1.106427 1.150534 1.053346 1 2.883104 1.330055 1000022 13 1 15.36841 1.539388 1000022 13 1 22 4365
1 0.2304392 0.07526134 0.508429 0 8.162778 1.185629 1000022 13 1 33.10626 2.165595 1000022 13 1 22 4370
1 1.705086 2.017803 1.363962 0 17.64771 1.533162 1000022 13 1 9.679391 3.650126 1000022 13 1 22 4380
1 1.063672 0.7860307 1.245813 1 17.94113 1.188228 1000022 13 1 0.6438692 1.187002 1000022 13 1 22 4382
1 1.053247 1.09991 0.9980844 1 1.546443 2.311479 1000022 13 1 4.778234 1.473372 1000022 13 1 22 4399
1 1.034916 1.100018 0.9626585 1 31.94865 1.331271 1000022 13 1 1.735993 1.309626 1000022 13 1 23 4433
1 1.329532 1.478061 1.189894 1 0.3225254 1.257102 1000022 13 1 15.75783 2.204254 1000022 13 1 23 4466
1 1.048997 1.136673 0.9559695 1 27.76454 1.157773 1000022 13 1 1.212135 1.245446 1000022 13 1 23 4512
1 1.056557 1.108524 0.9965968 1 4.415414 1.596465 1000022 13 1 11.70767 1.378805 1000022 13 1 23 4528
1 1.126364 0.9389989 1.211138 1 5.550636 1.262068 1000022 13 1 33.61669 6.331218 1000022 13 1 23 4539
0 1.206555 1.21522 1.17542 0 4.999824 1.992936 1000022 13 1 6.61749 1.111686 1000022 13 1 23 4544
1 1.641128 1.972201 1.285192 1 25.14217 1.244337 1000022 13 0 10.4355 5.036087 1000022 13 1 23 4549
1 1.033406 1.101364 0.958024 1 21.56498 1.615943 1000022 13 1 8.311868 1.817476 1000022 13 1 23 4550
1 1.099519 1.139476 1.051563 1 1.299558 1.300794 1000022 13 0 12.20271 3.086234 1000022 13 1 23 4586
1 1.083255 0.8452013 1.220206 1 8.44101 1.419003 1000022 13 1 2.125195 1.427801 1000022 13 1 23 4607
1 1.112575 1.233052 0.9981722 0 31.6665 1.238254 1000022 13 1 89.08744 1.810314 1000022 13 1 23 4609
1 1.147959 1.183877 1.106546 1 5.458324 1.83949 1000022 13 1 0.5816901 5.631006 1000022 13 1 24 4644
1 1.566869 2.206142 1.088645 1 25.61556 1.919603 1000022 13 1 52.98232 1.224066 1000022 13 1 24 4662
1 0.1214868 0.03012302 0.3349064 1 6.954329 1.310765 1000022 13 1 0.6171865 1.437052 1000022 13 1 24 4692
1 0.789787 0.4650854 1.097808 0 16.2142 2.098119 1000022 13 1 3.118826 1.302342 1000022 13 1 24 4694
1 0.2443026 0.07741789 0.5517042 0 30.35273 1.27478 1000022 13 1 7.893296 1.321825 1000022 13 1 24 4747
1 1.20651 1.16088 1.193521 1 7.281332 1.643928 1000022 13 1 0.5767965 1.333905 1000022 13 1 24 4771
1 1.206555 1.21522 1.17542 1 66.5778 2.07533 1000022 13 1 4.199074 1.228791 1000022 13 1 24 4772
1 1.206555 1.21522 1.17542 1 5.796234 1.478637 1000022 13 1 7.817925 1.400197 1000022 13 1 24 4798
1 1.123647 1.241142 1.010512 1 28.95444 1.251414 1000022 13 1 30.91424 1.55615 1000022 13 1 24 4819
1 0.747205 0.4303799 1.057145 1 9.93442 1.231381 1000022 13 1 1.660877 1.191579 1000022 13 1 25 4828
1 0.1707681 0.04642279 0.4356818 1 17.48467 1.7735 1000022 13 1 27.12143 1.550965 1000022 13 1 25 4831
1 1.75908 2.248522 1.290011 1 15.81949 1.396278 1000022 13 1 18.84346 3.050138 1000022 13 1 25 4832
1 1.645109 2.1548 1.183545 1 11.67348 1.491995 1000022 13 1 2.336438 1.285479 1000022 13 1 25 4862
1 1.152501 1.258655 1.04415 1 14.04813 1.736954 1000022 13 0 4.529619 1.369176 1000022 13 1 25 4873
1 1.524498 1.73059 1.317664 1 24.23456 1.382861 1000022 13 1 6.619354 1.580975 1000022 13 1 25 4876
0 1.017868 0.7662661 1.176325 1 39.55703 1.760775 1000022 13 0 4.91061 1.159771 1000022 13 1 25 4894
1 1.157728 1.196465 1.111764 1 0.4845174 1.354087 1000022 13 0 2.091886 3.012503 1000022 13 1 25 4895
0 1.1849 1.214892 1.148506 1 5.496337 1.23642 1000022 13 0 46.76553 11.52029 1000022 13 1 25 4922
1 0.8383967 1.273376 0.5409222 1 19.35083 1.991079 1000022 13 1 11.11131 1.221101 1000022 13 1 25 4930
1 1.191782 1.185832 1.16486 1 4.619605 2.61881 1000022 13 1 15.13432 5.698535 1000022 13 1 25 4960
1 1.314649 1.46568 1.173482 1 18.71358 1.756343 1000022 13 1 5.230334 1.275795 1000022 13 1 25 4966
1 1.143675 1.253919 1.033471 1 43.20986 1.096999 1000022 13 1 4.514159 14.24331 1000022 13 1 25 4989
1 1.176288 1.010978 1.239274 1 14.4486 1.712723 1000022 13 1 36.37204 1.96936 1000022 13 1 25 4997
1 1.179161 1.206147 1.144075 1 5.708708 11.81081 1000022 13 0 64.77439 1.873594 1000022 13 1 25 5002
1 0.3459568 0.1344595 0.6687537 1 2.92365 2.076536 1000022 13 1 4.539225 1.622329 1000022 13 1 25 5004
1 1.206555 1.21522 1.17542 1 23.03805 2.602365 1000022 13 1 9.268455 6.241276 1000022 13 1 25 5007
1 1.114777 0.884905 1.24054 1 50.16462 2.13712 1000022 13 1 5.374398 1.710491 1000022 13 1 28 5446
1 1.314649 1.46568 1.173482 1 1.383975 1.506709 1000022 13 1 19.83755 1.490141 1000022 13 1 28 5475
1 1.182032 1.113501 1.180358 1 18.60834 1.828662 1000022 13 1 6.870964 2.395862 1000022 13 1 28 5485
0 0.6159488 0.3166172 0.9557644 1 7.586625 1.131577 1000022 13 1 4.091284 1.502989 1000022 13 1 28 5495
1 1.157728 1.196465 1.111764 1 1.696613 2.273226 1000022 13 0 5.396721 2.464619 1000022 13 1 28 5541
1 0.747205 0.4303799 1.057145 1 6.762623 2.720429 1000022 13 1 50.57412 1.185852 1000022 13 1 28 5542
1 1.641128 1.972201 1.285192 1 5.007393 2.140249 1000022 13 1 10.27359 2.507755 1000022 13 1 28 5544
1 1.15499 1.021547 1.194574 1 0.557148 2.184786 1000022 13 1 12.48257 1.533971 1000022 13 1 28 5546
1 1.143675 1.253919 1.033471 1 14.89556 1.28792 1000022 13 1 12.32275 1.441405 1000022 13 1 28 5563
1 1.192805 1.083559 1.213989 1 9.22056 1.378454 1000022 13 1 17.34715 1.224864 1000022 13 1 28 5600
1 1.055133 1.104334 0.9975671 1 5.164645 1.319908 1000022 13 1 41.87113 1.364393 1000022 13 1 28 5603
0 1.157728 1.196465 1.111764 1 46.94986 2.158876 1000022 13 1 32.49538 1.103631 1000022 13 1 28 5605
1 0.6159488 0.3166172 0.9557644 1 10.00119 1.197725 1000022 13 1 8.752875 1.228969 1000022 13 1 28 5618
1 1.142868 1.177299 1.103399 1 12.78836 1.568537 1000022 13 1 4.354662 1.183825 1000022 13 1 29 5632
1 1.164201 1.711426 0.8059074 1 10.60841 1.339652 1000022 13 1 22.37565 1.955564 1000022 13 1 29 5647
1 1.055133 1.104334 0.9975671 1 24.24257 2.260731 1000022 13 1 33.70935 1.473504 1000022 13 1 29 5660
1 0.8339615 0.5241884 1.101491 1 6.050227 2.061335 1000022 13 1 42.54397 2.028858 1000022 13 1 29 5669
0 1.209625 1.112975 1.222657 1 6.351421 1.589375 1000022 13 1 104.9385 1.352673 1000022 13 1 29 5732
1 1.566869 2.206142 1.088645 1 46.99024 1.247394 1000022 13 1 1.988509 1.566286 1000022 13 1 29 5740
1 1.142868 1.177299 1.103399 1 2.206759 1.093255 1000022 13 1 2.601406 1.190594 1000022 13 1 29 5749
1 0.9160994 0.6007248 1.171549 1 5.428013 1.479406 1000022 13 1 27.14146 1.134796 1000022 13 1 29 5760
1 1.206555 1.21522 1.17542 1 15.56381 1.14068 1000022 13 0 42.24432 1.930533 1000022 13 1 29 5782
1 1.057513 1.112379 0.9951048 1 30.20035 1.358737 1000022 13 1 13.92879 1.602568 1000022 13 1 29 5785
1 1.095596 1.133769 1.050051 1 19.28552 29.33384 1000022 13 1 6.209321 1.177216 1000022 13 1 29 5786
1 1.152971 1.190243 1.109341 1 19.08826 1.719696 1000022 13 1 12.53723 1.871048 1000022 13 1 29 5788
1 0.04601344 0.008200601 0.1755223 1 4.608823 1.25959 1000022 13 1 2.860667 1.937252 1000022 13 1 29 5794
1 0.005758415 0.0008804548 0.03337169 1 13.26213 1.152616 1000022 13 1 11.60763 1.122744 1000022 13 1 29 5796
1 1.126364 0.9389989 1.211138 1 17.55336 1.221628 1000022 13 1 3.794873 1.2978 1000022 13 1 29 5801
1 1.095596 1.133769 1.050051 1 1.659575 1.260181 1000022 13 1 63.39083 1.21314 1000022 13 1 29 5805
1 1.053247 1.09991 0.9980844 1 5.606328 9.083671 1000022 13 1 9.624948 1.516109 1000022 13 1 29 5809
1 1.123647 1.241142 1.010512 1 6.088961 1.235044 1000022 13 1 3.359661 1.142276 1000022 13 1 29 5812
1 1.190567 1.223018 1.152597 1 21.70114 1.11845 1000022 13 1 9.860868 1.496265 1000022 13 1 29 5828
1 0.6342273 1.05356 0.3835326 1 4.420924 1.606082 1000022 13 1 17.88663 1.555362 1000022 13 1 30 5830
1 1.42456 2.044705 0.9864829 0 21.79965 2.016352 1000022 13 1 4.871059 4.177526 1000022 13 1 30 5832
1 1.167323 1.186361 1.134647 1 24.04425 2.113581 1000022 13 1 20.27279 1.206389 1000022 13 1 30 5853
1 0.1793033 0.05184105 0.4351809 1 1.488036 1.203237 1000022 13 1 7.399328 1.512729 1000022 13 1 30 5860
1 1.036252 1.095703 0.9699052 1 19.97961 2.002254 1000022 13 1 23.09552 1.772249 1000022 13 1 30 5865
1 1.298986 1.452146 1.156092 1 31.05592 1.417369 1000022 13 0 13.03441 2.504788 1000022 13 1 30 5869
1 0.3767309 0.1505117 0.7131262 1 2.173016 1.341063 1000022 13 1 4.999897 1.251478 1000022 13 1 30 5889
1 1.099696 0.9023142 1.195627 1 15.28397 5.710256 1000022 13 1 26.77591 1.624336 1000022 13 1 30 5915
1 1.329532 1.478061 1.189894 1 9.405294 1.208817 1000022 13 1 21.62851 1.443071 1000022 13 1 30 5919
1 1.866054 2.331325 1.3979 1 46.09066 1.232218 1000022 13 1 4.147793 1.988649 1000022 13 1 30 5929
1 1.050919 0.8056091 1.198818 0 14.97423 5.538024 1000022 13 1 18.6069 1.135823 1000022 13 1 30 5933
1 1.192805 1.083559 1.213989 1 34.9597 2.703702 1000022 13 1 27.56445 2.703374 1000022 13 1 30 5939
1 0.747205 0.4303799 1.057145 1 16.01239 3.245661 1000022 13 0 11.2044 1.244837 1000022 13 1 30 5949
1 1.112575 1.233052 0.9981722 1 0.06252419 1.516484 1000022 13 1 88.4309 2.297991 1000022 13 1 30 5957
1 0.06482654 0.01276116 0.2218368 1 23.48158 1.534597 1000022 13 1 9.212533 1.205131 1000022 13 1 30 5959
1 1.329532 1.478061 1.189894 1 41.70967 1.333968 1000022 13 1 3.960876 1.112946 1000022 13 1 30 6004
1 1.149237 1.698801 0.7921503 1 12.64778 2.095873 1000022 13 1 1.152673 1.429858 1000022 13 1 30 6005
1 0.03472439 0.005924022 0.1396847 1 43.54818 1.230354 1000022 13 1 76.11356 2.743089 1000022 13 1 31 6044
1 1.405111 1.934095 0.9833891 1 5.502495 1.127814 1000022 13 1 3.933038 1.180943 1000022 13 1 31 6071
1 0.1991887 0.05938704 0.4717879 1 11.87456 1.317942 1000022 13 1 10.26127 1.251084 1000022 13 1 31 6078
1 0.9574994 0.6410515 1.205563 1 1.492328 1.313146 1000022 13 1 12.11308 2.454304 1000022 13 1 31 6082
1 1.114777 0.884905 1.24054 1 13.39671 1.970379 1000022 13 1 23.35841 1.151281 1000022 13 1 31 6092
1 1.199428 1.046014 1.251733 0 13.16799 3.780999 1000022 13 1 18.62466 1.388347 1000022 13 1 31 6105
1 1.298986 1.452146 1.156092 1 9.091805 1.105303 1000022 13 0 12.20766 1.340209 1000022 13 1 31 6111
1 1.137649 1.170432 1.099925 1 3.438566 1.245536 1000022 13 1 1.204764 1.6089 1000022 13 1 31 6116
1 1.526225 2.04983 1.080738 1 13.18541 1.997719 1000022 13 1 29.7924 1.549208 1000022 13 1 31 6124
1 1.0427 1.134261 0.9473373 1 4.084656 2.922132 1000022 13 1 30.23305 9.693508 1000022 13 1 31 6131
1 1.329532 1.478061 1.189894 1 9.262925 1.474927 1000022 13 1 22.17603 1.160186 1000022 13 1 31 6139
1 1.056557 1.108524 0.9965968 1 2.030247 1.231451 1000022 13 1 2.1833 1.52142 1000022 13 1 31 6153
1 0.4442115 0.1872741 0.8068974 1 21.32388 1.359895 1000022 13 1 2.98555 1.559872 1000022 13 1 31 6160
1 1.099696 0.9023142 1.195627 1 19.18295 4.90074 1000022 13 1 15.44525 1.417697 1000022 13 1 31 6163
1 1.191782 1.185832 1.16486 1 13.01794 1.182565 1000022 13 1 4.893279 2.579144 1000022 13 1 31 6189
1 1.227292 1.202911 1.205555 1 13.31102 1.161668 1000022 13 1 7.979996 1.686038 1000022 13 1 31 6191
1 0.665028 0.3662483 0.9755856 1 8.906534 2.734525 1000022 13 0 0.666877 15.55109 1000022 13 1 31 6194
1 0.3358336 0.6520145 0.2384313 1 2.155538 1.734687 1000022 13 1 40.36453 1.604513 1000022 13 1 31 6207
1 0.114587 0.02674881 0.3330998 1 14.117 1.317267 1000022 13 1 18.86144 1.985769 1000022 13 1 31 6208
1 1.036252 1.095703 0.9699052 1 15.87173 1.117181 1000022 13 1 16.20886 1.77664 1000022 13 1 33 6448
1 0.04957241 0.009268439 0.1791508 1 12.28529 1.165098 1000022 13 1 13.84107 3.609697 1000022 13 1 33 6455
1 1.152971 1.190243 1.109341 1 27.88467 1.154371 1000022 13 1 1.494583 1.394786 1000022 13 1 33 6465
1 1.179161 1.206147 1.144075 1 29.87927 1.337873 1000022 13 1 37.16383 2.052996 1000022 13 1 33 6486
1 0.789787 0.4650854 1.097808 0 1.348326 1.81786 1000022 13 1 10.13015 1.233103 1000022 13 1 33 6488
1 1.137649 1.170432 1.099925 1 29.51189 1.313537 1000022 13 1 46.62318 1.319307 1000022 13 1 33 6504
1 0.3458254 0.5933005 0.203245 1 40.03423 1.139259 1000022 13 1 25.45274 1.360843 1000022 13 1 33 6522
1 1.524498 1.73059 1.317664 1 27.10158 1.138393 1000022 13 1 40.42991 1.59734 1000022 13 1 33 6558
1 1.705086 2.017803 1.363962 1 6.051367 1.41203 1000022 13 1 11.28456 2.615973 1000022 13 1 34 6648
1 1.812285 2.096335 1.505211 1 12.26731 1.202626 1000022 13 1 20.42329 1.207843 1000022 13 1 34 6656
1 1.46424 1.680344 1.235249 1 14.14911 1.26923 1000022 13 1 3.973001 1.747262 1000022 13 1 34 6671
1 1.143675 1.253919 1.033471 1 12.53335 1.262698 1000022 13 0 0.4310421 1.109116 1000022 13 1 34 6720
1 0.9894024 0.7036328 1.19152 1 2.321852 1.720504 1000022 13 1 82.23632 1.315528 1000022 13 1 34 6729
1 1.10316 1.145079 1.05266 1 20.32393 2.250968 1000022 13 1 17.86314 1.564629 1000022 13 1 34 6741
1 0.665028 0.3662483 0.9755856 1 7.848038 1.459016 1000022 13 1 4.409891 2.397838 1000022 13 1 34 6759
1 1.099696 0.9023142 1.195627 1 38.58863 1.114368 1000022 13 1 6.916142 1.12914 1000022 13 1 34 6813
1 1.099696 0.9023142 1.195627 1 6.167087 3.429575 1000022 13 1 23.75236 1.765062 1000022 13 1 35 6841
1 1.550791 1.753763 1.352368 1 2.72195 1.509529 1000022 13 1 3.217076 2.848634 1000022 13 1 35 6843
1 0.0400028 0.006971349 0.1567229 0 29.13846 1.635531 1000022 13 1 4.344533 1.164974 1000022 13 1 35 6860
1 1.055133 1.104334 0.9975671 1 3.205161 1.075884 1000022 13 1 6.11487 1.524917 1000022 13 1 35 6886
0 0.2539062 0.08544197 0.5475258 1 50.31345 1.539575 1000022 13 0 10.8089 1.360846 1000022 13 1 35 6889
1 1.282494 1.437562 1.137462 1 6.925107 1.227751 1000022 13 1 38.87061 1.432467 1000022 13 1 35 6903
1 1.174602 1.053046 1.204645 1 15.34433 1.080172 1000022 13 1 4.481608 1.334315 1000022 13 1 35 6917
1 0.1014541 0.02299071 0.3029553 1 0.8657039 1.206299 1000022 13 1 19.95457 1.196599 1000022 13 1 35 6928
1 1.059052 1.139164 0.9715886 1 0.4744404 2.560477 1000022 13 0 7.793509 2.21714 1000022 13 1 35 6930
1 1.314649 1.46568 1.173482 1 33.21944 1.298506 1000022 13 0 20.05822 1.872446 1000022 13 1 35 6961
1 0.4445066 0.7265916 0.2710897 1 4.278862 1.869235 1000022 13 1 56.81968 1.303839 1000022 13 1 35 6964
1 1.109295 1.155893 1.053631 1 18.46292 1.228295 1000022 13 1 12.18282 1.288295 1000022 13 1 35 6976
1 1.176288 1.010978 1.239274 0 10.65643 1.43522 1000022 13 1 49.91476 1.67538 1000022 13 1 35 6979
1 0.5279956 0.2465533 0.8852676 1 1.617342 1.16686 1000022 13 1 1.384149 2.219059 1000022 13 1 35 7003
1 1.057513 1.112379 0.9951048 1 28.69747 1.609081 1000022 13 1 62.59291 3.691414 1000022 13 1 35 7010
1 1.034916 1.100018 0.9626585 1 0.04587071 1.511767 1000022 13 1 16.22598 1.386944 1000022 13 1 35 7023
1 0.6159488 0.3166172 0.9557644 1 2.734146 1.113287 1000022 13 1 10.55358 1.505589 1000022 13 1 45 8847
1 1.575265 1.775696 1.383444 1 4.074741 1.175784 1000022 13 0 31.53021 2.487414 1000022 13 1 45 8853
1 0.1014541 0.02299071 0.3029553 0 18.70009 1.654752 1000022 13 1 8.853266 1.549 1000022 13 1 45 8861
1 0.6342273 1.05356 0.3835326 1 7.567791 1.351126 1000022 13 1 41.03389 1.569045 1000022 13 1 45 8867
1 1.152971 1.190243 1.109341 1 3.008162 1.697852 1000022 13 0 10.1606 3.117362 1000022 13 1 45 8870
1 1.035838 1.098122 0.9666125 1 8.487792 11.35746 1000022 13 1 15.91288 1.806331 1000022 13 1 45 8887
1 0.9574994 0.6410515 1.205563 1 5.691782 1.10424 1000022 13 1 24.80837 1.058637 1000022 13 1 45 8928
1 1.035838 1.098122 0.9666125 1 13.45372 1.241557 1000022 13 1 14.7518 1.107647 1000022 13 1 45 8945
1 1.206555 1.21522 1.17542 1 27.91983 1.993916 1000022 13 1 0.9248388 1.356335 1000022 13 1 45 8947
1 1.866054 2.331325 1.3979 1 21.18576 2.483873 1000022 13 1 2.444827 1.405845 1000022 13 1 45 8954
0 1.26516 1.422013 1.117256 0 48.63229 3.141585 1000022 13 0 5.402865 1.611444 1000022 13 1 45 8955
1 1.123647 1.241142 1.010512 1 3.390043 1.910631 1000022 13 1 20.94631 1.425362 1000022 13 1 45 8982
1 1.10316 1.145079 1.05266 1 7.74993 1.217124 1000022 13 1 14.44109 1.309867 1000022 13 1 45 8996
1 1.056557 1.108524 0.9965968 1 11.66556 1.225187 1000022 13 1 19.5371 1.163971 1000022 13 1 45 9003
1 1.26516 1.422013 1.117256 1 40.0766 1.749103 1000022 13 1 1.986489 1.251867 1000022 13 1 45 9015
1 1.179161 1.206147 1.144075 1 1.611866 1.113469 1000022 13 1 12.29498 1.30874 1000022 13 1 45 9033
1 0.1363718 0.034862 0.3662451 1 7.288304 1.31362 1000022 13 1 35.65343 2.338568 1000022 13 1 46 9082
1 0.9574994 0.6410515 1.205563 1 27.68363 3.459099 1000022 13 1 3.963253 1.349076 1000022 13 1 46 9101
1 1.059052 1.139164 0.9715886 0 2.089039 3.339712 1000022 13 1 8.929744 2.382451 1000022 13 1 46 9141
1 1.227292 1.202911 1.205555 1 25.91458 1.206534 1000022 13 0 0.5958842 1.649773 1000022 13 1 46 9153
1 1.099696 0.9023142 1.195627 1 0.1487906 1.188804 1000022 13 1 18.22114 1.54321 1000022 13 1 46 9154
1 1.157728 1.196465 1.111764 1 25.60862 2.211295 1000022 13 1 33.73448 50.67126 1000022 13 1 46 9190
1 0.004252809 0.0006661682 0.02512871 1 0.887711 1.310997 1000022 13 1 15.64755 1.175888 1000022 13 1 46 9241
1 1.575265 1.775696 1.383444 0 3.234598 1.814902 1000022 13 1 46.06604 1.300883 1000022 13 1 47 9264
1 1.761918 2.058838 1.43754 1 0.8292115 1.546195 1000022 13 1 5.161229 1.217288 1000022 13 1 47 9265
1 0.1793033 0.05184105 0.4351809 1 17.26234 1.621154 1000022 13 1 30.35313 1.693036 1000022 13 1 47 9271
1 1.524498 1.73059 1.317664 1 13.86434 1.400885 1000022 13 1 10.37363 1.281802 1000022 13 1 47 9279
1 1.46424 1.680344 1.235249 1 23.88062 1.981285 1000022 13 1 24.72836 1.619651 1000022 13 1 47 9281
1 0.8332192 0.5015442 1.138243 1 9.050165 1.687025 1000022 13 1 27.66611 1.066218 1000022 13 1 47 9288
1 1.26516 1.422013 1.117256 1 27.21266 1.262511 1000022 13 1 2.127452 1.976895 1000022 13 1 47 9307
1 0.04601344 0.008200601 0.1755223 1 13.5538 1.374755 1000022 13 1 37.62243 1.477837 1000022 13 1 47 9326
1 1.209625 1.112975 1.222657 1 7.695776 1.299681 1000022 13 1 8.004398 1.794823 1000022 13 1 47 9338
1 1.031225 1.102163 0.9526981 1 4.325651 2.77975 1000022 13 1 9.222845 2.147964 1000022 13 1 47 9342
1 0.114587 0.02674881 0.3330998 1 1.571764 2.347369 1000022 13 1 5.278646 1.337722 1000022 13 1 47 9361
1 1.179161 1.206147 1.144075 1 11.28176 1.158362 1000022 13 1 9.575985 1.067904 1000022 13 1 47 9380
1 1.282494 1.437562 1.137462 1 23.50273 2.529913 1000022 13 1 6.387269 1.462436 1000022 13 1 47 9400
1 1.083255 0.8452013 1.220206 1 2.112627 1.722885 1000022 13 1 4.325788 1.119511 1000022 13 1 47 9409
1 1.106427 1.150534 1.053346 1 10.50179 1.311683 1000022 13 1 46.93197 1.709735 1000022 13 1 47 9410
1 0.06482654 0.01276116 0.2218368 1 0.0672539 1.63903 1000022 13 1 8.48494 1.359782 1000022 13 1 47 9427
1 0.9574994 0.6410515 1.205563 1 1.099324 6.992405 1000022 13 1 9.122577 1.131671 1000022 13 1 47 9438
1 1.033406 1.101364 0.958024 1 0.5491384 1.132608 1000022 13 1 19.13039 1.369986 1000022 13 1 47 9442
1 1.063672 0.7860307 1.245813 1 7.4729 1.665201 1000022 13 1 13.7416 1.690597 1000022 13 1 48 9452
1 1.761918 2.058838 1.43754 1 3.245533 1.500655 1000022 13 1 5.715232 1.212562 1000022 13 1 48 9461
1 1.055133 1.104334 0.9975671 1 3.684444 10.40494 1000022 13 1 10.7234 1.34032 1000022 13 1 48 9493
1 0.3064061 0.1093534 0.631845 1 13.46596 1.099393 1000022 13 1 21.43666 1.451542 1000022 13 1 48 9501
1 1.182032 1.113501 1.180358 1 11.19914 1.269646 1000022 13 1 86.9863 1.345794 1000022 13 1 48 9526
1 1.112575 1.233052 0.9981722 1 12.39049 1.353399 1000022 13 1 0.3115357 2.101446 1000022 13 1 48 9531
1 0.5675248 0.271593 0.9330701 1 3.621386 1.458278 1000022 13 1 32.87418 1.084973 1000022 13 1 48 9532
1 0.9160994 0.6007248 1.171549 0 1.189882 2.255965 1000022 13 1 57.74894 1.612925 1000022 13 1 48 9541
1 1.109295 1.155893 1.053631 1 14.02005 1.440865 1000022 13 1 2.945546 1.887552 1000022 13 1 48 9548
1 1.225386 1.141194 1.230719 1 21.88348 2.687773 1000022 13 1 10.46859 1.423643 1000022 13 1 48 9562
1 1.550791 1.753763 1.352368 1 20.73789 2.68606 1000022 13 1 12.30398 1.286225 1000022 13 1 48 9573
1 0.789787 0.4650854 1.097808 1 23.42941 1.121716 1000022 13 1 20.59805 1.611531 1000022 13 1 48 9578
1 1.033406 1.101364 0.958024 1 13.93423 1.585498 1000022 13 0 0.2961038 1.361948 1000022 13 1 48 9595
1 1.191782 1.185832 1.16486 1 3.506244 1.389031 1000022 13 1 25.19709 1.172989 1000022 13 1 48 9643
1 0.7055845 0.3974356 1.016366 1 7.970735 1.177431 1000022 13 1 5.153403 1.180257 1000022 13 1 49 9695
1 0.9574994 0.6410515 1.205563 1 0.04661236 2.120514 1000022 13 1 3.62964 1.871143 1000022 13 1 49 9803
1 1.314649 1.46568 1.173482 1 5.83424 1.630099 1000022 13 1 19.35947 1.477408 1000022 13 1 50 9853
0 1.063672 0.7860307 1.245813 1 7.269767 1.078189 1000022 13 1 14.03733 1.103194 1000022 13 1 50 9861
1 0.5279956 0.2465533 0.8852676 1 18.88853 2.109099 1000022 13 1 19.17116 1.455009 1000022 13 1 50 9878
1 1.282494 1.437562 1.137462 1 28.09907 1.477076 1000022 13 1 15.70971 1.287568 1000022 13 1 50 9881
1 0.6571895 0.3457574 1.000641 0 15.22778 1.14697 1000022 13 1 25.45264 1.143187 1000022 13 1 50 9899
1 1.179161 1.206147 1.144075 1 27.81014 2.913043 1000022 13 1 17.29074 1.318189 1000022 13 1 50 9911
1 1.0427 1.134261 0.9473373 1 15.50988 1.219933 1000022 13 1 14.18744 1.351755 1000022 13 1 50 9936
1 1.1849 1.214892 1.148506 0 6.58837 7.138985 1000022 13 1 9.260927 1.715337 1000022 13 1 50 9937
1 1.314649 1.46568 1.173482 1 20.37996 2.341132 1000022 13 1 6.009735 1.990319 1000022 13 1 50 9961
0 1.329532 1.478061 1.189894 1 21.40046 1.245136 1000022 13 0 1.313718 1.920552 1000022 13 1 50 9963
1 0.9160994 0.6007248 1.171549 1 16.39401 1.370713 1000022 13 1 48.59539 1.655056 1000022 13 1 50 9976
1 1.183608 1.169262 1.159476 1 7.076824 1.284301 1000022 13 1 7.765409 1.127803 1000022 13 1 50 9984
1 0.1014541 0.02299071 0.3029553 1 9.059454 1.269668 1000022 13 1 9.310312 1.16098 1000022 13 1 50 9988
1 0.9894024 0.7036328 1.19152 1 36.95022 1.365102 1000022 13 1 27.75664 2.53249 1000022 13 1 2 214
1 0.3170899 0.1198369 0.6261138 1 17.73024 1.8961 1000022 13 1 0.3466138 1.455366 1000022 13 1 2 260
0 0.2208223 0.06788179 0.510611 1 8.045939 1.108194 1000022 13 1 31.66319 1.186415 1000022 13 1 2 324
1 1.199401 1.201198 1.170168 0 18.60534 3.26526 1000022 13 1 57.15808 1.500764 1000022 13 1 2 357
1 1.126364 0.9389989 1.211138 1 26.51096 1.130167 1000022 13 0 1.223085 1.624853 1000022 13 1 2 383
0 1.142868 1.177299 1.103399 1 21.3181 1.209165 1000022 13 0 2.579085 1.853074 1000022 13 1 2 392
1 0.7055845 0.3974356 1.016366 1 0.9005372 1.501447 1000022 13 1 7.534112 1.731192 1000022 13 1 2 395
1 1.034916 1.100018 0.9626585 1 5.955929 1.529974 1000022 13 1 24.78993 2.138424 1000022 13 1 17 3230
1 1.526225 2.04983 1.080738 1 3.37498 8.673513 1000022 13 1 0.6662724 1.888553 1000022 13 1 17 3234
1 1.199401 1.201198 1.170168 1 1.89766 8.818281 1000022 13 1 19.42608 3.706113 1000022 13 1 17 3314
1 1.126364 0.9389989 1.211138 0 21.56684 2.341357 1000022 13 1 2.511426 1.249044 1000022 13 1 17 3348
1 1.055133 1.104334 0.9975671 0 7.056515 7.820786 1000022 13 1 1.827494 1.172398 1000022 13 1 17 3370
1 1.048997 1.136673 0.9559695 1 10.3141 2.387502 1000022 13 1 45.60975 1.250736 1000022 13 1 19 3647
1 1.550791 1.753763 1.352368 1 0.069639 1.51504 1000022 13 1 29.89619 2.986802 1000022 13 1 19 3661
1 1.055133 1.104334 0.9975671 0 16.29245 2.413163 1000022 13 1 25.45237 1.070156 1000022 13 1 19 3662
1 1.179161 1.206147 1.144075 1 17.28452 1.349756 1000022 13 1 34.43668 1.317996 1000022 13 1 19 3666
1 0.8200224 1.218482 0.5472287 1 4.524244 1.220028 1000022 13 1 0.5733506 1.167433 1000022 13 1 19 3690
1 1.15499 1.021547 1.194574 1 12.6281 1.364401 1000022 13 1 16.18578 3.816925 1000022 13 1 19 3703
1 0.5279956 0.2465533 0.8852676 1 15.60524 1.232326 1000022 13 0 28.65232 2.078217 1000022 13 1 19 3708
1 1.035838 1.098122 0.9666125 1 8.49765 1.470482 1000022 13 1 8.555698 2.354668 1000022 13 1 19 3713
1 0.7055845 0.3974356 1.016366 1 0.1304111 13.19139 1000022 13 1 5.344249 2.388545 1000022 13 1 19 3721
1 0.5762256 0.2893137 0.9113798 1 4.250361 2.527203 1000022 13 1 8.537772 1.226975 1000022 13 1 19 3734
1 1.75908 2.248522 1.290011 1 2.92153 1.919383 1000022 13 1 11.51291 1.306651 1000022 13 1 19 3735
1 0.8383967 1.273376 0.5409222 1 1.307641 1.800263 1000022 13 1 7.571797 1.17578 1000022 13 1 19 3743
1 1.15499 1.021547 1.194574 1 62.79515 1.854708 1000022 13 1 1.118734 2.808356 1000022 13 1 19 3759
1 1.217313 1.182622 1.199648 1 3.075584 1.857915 1000022 13 1 4.724988 5.273358 1000022 13 1 19 3760
1 1.645109 2.1548 1.183545 0 13.94567 4.227982 1000022 13 1 5.695123 1.286224 1000022 13 1 19 3771
1 0.6998869 0.3767799 1.045889 1 49.74917 4.190592 1000022 13 1 59.29281 1.064962 1000022 13 1 19 3785
1 1.083255 0.8452013 1.220206 1 1.920625 1.237599 1000022 13 1 8.87002 1.320771 1000022 13 1 19 3787
1 1.112575 1.233052 0.9981722 1 4.404473 1.139771 1000022 13 1 19.68719 1.114241 1000022 13 1 20 3829
1 0.1707681 0.04642279 0.4356818 1 14.43328 1.644865 1000022 13 0 6.013138 3.103746 1000022 13 1 20 3841
1 1.550791 1.753763 1.352368 1 7.975667 1.515818 1000022 13 1 3.841936 1.204395 1000022 13 1 20 3888
1 1.059052 1.139164 0.9715886 1 5.36026 5.591582 1000022 13 0 11.25068 1.94032 1000022 13 1 20 3889
1 1.705086 2.017803 1.363962 1 57.2056 1.175284 1000022 13 1 60.68526 2.660646 1000022 13 1 20 3899
1 1.227292 1.202911 1.205555 1 16.05591 1.619499 1000022 13 1 42.95966 1.64422 1000022 13 1 20 3904
1 1.149237 1.698801 0.7921503 1 13.55858 1.367302 1000022 13 1 14.78242 1.513191 1000022 13 1 20 3907
1 1.034916 1.100018 0.9626585 1 12.91979 1.26748 1000022 13 1 38.41304 1.667086 1000022 13 1 20 3908
1 1.190567 1.223018 1.152597 1 16.28301 2.533978 1000022 13 1 1.991679 2.491947 1000022 13 1 20 3912
1 1.179161 1.206147 1.144075 1 8.828314 1.246934 1000022 13 0 2.210948 1.232122 1000022 13 1 20 3917
1 1.036252 1.095703 0.9699052 0 21.28122 1.341395 1000022 13 1 1.445903 2.380031 1000022 13 1 20 3931
1 1.0427 1.134261 0.9473373 0 11.2919 5.277261 1000022 13 1 5.764235 1.413693 1000022 13 1 20 3935
1 1.227292 1.202911 1.205555 1 24.5957 1.893622 1000022 13 1 21.48709 1.926116 1000022 13 1 20 3937
1 1.134034 1.248093 1.022271 1 4.727485 1.610317 1000022 13 0 24.68576 1.334627 1000022 13 1 20 3940
1 0.3459568 0.1344595 0.6687537 1 4.148034 1.165163 1000022 13 1 7.183206 1.092086 1000022 13 1 20 3965
1 1.036252 1.095703 0.9699052 1 23.72066 1.288718 1000022 13 1 17.17933 1.170758 1000022 13 1 20 3969
1 0.4544891 0.2018274 0.792879 1 9.202435 1.962521 1000022 13 1 9.256447 1.297207 1000022 13 1 20 3992
1 1.050919 0.8056091 1.198818 1 43.53537 1.176376 1000022 13 1 1.299211 1.128196 1000022 13 1 20 4018
1 1.641128 1.972201 1.285192 1 17.69292 1.278073 1000022 13 1 29.45203 2.240436 1000022 13 1 26 5031
1 0.5226254 0.8798594 0.3137767 1 13.04226 1.168199 1000022 13 1 20.53755 6.642707 1000022 13 1 26 5035
1 0.001050436 0.0002258736 0.005613349 0 2.074142 7.584644 1000022 13 1 26.24603 1.582334 1000022 13 1 26 5060
1 1.143675 1.253919 1.033471 1 26.68154 1.060494 1000022 13 1 11.96224 1.148283 1000022 13 1 26 5082
1 0.4442115 0.1872741 0.8068974 1 18.6752 6.829815 1000022 13 1 11.14181 2.154805 1000022 13 1 26 5098
1 0.1527629 0.0402692 0.399808 1 48.88763 1.311397 1000022 13 1 13.13654 1.696216 1000022 13 1 26 5125
1 1.057513 1.112379 0.9951048 1 10.86713 1.477987 1000022 13 1 12.07358 1.238872 1000022 13 1 26 5132
1 1.057513 1.112379 0.9951048 1 5.268349 1.536806 1000022 13 1 0.5321261 1.135003 1000022 13 1 7 1215
1 1.152501 1.258655 1.04415 1 26.42359 1.363853 1000022 13 1 0.009993277 4.623176 1000022 13 1 7 1221
1 0.3170899 0.1198369 0.6261138 1 17.49168 1.265755 1000022 13 1 22.49542 1.382712 1000022 13 1 7 1223
1 0.1991887 0.05938704 0.4717879 1 15.45971 1.327633 1000022 13 1 65.30437 1.325584 1000022 13 1 7 1235
1 1.017868 0.7662661 1.176325 1 1.873576 1.919241 1000022 13 1 3.634061 2.485742 1000022 13 1 7 1240
1 1.179161 1.206147 1.144075 1 3.947441 1.5671 1000022 13 1 13.67941 1.389793 1000022 13 1 7 1241
1 1.035838 1.098122 0.9666125 1 34.88747 1.224542 1000022 13 1 38.54108 1.550118 1000022 13 1 7 1250
1 1.054444 1.13827 0.9640688 1 30.86701 1.100746 1000022 13 1 50.27173 1.809989 1000022 13 1 7 1266
1 1.167323 1.186361 1.134647 1 13.39573 2.58549 1000022 13 1 36.98602 1.575305 1000022 13 1 7 1271
1 1.062846 1.139449 0.9784784 1 2.662846 1.088022 1000022 13 1 7.558435 1.147584 1000022 13 1 7 1286
1 1.057513 1.112379 0.9951048 0 5.99965 1.156755 1000022 13 1 6.657332 1.95991 1000022 13 1 7 1293
1 0.665028 0.3662483 0.9755856 1 22.7863 1.13766 1000022 13 1 27.81407 1.370962 1000022 13 1 7 1295
1 0.8339615 0.5241884 1.101491 1 12.66693 1.369973 1000022 13 1 8.286183 1.470401 1000022 13 1 7 1316
1 1.49586 1.706142 1.278772 1 38.57084 1.131546 1000022 13 1 35.6279 3.925733 1000022 13 1 7 1323
1 1.705086 2.017803 1.363962 1 5.948366 1.260217 1000022 13 1 14.09149 1.151659 1000022 13 1 7 1334
1 0.001480656 0.0002940148 0.00851074 1 68.02155 1.50182 1000022 13 0 2.066824 1.675353 1000022 13 1 7 1345
0 1.054444 1.13827 0.9640688 0 31.67992 1.247128 1000022 13 1 3.437724 1.12729 1000022 13 1 7 1352
1 0.6571895 0.3457574 1.000641 1 8.457783 1.118041 1000022 13 1 18.28491 1.702365 1000022 13 1 7 1359
1 1.10316 1.145079 1.05266 1 11.32119 1.683833 1000022 13 0 2.968246 1.578175 1000022 13 1 7 1382
1 1.49586 1.706142 1.278772 1 14.54008 3.929767 1000022 13 1 9.637178 1.402942 1000022 13 1 7 1389
1 1.059052 1.139164 0.9715886 1 23.91784 3.91116 1000022 13 1 17.32764 1.417598 1000022 13 1 7 1390
1 1.206555 1.21522 1.17542 1 8.303617 2.79224 1000022 13 1 17.57137 1.173214 1000022 13 1 7 1401
1 1.209625 1.112975 1.222657 1 20.40216 2.200714 1000022 13 1 16.60725 1.206774 1000022 13 1 7 1407
1 1.282494 1.437562 1.137462 0 0.8066371 2.838345 1000022 13 1 38.2277 1.3645 1000022 13 1 12 2226
1 1.329532 1.478061 1.189894 0 5.795957 2.794716 1000022 13 1 7.927947 4.007961 1000022 13 1 12 2249
1 1.173319 1.196671 1.139395 1 5.012993 1.510154 1000022 13 0 13.78494 5.83159 1000022 13 1 12 2255
1 1.026751 0.7444853 1.219196 1 22.16608 1.62233 1000022 13 0 25.51246 5.947533 1000022 13 1 12 2257
1 0.03472439 0.005924022 0.1396847 1 9.524381 4.112636 1000022 13 1 2.073066 1.841135 1000022 13 1 12 2280
0 1.329532 1.478061 1.189894 0 33.37132 1.446722 1000022 13 1 10.06646 1.695566 1000022 13 1 12 2330
1 1.46424 1.680344 1.235249 1 9.374078 1.261814 1000022 13 0 5.181634 1.159778 1000022 13 1 12 2350
1 1.062846 1.139449 0.9784784 1 24.44555 3.154817 1000022 13 1 6.27123 1.086161 1000022 13 1 12 2370
1 1.095596 1.133769 1.050051 1 11.23679 1.991987 1000022 13 1 1.96139 1.700746 1000022 13 1 12 2375
1 1.645109 2.1548 1.183545 1 14.78059 3.063019 1000022 13 1 0.632773 1.300876 1000022 13 1 12 2397
1 1.298986 1.452146 1.156092 1 20.06474 1.654638 1000022 13 0 7.913436 5.575007 1000022 13 1 10 1822
1 1.209625 1.112975 1.222657 1 0.8670719 2.258985 1000022 13 1 5.825474 3.271909 1000022 13 1 10 1825
1 1.213336 1.227995 1.180605 1 22.33002 2.093488 1000022 13 1 10.55656 2.261256 1000022 13 1 10 1828
1 1.057513 1.112379 0.9951048 0 0.426675 1.176822 1000022 13 0 11.05326 1.497755 1000022 13 1 10 1902
1 1.49586 1.706142 1.278772 1 3.673859 1.815793 1000022 13 1 13.38811 1.247772 1000022 13 1 10 1911
1 1.329532 1.478061 1.189894 1 22.36246 1.316384 1000022 13 1 15.74596 1.569504 1000022 13 1 10 1923
1 1.0427 1.134261 0.9473373 1 14.04514 2.661983 1000022 13 0 18.55022 1.578828 1000022 13 1 10 1932
1 1.058012 1.115802 0.9930252 1 9.72141 1.546736 1000022 13 1 25.41346 1.263473 1000022 13 1 10 1945
0 0.747205 0.4303799 1.057145 1 38.72636 1.256344 1000022 13 0 4.24854 1.308649 1000022 13 1 10 1947
1 1.034916 1.100018 0.9626585 1 4.832827 4.411125 1000022 13 1 5.789102 1.169711 1000022 13 1 10 1966
1 0.1214868 0.03012302 0.3349064 1 28.62721 1.326979 1000022 13 1 1.956084 1.229744 1000022 13 1 10 1967
1 1.1849 1.214892 1.148506 1 5.294521 2.660435 1000022 13 1 91.70405 1.148235 1000022 13 1 10 1968
1 1.194803 1.137859 1.187115 1 0.4664637 2.505258 1000022 13 0 13.12948 1.502301 1000022 13 1 10 1970
1 1.031225 1.102163 0.9526981 1 11.31095 1.252228 1000022 13 1 26.02814 1.376443 1000022 13 1 11 2027
1 1.152501 1.258655 1.04415 1 3.883553 1.161771 1000022 13 1 20.6013 2.154118 1000022 13 1 11 2040
1 1.134034 1.248093 1.022271 1 11.75174 1.190407 1000022 13 1 9.365195 1.344361 1000022 13 1 11 2045
1 0.1363718 0.034862 0.3662451 1 2.044491 1.609954 1000022 13 1 34.01893 1.131949 1000022 13 1 11 2047
1 1.063672 0.7860307 1.245813 1 17.14885 1.281049 1000022 13 0 7.654495 2.337163 1000022 13 1 11 2065
1 1.149237 1.698801 0.7921503 1 16.07283 1.637876 1000022 13 0 0.9947589 10.29842 1000022 13 1 11 2071
1 1.033406 1.101364 0.958024 1 80.64091 2.601393 1000022 13 1 8.219072 1.69373 1000022 13 1 11 2080
1 1.017868 0.7662661 1.176325 1 29.53923 1.395699 1000022 13 1 36.15277 2.246284 1000022 13 1 11 2127
1 1.314649 1.46568 1.173482 1 32.8862 1.043164 1000022 13 1 10.8101 2.781574 1000022 13 1 11 2134
1 1.15499 1.021547 1.194574 1 0.2323236 1.626139 1000022 13 1 0.5842736 2.247442 1000022 13 1 11 2150
1 1.058012 1.115802 0.9930252 1 2.432265 2.454657 1000022 13 1 48.55619 1.265882 1000022 13 1 11 2157
1 1.56971 1.920896 1.202337 1 16.17321 1.869522 1000022 13 1 18.24047 1.30324 1000022 13 1 11 2187
1 1.147959 1.183877 1.106546 0 10.07164 2.587287 1000022 13 1 2.802382 1.206513 1000022 13 1 13 2424
1 0.665028 0.3662483 0.9755856 1 12.86508 1.241828 1000022 13 1 6.64855 1.193589 1000022 13 1 13 2425
0 0.2539062 0.08544197 0.5475258 1 12.29592 1.277463 1000022 13 1 20.13963 1.73391 1000022 13 1 13 2428
1 1.095596 1.133769 1.050051 1 32.42745 1.427002 1000022 13 1 4.641914 1.447946 1000022 13 1 13 2435
1 0.9219857 1.364073 0.6240806 1 26.32481 1.445922 1000022 13 1 34.99349 1.61075 1000022 13 1 13 2443
1 1.194803 1.137859 1.187115 1 3.860412 2.036689 1000022 13 1 23.56785 1.21148 1000022 13 1 13 2456
1 1.147959 1.183877 1.106546 1 1.94081 1.239572 1000022 13 0 14.43274 1.221294 1000022 13 1 13 2466
0 1.035838 1.098122 0.9666125 1 18.70941 1.509085 1000022 13 0 3.186915 2.654011 1000022 13 1 13 2470
1 1.062846 1.139449 0.9784784 1 0.2187758 1.042276 1000022 13 1 5.216868 1.625466 1000022 13 1 13 2471
1 1.152971 1.190243 1.109341 1 46.23669 1.243566 1000022 13 1 1.996027 1.233133 1000022 13 1 13 2494
1 1.217313 1.182622 1.199648 1 0.1154299 1.295022 1000022 13 1 14.45599 1.428037 1000022 13 1 13 2525
1 0.7268606 1.122648 0.4611204 1 3.827704 1.52048 1000022 13 1 26.66493 1.392232 1000022 13 1 13 2533
1 0.8339615 0.5241884 1.101491 1 11.04394 1.214668 1000022 13 1 1.749253 1.291945 1000022 13 1 13 2547
1 1.190567 1.223018 1.152597 1 0.9034818 2.331568 1000022 13 1 15.35719 1.123113 1000022 13 1 13 2563
1 1.112575 1.233052 0.9981722 1 45.20827 1.827718 1000022 13 1 3.164486 2.974761 1000022 13 1 13 2570
1 1.109295 1.155893 1.053631 1 13.00556 1.282268 1000022 13 1 19.69906 2.536344 1000022 13 1 13 2602
1 0.1080031 0.02598027 0.3057024 1 27.23028 1.504087 1000022 13 1 1.542702 1.74189 1000022 13 1 13 2606
1 1.026751 0.7444853 1.219196 1 10.37346 1.187469 1000022 13 1 35.80913 3.173788 1000022 13 1 13 2613
1 1.761918 2.058838 1.43754 1 28.57598 1.176232 1000022 13 1 21.16612 1.476905 1000022 13 1 14 2622
1 0.9219857 1.364073 0.6240806 1 44.81675 1.48947 1000022 13 1 5.150756 1.073314 1000022 13 1 14 2649
1 1.034916 1.100018 0.9626585 1 3.310174 1.089037 1000022 13 1 13.17822 1.855201 1000022 13 1 14 2665
1 1.49586 1.706142 1.278772 1 0.7339352 1.221458 1000022 13 1 22.56216 2.571418 1000022 13 1 14 2671
1 1.126364 0.9389989 1.211138 1 2.740988 1.352218 1000022 13 1 12.75865 1.873471 1000022 13 1 14 2674
1 0.6998869 0.3767799 1.045889 1 41.70596 1.247807 1000022 13 1 10.55301 1.897843 1000022 13 1 14 2682
1 1.206555 1.21522 1.17542 1 10.48926 1.834522 1000022 13 1 1.895952 1.806874 1000022 13 1 14 2774
1 1.142868 1.177299 1.103399 1 76.79093 4.323926 1000022 13 1 35.2647 1.241062 1000022 13 1 14 2800
1 1.149237 1.698801 0.7921503 1 25.57138 1.159522 1000022 13 1 24.79956 2.377962 1000022 13 1 15 2821
1 1.179161 1.206147 1.144075 1 52.28323 2.100341 1000022 13 1 33.28439 1.223938 1000022 13 1 15 2854
1 0.9574994 0.6410515 1.205563 1 2.339888 1.223347 1000022 13 1 0.3776631 1.310304 1000022 13 1 15 2860
1 1.641128 1.972201 1.285192 1 2.474736 2.831818 1000022 13 1 27.92023 1.153257 1000022 13 1 15 2864
1 1.050919 0.8056091 1.198818 1 4.298852 1.254921 1000022 13 1 7.347556 3.838985 1000022 13 1 15 2884
1 1.123647 1.241142 1.010512 1 6.297079 1.11028 1000022 13 1 6.294966 1.169847 1000022 13 1 15 2888
1 0.8383967 1.273376 0.5409222 1 4.078776 1.729214 1000022 13 1 60.51154 1.289514 1000022 13 1 15 2896
1 1.114777 0.884905 1.24054 1 22.68864 1.150306 1000022 13 1 13.67231 1.380973 1000022 13 1 15 2912
1 1.062846 1.139449 0.9784784 1 9.920497 2.260038 1000022 13 1 9.149551 1.222062 1000022 13 1 15 2920
1 0.3355998 0.123277 0.6770892 1 24.3164 1.45138 1000022 13 0 8.48051 2.302949 1000022 13 1 15 2956
1 0.9160994 0.6007248 1.171549 1 20.00571 2.666471 1000022 13 1 2.72379 1.274447 1000022 13 1 15 2974
1 1.209625 1.112975 1.222657 1 9.778934 1.850318 1000022 13 0 8.28773 2.449887 1000022 13 1 15 2981
1 0.3170899 0.1198369 0.6261138 1 10.5079 1.257305 1000022 13 1 0.6448051 1.386348 1000022 13 1 15 3007
1 0.9160994 0.6007248 1.171549 0 55.28184 1.495613 1000022 13 1 3.007764 1.737501 1000022 13 1 15 3009
1 1.152501 1.258655 1.04415 0 1.347113 1.339993 1000022 13 0 7.239133 3.601953 1000022 13 1 16 3029
1 1.49586 1.706142 1.278772 1 31.4035 1.415745 1000022 13 1 1.899093 1.223799 1000022 13 1 16 3042
1 1.289688 1.878288 0.892531 1 25.97927 1.711114 1000022 13 1 74.65724 3.741985 1000022 13 1 16 3043
1 1.033406 1.101364 0.958024 1 70.02488 1.519236 1000022 13 1 22.29091 1.354197 1000022 13 1 16 3113
1 1.106427 1.150534 1.053346 1 11.97829 2.171765 1000022 13 1 0.7890441 1.412587 1000022 13 1 16 3115
1 1.112575 1.233052 0.9981722 1 0.7141507 1.677247 1000022 13 1 12.78431 1.297463 1000022 13 1 16 3143
1 1.059052 1.139164 0.9715886 1 41.11835 3.022508 1000022 13 1 1.239991 1.188827 1000022 13 1 16 3152
1 1.083255 0.8452013 1.220206 1 40.92319 1.17578 1000022 13 1 16.61153 1.862199 1000022 13 1 16 3171
1 1.062846 1.139449 0.9784784 1 36.5687 9.559733 1000022 13 1 19.16525 2.101488 1000022 13 1 16 3209
1 0.1080031 0.02598027 0.3057024 1 85.59439 1.372907 1000022 13 1 6.228449 1.421839 1000022 13 1 18 3448
1 1.550791 1.753763 1.352368 1 20.91949 1.281502 1000022 13 1 16.67182 1.135265 1000022 13 1 18 3453
1 0.747205 0.4303799 1.057145 1 0.6449342 2.396285 1000022 13 1 8.980945 1.735381 1000022 13 1 18 3457
1 1.298986 1.452146 1.156092 1 11.0721 1.092259 1000022 13 0 22.34863 1.705762 1000022 13 1 18 3459
1 0.6159488 0.3166172 0.9557644 1 42.43259 1.518513 1000022 13 1 9.538259 2.080605 1000022 13 1 18 3468
1 1.123647 1.241142 1.010512 1 29.65813 1.227499 1000022 13 0 24.51295 1.924895 1000022 13 1 18 3495
1 1.059052 1.139164 0.9715886 1 19.88594 1.476395 1000022 13 1 15.24826 1.150017 1000022 13 1 18 3505
1 1.314649 1.46568 1.173482 1 2.975526 1.469264 1000022 13 1 10.02197 1.341977 1000022 13 1 18 3508
1 1.152501 1.258655 1.04415 0 27.873 1.620717 1000022 13 1 25.94827 1.503035 1000022 13 1 18 3511
1 0.4544891 0.2018274 0.792879 1 15.34768 7.46339 1000022 13 1 0.4616751 1.773476 1000022 13 1 18 3517
1 1.20651 1.16088 1.193521 1 3.217193 4.140683 1000022 13 1 0.009132599 5.385266 1000022 13 1 18 3531
1 1.641128 1.972201 1.285192 1 9.333897 1.115377 1000022 13 1 16.2634 1.145427 1000022 13 1 18 3610
1 1.282494 1.437562 1.137462 1 2.414867 1.851363 1000022 13 1 29.39679 1.296384 1000022 13 1 18 3611
1 1.03119 1.524041 0.7057037 1 10.11999 1.342722 1000022 13 1 5.097312 1.387688 1000022 13 1 27 5236
1 1.217313 1.182622 1.199648 1 8.837661 1.181687 1000022 13 1 6.227351 1.349666 1000022 13 1 27 5238
1 0.3459568 0.1344595 0.6687537 1 34.15388 1.770054 1000022 13 1 11.87946 1.41966 1000022 13 1 27 5248
1 1.194803 1.137859 1.187115 1 5.483746 1.288729 1000022 13 1 1.591147 1.546791 1000022 13 1 27 5257
1 1.137649 1.170432 1.099925 1 47.21218 1.164469 1000022 13 1 17.85293 1.467069 1000022 13 1 27 5261
1 1.143675 1.253919 1.033471 1 7.508524 1.248426 1000022 13 1 2.008116 2.317067 1000022 13 1 27 5278
1 1.152501 1.258655 1.04415 1 18.29953 1.72502 1000022 13 1 13.03324 1.456476 1000022 13 1 27 5279
1 1.114777 0.884905 1.24054 1 25.17748 1.293546 1000022 13 1 13.23941 1.245888 1000022 13 1 27 5287
1 1.152971 1.190243 1.109341 1 0.8769401 1.60295 1000022 13 1 20.85175 1.116541 1000022 13 1 27 5294
1 1.225386 1.141194 1.230719 0 23.98248 2.522222 1000022 13 1 22.18986 1.448758 1000022 13 1 27 5310
1 1.173319 1.196671 1.139395 0 17.74436 1.51377 1000022 13 1 2.306152 1.511413 1000022 13 1 27 5317
1 0.747205 0.4303799 1.057145 1 16.82882 1.234671 1000022 13 1 2.634557 1.825637 1000022 13 1 27 5326
1 1.314649 1.46568 1.173482 1 8.458961 1.635546 1000022 13 1 2.310681 2.880883 1000022 13 1 27 5327
1 0.7934737 0.4881172 1.065644 0 1.814719 2.547443 1000022 13 1 62.24525 1.162864 1000022 13 1 27 5328
1 1.109295 1.155893 1.053631 1 1.604079 2.454273 1000022 13 1 4.813323 1.347755 1000022 13 1 27 5336
1 1.10316 1.145079 1.05266 1 1.430682 1.480779 1000022 13 1 34.1252 1.373343 1000022 13 1 27 5362
1 1.641128 1.972201 1.285192 1 3.758692 1.125625 1000022 13 1 0.4687048 2.230849 1000022 13 1 27 5363
1 1.034916 1.100018 0.9626585 1 2.023623 1.118972 1000022 13 1 27.39985 2.165205 1000022 13 1 27 5364
1 0.4903168 0.2233237 0.8385035 0 28.45443 4.692407 1000022 13 1 9.437622 1.220936 1000022 13 1 27 5373
1 1.056557 1.108524 0.9965968 1 11.68059 2.361448 1000022 13 1 6.648114 1.164246 1000022 13 1 27 5405
1 1.0427 1.134261 0.9473373 1 58.18637 4.374333 1000022 13 1 20.12778 2.043887 1000022 13 1 27 5414
1 0.3170899 0.1198369 0.6261138 1 29.72492 1.195357 1000022 13 1 42.33715 1.378306 1000022 13 1 32 6233
1 0.06958118 0.01446482 0.2254303 1 1.157782 1.235042 1000022 13 1 9.487357 1.78044 1000022 13 1 32 6234
1 0.4903168 0.2233237 0.8385035 1 2.376845 2.938521 1000022 13 1 12.3019 1.154949 1000022 13 1 32 6242
1 1.034916 1.100018 0.9626585 1 6.853179 1.123539 1000022 13 1 54.44874 1.346249 1000022 13 1 32 6256
1 1.048997 1.136673 0.9559695 1 19.72697 1.319839 1000022 13 1 14.28878 1.097153 1000022 13 1 32 6268
1 0.8339615 0.5241884 1.101491 1 37.5926 2.83193 1000022 13 1 0.9202595 4.359377 1000022 13 1 32 6276
1 0.747205 0.4303799 1.057145 1 25.68143 5.387732 1000022 13 1 10.35647 1.090217 1000022 13 1 32 6282
1 1.152971 1.190243 1.109341 1 14.60604 1.580465 1000022 13 1 7.898293 1.670068 1000022 13 1 32 6287
1 1.099519 1.139476 1.051563 1 16.52903 1.169184 1000022 13 1 0.2310567 1.190229 1000022 13 1 32 6296
1 1.20651 1.16088 1.193521 1 10.44614 1.397732 1000022 13 1 11.59596 1.264488 1000022 13 1 32 6320
1 0.3767309 0.1505117 0.7131262 1 26.30539 2.407274 1000022 13 1 27.77787 1.661435 1000022 13 1 32 6340
1 1.191782 1.185832 1.16486 1 36.14208 1.464731 1000022 13 1 0.0553287 1.459952 1000022 13 1 32 6352
1 1.194803 1.137859 1.187115 1 0.9293666 1.566417 1000022 13 1 8.561669 1.575895 1000022 13 1 32 6418
1 0.7934737 0.4881172 1.065644 0 17.59408 3.020065 1000022 13 1 11.99234 3.99348 1000022 13 1 32 6421
1 1.282494 1.437562 1.137462 1 50.52487 2.423081 1000022 13 1 9.718477 1.13786 1000022 13 1 32 6427
1 1.147959 1.183877 1.106546 1 30.7778 1.437915 1000022 13 1 23.41245 1.143253 1000022 13 1 37 7258
1 0.8339615 0.5241884 1.101491 1 29.56617 1.107144 1000022 13 1 9.819164 2.849955 1000022 13 1 37 7267
1 1.152501 1.258655 1.04415 1 1.879644 1.164607 1000022 13 1 0.704928 1.535678 1000022 13 1 37 7298
1 1.194803 1.137859 1.187115 1 0.01993453 1.401963 1000022 13 1 34.95113 1.854551 1000022 13 1 37 7307
1 1.083255 0.8452013 1.220206 1 22.17776 1.360933 1000022 13 1 15.04397 1.808826 1000022 13 1 37 7346
1 0.7055845 0.3974356 1.016366 1 1.262922 1.884024 1000022 13 1 13.41374 1.846937 1000022 13 1 37 7362
1 1.329532 1.478061 1.189894 0 2.608779 3.841706 1000022 13 1 6.616293 1.566297 1000022 13 1 37 7414
1 1.134034 1.248093 1.022271 1 14.44901 1.29777 1000022 13 1 2.296252 1.924683 1000022 13 1 37 7421
1 1.026751 0.7444853 1.219196 1 3.444257 1.280505 1000022 13 0 24.36902 5.123488 1000022 13 1 37 7437
1 1.058012 1.115802 0.9930252 1 11.74931 2.28076 1000022 13 1 11.78265 1.275922 1000022 13 1 39 7647
1 1.058012 1.115802 0.9930252 1 21.39181 1.539567 1000022 13 1 23.6602 1.239383 1000022 13 1 39 7664
1 1.031225 1.102163 0.9526981 1 6.088119 1.703799 1000022 13 1 7.66755 1.255046 1000022 13 1 39 7666
1 1.063672 0.7860307 1.245813 0 1.682289 1.398926 1000022 13 0 25.17665 1.596581 1000022 13 1 39 7675
1 0.8332192 0.5015442 1.138243 1 0.04290297 2.044602 1000022 13 1 40.82979 1.311937 1000022 13 1 39 7681
1 1.20651 1.16088 1.193521 1 7.135434 2.898081 1000022 13 0 4.422162 1.543826 1000022 13 1 39 7763
1 1.314649 1.46568 1.173482 1 0.05866727 2.866675 1000022 13 0 7.815113 3.072392 1000022 13 1 39 7764
1 1.550791 1.753763 1.352368 1 29.42946 1.104346 1000022 13 1 1.557515 1.870782 1000022 13 1 39 7776
1 0.4205023 0.1819855 0.7484848 1 1.431793 1.110491 1000022 13 1 64.23646 1.254959 1000022 13 1 39 7781
1 1.114777 0.884905 1.24054 1 15.64084 1.066896 1000022 13 0 4.769428 2.207914 1000022 13 1 39 7810
1 1.099696 0.9023142 1.195627 0 12.65545 1.237699 1000022 13 1 10.60794 1.283823 1000022 13 1 39 7831
1 1.199428 1.046014 1.251733 1 39.76952 1.190428 1000022 13 1 17.39482 6.535362 1000022 13 1 40 7874
1 1.062846 1.139449 0.9784784 1 17.63692 1.215406 1000022 13 1 11.19113 1.12863 1000022 13 1 40 7891
1 0.07905591 0.01690496 0.2492307 1 40.56259 1.435943 1000022 13 0 21.5542 1.782253 1000022 13 1 40 7902
1 1.179161 1.206147 1.144075 1 8.799387 1.141205 1000022 13 1 25.18897 1.133892 1000022 13 1 40 7914
1 1.149237 1.698801 0.7921503 1 18.38477 1.496446 1000022 13 1 11.82251 1.171206 1000022 13 1 40 7920
1 1.095596 1.133769 1.050051 1 11.3101 2.420283 1000022 13 1 26.79911 1.128181 1000022 13 1 40 7947
1 0.6342273 1.05356 0.3835326 1 16.12154 1.178311 1000022 13 1 28.00194 1.115224 1000022 13 1 40 7956
1 1.059052 1.139164 0.9715886 1 6.870914 1.056185 1000022 13 1 13.67532 1.049869 1000022 13 1 40 7963
1 0.6998869 0.3767799 1.045889 1 15.12302 1.139454 1000022 13 1 4.086868 1.262482 1000022 13 1 40 7964
1 1.062846 1.139449 0.9784784 1 3.51031 2.810003 1000022 13 1 66.50101 1.072503 1000022 13 1 40 7976
1 1.42456 2.044705 0.9864829 1 17.4829 3.55127 1000022 13 1 10.48703 1.302681 1000022 13 1 40 7990
1 1.227292 1.202911 1.205555 1 6.644877 1.63147 1000022 13 1 7.94249 1.171138 1000022 13 1 40 7995
1 0.9517445 0.6636014 1.162862 1 1.230816 1.303941 1000022 13 0 1.580375 1.612503 1000022 13 1 40 8014
1 0.1991887 0.05938704 0.4717879 1 6.049559 1.805527 1000022 13 1 2.738223 2.365782 1000022 13 1 40 8035
1 0.02402195 0.003812468 0.1069883 1 13.14902 1.268548 1000022 13 1 61.38081 4.339584 1000022 13 1 40 8040
1 1.017868 0.7662661 1.176325 1 7.975272 1.213767 1000022 13 1 6.344999 1.307297 1000022 13 1 43 8450
1 1.062846 1.139449 0.9784784 1 5.91567 1.147593 1000022 13 0 2.247324 2.276205 1000022 13 1 43 8453
1 1.20651 1.16088 1.193521 1 4.23676 1.175807 1000022 13 0 10.12784 1.275446 1000022 13 1 43 8458
1 1.057513 1.112379 0.9951048 1 1.384596 2.024352 1000022 13 0 22.51799 7.710966 1000022 13 1 43 8470
1 1.705086 2.017803 1.363962 1 7.677775 1.332466 1000022 13 0 17.00638 1.664697 1000022 13 1 43 8486
1 0.5762256 0.2893137 0.9113798 1 61.12341 3.082989 1000022 13 1 12.30251 1.871289 1000022 13 1 43 8519
1 1.56971 1.920896 1.202337 1 5.384288 1.279862 1000022 13 1 4.429988 1.541414 1000022 13 1 43 8527
1 0.9138955 0.6245104 1.1333 0 3.159344 1.479609 1000022 13 1 23.32439 1.425795 1000022 13 1 43 8538
1 0.4442115 0.1872741 0.8068974 1 19.73158 1.080299 1000022 13 1 8.884087 3.638626 1000022 13 1 43 8549
1 1.298986 1.452146 1.156092 1 9.543211 1.395998 1000022 13 1 39.00362 2.444417 1000022 13 1 43 8585
1 0.02071812 0.003240969 0.0945363 1 46.20842 1.571579 1000022 13 0 3.654903 1.661397 1000022 13 1 43 8591
1 1.15499 1.021547 1.194574 0 3.056153 1.798708 1000022 13 1 58.35144 3.625921 1000022 13 1 43 8607
1 1.123647 1.241142 1.010512 1 26.10136 1.242051 1000022 13 1 9.653501 2.704819 1000022 13 1 43 8610
1 1.49586 1.706142 1.278772 1 7.847035 1.05784 1000022 13 1 0.3614108 6.285967 1000022 13 1 43 8628
1 1.114777 0.884905 1.24054 1 34.31924 2.982624 1000022 13 1 18.73046 1.911602 1000022 13 1 44 8648
1 1.167323 1.186361 1.134647 1 7.482366 1.055967 1000022 13 1 20.14426 2.777303 1000022 13 1 44 8671
1 1.123647 1.241142 1.010512 1 18.16017 2.132894 1000022 13 1 5.206459 2.10022 1000022 13 1 44 8684
1 0.5292084 0.8493549 0.3262614 1 4.957489 1.733377 1000022 13 1 11.1309 2.186979 1000022 13 1 44 8706
1 1.026751 0.7444853 1.219196 1 10.2444 1.811365 1000022 13 1 19.26144 1.069214 1000022 13 1 44 8737
1 0.9574994 0.6410515 1.205563 1 12.66025 1.130004 1000022 13 1 2.661737 1.4524 1000022 13 1 44 8738
1 0.9219857 1.364073 0.6240806 0 36.08983 3.449568 1000022 13 1 13.01894 7.629516 1000022 13 1 44 8748
1 1.054444 1.13827 0.9640688 1 5.418353 1.519452 1000022 13 1 2.6968 1.103194 1000022 13 1 44 8750
1 0.4094664 0.1680855 0.7591912 1 26.1772 1.24678 1000022 13 1 10.06663 2.297118 1000022 13 1 44 8774
1 1.209625 1.112975 1.222657 1 10.17241 1.125708 1000022 13 1 4.701934 1.424066 1000022 13 1 44 8784
1 0.4445066 0.7265916 0.2710897 0 2.05643 1.760901 1000022 13 1 5.981768 2.46609 1000022 13 1 44 8807
1 0.9517445 0.6636014 1.162862 1 4.904191 1.573768 1000022 13 1 30.33406 1.506603 1000022 13 1 44 8824
1 1.058012 1.115802 0.9930252 0 1.858931 1.313052 1000022 13 1 22.48534 1.328503 1000022 13 1 44 8836
1 1.152971 1.190243 1.109341 1 2.000559 1.686412 1000022 13 1 46.75315 20.61466 1000022 13 1 36 7086
1 0.5380682 0.2637946 0.8676014 0 47.30552 2.152844 1000022 13 1 14.64533 1.323964 1000022 13 1 36 7091
1 1.112575 1.233052 0.9981722 1 8.902882 1.239969 1000022 13 1 7.411376 1.782525 1000022 13 1 36 7104
1 1.167323 1.186361 1.134647 0 2.169376 2.548617 1000022 13 0 3.40066 1.917474 1000022 13 1 36 7109
1 1.812285 2.096335 1.505211 1 2.535363 1.86533 1000022 13 1 6.513625 1.85704 1000022 13 1 36 7111
1 1.123647 1.241142 1.010512 1 0.06998422 1.304129 1000022 13 1 5.975444 1.781297 1000022 13 1 36 7112
1 1.048997 1.136673 0.9559695 0 12.59941 1.255363 1000022 13 1 5.333858 1.819475 1000022 13 1 36 7115
1 1.192805 1.083559 1.213989 1 2.805087 1.183361 1000022 13 1 4.793685 1.28664 1000022 13 1 36 7118
1 1.213336 1.227995 1.180605 1 21.35658 2.157797 1000022 13 1 50.18288 1.373659 1000022 13 1 36 7196
1 1.036252 1.095703 0.9699052 1 2.866633 6.65342 1000022 13 0 8.167456 1.369303 1000022 13 1 36 7222
1 0.2443026 0.07741789 0.5517042 1 15.15531 2.744067 1000022 13 1 7.799561 1.735049 1000022 13 1 36 7232
1 1.143675 1.253919 1.033471 1 32.64323 1.748079 1000022 13 1 17.7734 1.271071 1000022 13 1 38 7499
1 0.665028 0.3662483 0.9755856 1 47.97889 1.156787 1000022 13 1 51.81313 5.153812 1000022 13 1 38 7522
1 1.179161 1.206147 1.144075 1 4.283868 1.248616 1000022 13 1 6.023773 3.424451 1000022 13 1 38 7528
1 1.109295 1.155893 1.053631 1 35.36863 1.47888 1000022 13 1 7.929605 1.318125 1000022 13 1 38 7529
1 0.8748782 0.5617447 1.136825 0 1.270072 1.157194 1000022 13 1 11.66991 2.037922 1000022 13 1 38 7602
1 0.3459568 0.1344595 0.6687537 1 44.30246 1.981252 1000022 13 0 21.30692 3.268282 1000022 13 1 38 7631
1 1.099519 1.139476 1.051563 1 1.056192 1.480379 1000022 13 0 1.205478 3.504349 1000022 13 1 38 7632
1 0.7055845 0.3974356 1.016366 1 19.30506 1.187556 1000022 13 1 7.437891 1.318139 1000022 13 1 41 8060
1 0.8332192 0.5015442 1.138243 1 7.309084 1.080763 1000022 13 1 17.02934 1.688608 1000022 13 1 41 8063
1 0.9574994 0.6410515 1.205563 1 15.09499 1.320695 1000022 13 1 4.267898 3.71949 1000022 13 1 41 8073
1 1.031225 1.102163 0.9526981 1 31.7753 1.153173 1000022 13 0 72.16508 2.755356 1000022 13 1 41 8077
1 1.524498 1.73059 1.317664 1 0.05670926 1.198104 1000022 13 1 7.99332 2.166462 1000022 13 1 41 8079
1 1.099519 1.139476 1.051563 1 36.87312 1.213203 1000022 13 1 22.78628 2.769821 1000022 13 1 41 8090
1 1.109295 1.155893 1.053631 1 1.158434 1.54572 1000022 13 1 9.319436 1.416055 1000022 13 1 41 8096
1 1.167323 1.186361 1.134647 1 19.09571 1.618067 1000022 13 1 17.15548 1.42756 1000022 13 1 41 8120
1 1.217313 1.182622 1.199648 1 7.467233 1.673006 1000022 13 0 9.392389 7.751174 1000022 13 1 41 8145
1 1.031225 1.102163 0.9526981 1 6.963196 1.399069 1000022 13 1 2.250628 1.505925 1000022 13 1 41 8157
1 0.9160994 0.6007248 1.171549 1 15.30746 1.410643 1000022 13 1 0.5070813 1.081 1000022 13 1 41 8171
1 0.03472439 0.005924022 0.1396847 1 22.00563 1.205847 1000022 13 1 10.08958 1.69739 1000022 13 1 41 8208
1 1.206555 1.21522 1.17542 0 13.68389 1.204913 1000022 13 1 11.37979 10.38277 1000022 13 1 41 8219
1 1.705086 2.017803 1.363962 1 4.864225 1.239582 1000022 13 1 8.681449 1.055258 1000022 13 1 42 8266
1 1.057513 1.112379 0.9951048 1 10.45672 1.374673 1000022 13 0 35.25812 1.080342 1000022 13 1 42 8318
1 0.9517445 0.6636014 1.162862 0 20.30853 1.648771 1000022 13 1 4.561755 1.632222 1000022 13 1 42 8329
1 1.053247 1.09991 0.9980844 1 4.498533 1.575025 1000022 13 1 25.00724 1.208726 1000022 13 1 42 8332
1 1.705086 2.017803 1.363962 1 31.13519 1.900561 1000022 13 1 7.08916 1.281527 1000022 13 1 42 8338
1 1.109295 1.155893 1.053631 1 25.42429 1.44375 1000022 13 0 21.15594 1.365508 1000022 13 1 42 8361
1 1.151918 0.9752633 1.225726 1 3.404708 3.613914 1000022 13 0 24.45006 1.539184 1000022 13 1 42 8364
1 1.137649 1.170432 1.099925 1 5.377102 1.287341 1000022 13 1 18.69802 1.234665 1000022 13 1 42 8382
1 1.192805 1.083559 1.213989 1 15.94771 1.323346 1000022 13 1 12.41262 1.454156 1000022 13 1 42 8387
1 0.9160994 0.6007248 1.171549 1 7.710611 1.314443 1000022 13 1 8.246679 1.891627 1000022 13 1 42 8405
1 1.705086 2.017803 1.363962 1 33.81506 1.278071 1000022 13 1 16.75814 1.109251 1000022 13 1 42 8410
1 1.083255 0.8452013 1.220206 1 13.72098 1.182672 1000022 13 1 9.477212 1.353587 1000022 13 1 42 8417
1 1.46424 1.680344 1.235249 1 4.824486 1.232154 1000022 13 1 1.575047 1.189898 1000022 13 1 42 8421
1 1.134034 1.248093 1.022271 1 16.99343 2.224018 1000022 13 1 5.814673 1.146788 1000022 13 1 42 8426
1 1.142868 1.177299 1.103399 1 57.39535 1.217601 1000022 13 1 5.327174 1.623596 1000022 13 1 42 8442
