1 0.07638145 0.0201346 0.199904 0 88.97434 1.779244 6002113 13 1 14.94283 3.824808 6002113 11 1 32 7484
1 0.5718377 0.6269594 0.5167355 1 42.14903 1.418495 6002113 13 1 48.47246 2.166763 6002113 11 1 32 7551
1 0.2047332 0.08404274 0.3795956 1 19.29626 3.159604 6002113 13 1 1.658709 2.391372 6002113 11 1 61 14440
1 0.5179189 0.5490608 0.4833063 0 94.62082 1.562456 6002113 13 1 46.48318 1.788381 6002113 11 1 61 14453
1 0.5290058 0.5579008 0.4965126 0 793.7791 1.186384 6003113 11 0 107.4763 2.024355 6003113 13 1 61 14514
1 0.1677999 0.06163852 0.3385446 0 58.79899 1.357755 6002113 13 0 92.43932 1.926975 6002113 11 1 69 16448
1 0.2690341 0.1318973 0.4338007 0 1358.829 1.8766 6003113 11 0 64.38585 1.525544 6003113 13 1 69 16452
1 0.55158 0.5725396 0.52633 1 7.741396 2.275725 6001113 11 1 20.30144 1.77814 6001113 13 1 70 16584
1 0.5788639 0.5982325 0.5558819 1 50.83329 1.585465 6002113 11 0 50.18974 1.435519 6002113 13 1 70 16704
1 0.63258 0.7110067 0.558628 0 279.6395 2.423412 6003113 11 0 99.04465 1.525933 6003113 13 1 83 19715
1 0.9061426 1.048168 0.7526054 0 69.50497 1.551011 6002113 11 0 56.94367 1.68323 6002113 13 1 83 19870
1 0.5244179 0.7743813 0.3627396 1 49.84468 1.749498 6002113 13 1 31.38564 2.12521 6002113 11 1 84 19950
1 0.567017 0.6240464 0.5111355 0 76.66814 2.271663 6002113 11 0 108.0687 1.502071 6002113 13 1 84 19970
1 0.5910162 0.5567505 0.5901788 0 62.11674 1.523093 6002113 11 1 35.07977 1.58192 6002113 13 1 91 21757
1 0.5759591 0.4876316 0.6128632 1 33.41131 1.563742 6002113 13 1 6.29411 1.411797 6002113 11 1 91 21788
1 0.5272219 0.5691352 0.4820344 1 30.4716 3.91759 6002113 13 1 44.18995 2.924195 6002113 11 1 92 21888
1 0.4100112 0.6092409 0.2736143 0 59.62188 2.044928 6002113 11 0 108.0348 1.505434 6002113 13 1 92 21954
1 0.3967369 0.2440586 0.532822 0 72.6247 1.794911 6002113 13 1 8.923526 2.44526 6002113 11 1 92 22042
1 0.6412468 0.7187812 0.5687311 1 53.89198 1.479108 6002113 11 1 46.80781 1.558744 6002113 13 1 125 29964
1 0.5958909 0.5929161 0.5824302 1 3.560732 1.595158 6002113 11 1 51.66126 2.113374 6002113 13 1 125 29969
1 0.6573245 0.7328399 0.586741 1 14.51829 1.4346 6002113 11 1 37.32552 1.916805 6002113 13 1 125 29997
1 0.63258 0.7110067 0.558628 1 12.17823 1.854818 6003113 11 0 136.3889 1.384998 6003113 13 1 126 30098
1 0.7876326 0.8878482 0.6917219 1 23.16144 1.57103 6002113 13 1 14.87561 1.942831 6002113 11 1 126 30101
1 0.6066679 0.6139975 0.5903023 1 28.12643 2.245085 6002113 13 0 22.20205 1.622074 6002113 11 1 187 44665
1 0.5213501 0.5671303 0.4736687 0 73.28922 1.638953 6002113 13 1 13.39897 2.754219 6002113 11 1 187 44727
1 0.3621084 0.5427805 0.2377097 1 23.66743 2.819172 6002113 11 0 56.54615 1.354648 6002113 13 1 187 44778
1 0.5688243 0.5852158 0.5499623 0 968.1409 1.397915 6003113 11 0 79.87444 1.4631 6003113 13 1 187 44798
1 0.6032551 0.5804401 0.5967605 0 403.3185 2.923414 6003113 11 0 116.9206 1.903387 6003113 13 1 188 44948
1 0.6032551 0.5804401 0.5967605 1 38.95766 1.461467 6003113 13 0 250.4831 2.314535 6003113 11 1 188 44953
1 0.06818588 0.017431 0.1831226 0 66.92606 2.016198 6002113 13 1 15.01857 2.440546 6002113 11 1 188 44970
1 0.7848549 0.9604481 0.6011686 1 23.89531 2.019102 6003113 11 0 170.9313 1.679785 6003113 13 1 188 45055
1 0.4787497 0.3205257 0.6027815 0 65.00754 1.594839 6002113 13 1 16.91881 2.608303 6002113 11 1 223 53358
1 0.5089338 0.3831331 0.5881627 1 35.46559 1.411752 6003113 13 0 179.3261 1.599262 6003113 11 1 223 53428
1 0.5532137 0.5752672 0.5266728 1 43.63311 1.512253 6003113 13 0 260.3955 1.473694 6003113 11 1 224 53614
1 0.5133753 0.3722426 0.6095979 0 141.115 1.524319 6003113 13 0 693.3111 2.149192 6003113 11 1 224 53642
1 0.6048125 0.5564877 0.6113285 1 31.23506 1.849644 6002113 11 1 34.97884 1.27466 6002113 13 1 224 53643
1 0.5759591 0.4876316 0.6128632 0 71.39471 1.49097 6002113 13 1 13.40174 1.48804 6002113 11 1 224 53699
1 0.5774951 0.5107735 0.5972872 0 685.2174 1.35948 6003113 11 0 116.1186 1.68404 6003113 13 1 231 55238
1 0.5718377 0.6269594 0.5167355 1 19.99921 1.643203 6002113 11 1 48.56204 1.808383 6002113 13 1 231 55311
1 0.5895806 0.6030737 0.5720374 0 73.40514 1.565707 6003113 13 0 391.7292 1.920946 6003113 11 1 231 55370
1 0.5788639 0.5982325 0.5558819 1 12.04327 1.525156 6002113 11 1 38.87086 1.505826 6002113 13 1 231 55439
1 0.5266237 0.5499548 0.4990422 0 46.85907 1.358709 6002113 13 1 11.58461 1.481049 6002113 11 1 232 55473
1 0.5836614 0.5931804 0.5673237 1 20.85118 1.451715 6002113 11 1 10.29571 2.921497 6002113 13 1 232 55608
1 0.7122802 1.022352 0.4932415 1 55.00557 2.434633 6003113 13 1 37.70638 1.658071 6003113 11 1 232 55647
1 0.6647661 0.7390303 0.5949469 1 4.983413 1.869263 6002113 11 0 43.38036 1.501325 6002113 13 1 235 56325
1 0.5546474 0.5779464 0.5268154 1 0.3724079 1.401255 6002113 11 1 21.82572 1.420713 6002113 13 1 236 56631
1 0.6573245 0.7328399 0.586741 0 189.3599 1.442183 6003113 11 0 80.22142 1.417945 6003113 13 1 263 62916
1 0.5924498 0.6074459 0.5742529 1 31.05435 1.667191 6003113 13 0 540.5018 2.295783 6003113 11 1 263 62923
1 0.5562873 0.6165259 0.4990861 1 90.30614 2.63243 6002113 13 0 84.77232 1.809976 6002113 11 1 263 63108
1 0.6412468 0.7187812 0.5687311 1 19.80345 2.246271 6002113 13 1 9.400949 2.923939 6002113 11 1 264 63194
1 0.5618237 0.6205709 0.5052561 1 66.80627 2.30425 6002113 13 1 5.732846 1.566041 6002113 11 1 289 69125
1 0.5764854 0.5951216 0.5546703 1 44.5752 1.462582 6002113 13 1 6.239239 1.704018 6002113 11 1 317 76054
1 0.5532137 0.5752672 0.5266728 1 30.80199 1.917925 6002113 11 0 59.32219 1.434004 6002113 13 1 318 76167
1 0.004855447 0.000720841 0.02619279 0 115.0395 1.741646 6003113 13 0 214.1713 4.43063 6003113 11 1 318 76232
1 0.588144 0.5054888 0.619637 0 44.1579 1.371366 6002113 11 0 79.13371 1.681944 6002113 13 1 329 78794
1 0.612693 0.570597 0.6153595 0 134.6012 1.693379 6003113 13 1 51.53242 2.485731 6003113 11 1 330 79016
1 0.7753953 0.8768815 0.6761842 1 60.92722 1.825235 6003113 13 0 47.30995 5.238211 6003113 11 1 330 79173
1 0.5918038 0.5846312 0.5797378 0 49.74821 1.433817 6002113 13 1 1.606419 1.808915 6002113 11 1 377 90281
1 0.5631819 0.4694994 0.6055688 0 475.8132 1.763758 6003113 11 1 39.92891 1.441935 6003113 13 1 377 90439
1 0.5282785 0.554262 0.4982984 0 378.4442 3.500678 6003113 11 0 174.7777 2.127467 6003113 13 1 377 90462
1 0.6086565 0.5913109 0.5998238 1 9.864098 11.37664 6002113 11 0 132.6569 1.998146 6002113 13 1 377 90476
1 0.73212 0.8401718 0.6176243 1 4.501619 4.62464 6002113 11 1 15.25575 1.71223 6002113 13 1 378 90496
1 0.5774951 0.5107735 0.5972872 1 30.11878 1.570944 6002113 13 1 14.3752 2.205114 6002113 11 1 378 90676
1 0.2639978 0.1232767 0.4426338 0 67.41103 1.39244 6002113 13 1 43.7919 7.088428 6002113 11 1 21 4851
1 0.5272219 0.5691352 0.4820344 1 27.03418 1.479815 6002113 11 0 68.89109 1.477195 6002113 13 1 22 5105
1 0.5821005 0.8557132 0.4029537 0 77.23895 1.3885 6003113 13 0 210.5283 1.475965 6003113 11 1 22 5141
1 0.08965165 0.02592053 0.2175904 0 1357.754 1.784596 6003113 11 0 76.80611 1.635023 6003113 13 1 22 5242
1 0.5631819 0.4694994 0.6055688 0 93.92645 1.498204 6003113 13 0 756.4003 2.263022 6003113 11 1 25 5766
1 0.4758722 0.3318007 0.5814311 0 68.65558 1.499908 6003113 13 0 689.9572 2.010134 6003113 11 1 26 6057
1 0.8809592 1.029419 0.71877 1 11.62327 2.142026 6002113 11 0 55.1874 1.7923 6002113 13 1 26 6099
1 0.5497594 0.569738 0.5257817 1 37.4695 1.622972 6002113 13 0 7.158072 1.499896 6002113 11 1 26 6129
1 0.4580497 0.3003624 0.5857744 1 79.02747 2.269536 6003113 13 0 259.3318 2.47476 6003113 11 1 57 13474
1 0.5477981 0.5668843 0.5250256 0 681.2144 1.452094 6003113 11 1 61.979 2.050549 6003113 13 1 57 13539
1 0.588144 0.5054888 0.619637 0 55.4368 1.483503 6003113 13 0 678.4946 1.479578 6003113 11 1 307 73598
1 0.5631819 0.4694994 0.6055688 0 1020.45 2.881218 6003113 11 0 149.2356 1.695301 6003113 13 1 307 73638
1 0.7876326 0.8878482 0.6917219 1 44.55042 2.107439 6002113 13 1 23.68978 3.417467 6002113 11 1 308 73688
1 0.55158 0.5725396 0.52633 0 219.449 3.412816 6003113 11 0 223.5886 2.056022 6003113 13 1 308 73768
1 0.5318362 0.3930153 0.6229063 0 21.38263 6.36046 6002113 11 1 53.65069 1.696499 6002113 13 1 308 73775
1 0.7834347 1.103071 0.5443225 1 6.567472 2.236265 6002113 11 1 19.4651 3.307954 6002113 13 1 349 83629
1 0.588144 0.5054888 0.619637 0 54.38026 1.408999 6002113 11 1 25.32975 1.505888 6002113 13 1 350 83802
1 0.5726925 0.4622901 0.6298592 0 153.6796 2.819237 6003113 11 1 69.28017 1.857316 6003113 13 1 350 83815
1 0.8795399 1.124261 0.6450055 1 2.453247 1.596374 6003113 11 0 155.2845 2.335622 6003113 13 1 373 89449
1 0.3621084 0.5427805 0.2377097 1 8.818124 1.686707 6002113 11 1 31.57099 1.645652 6002113 13 1 374 89570
1 0.5618237 0.6205709 0.5052561 0 86.66471 1.397267 6003113 13 0 65.72327 1.788113 6003113 11 1 374 89641
1 0.6032551 0.5804401 0.5967605 0 69.3082 1.489054 6003113 13 0 73.41925 1.564648 6003113 11 1 383 91741
1 0.5964026 0.5417793 0.6069945 1 16.49471 2.377927 6002113 13 1 18.9282 2.204511 6002113 11 1 383 91882
1 0.5573887 0.4424525 0.62027 0 754.3157 7.280932 6003113 11 0 93.6842 1.478654 6003113 13 1 384 91925
1 0.08538405 0.02321139 0.2178409 0 65.87949 1.395994 6003113 11 0 180.4061 1.407978 6003113 13 1 384 92060
1 0.4758722 0.3318007 0.5814311 0 167.8821 3.991659 6003113 11 1 46.19712 3.147489 6003113 13 1 384 92103
1 0.5179189 0.5490608 0.4833063 1 45.7363 1.664396 6002113 13 0 80.5223 1.466084 6002113 11 1 7 1594
1 0.517458 0.550009 0.4813292 0 85.81653 1.41367 6002113 11 0 84.78783 1.461022 6002113 13 1 8 1892
1 0.5562873 0.6165259 0.4990861 1 33.35584 1.981338 6002113 13 1 8.249217 3.466377 6002113 11 1 13 2925
1 0.5762507 0.6293275 0.5220752 0 94.77481 1.705353 6002113 13 0 9.158697 1.696274 6002113 11 1 13 2952
1 0.5272219 0.5691352 0.4820344 1 21.85967 2.230751 6002113 11 1 39.20718 1.841449 6002113 13 1 13 2975
1 0.1439334 0.276346 0.07151251 0 75.40821 1.393667 6002113 11 0 97.77575 2.186642 6002113 13 1 14 3275
1 0.332514 0.1831242 0.4877928 0 105.7687 1.453862 6002113 11 1 16.30743 1.350538 6002113 13 1 14 3293
1 0.01391071 0.002243285 0.06043945 0 118.8688 1.721234 6003113 13 0 403.4221 2.404717 6003113 11 1 19 4365
1 0.55158 0.5725396 0.52633 0 70.34109 1.415969 6002113 13 1 3.127886 1.387211 6002113 11 1 19 4498
1 0.5272219 0.5691352 0.4820344 1 32.17494 1.556733 6002113 13 1 36.91468 1.465977 6002113 11 1 19 4501
1 0.5295258 0.5695821 0.4857943 0 144.5361 2.339269 6003113 11 0 72.63519 1.275663 6003113 13 1 19 4542
1 0.7025557 0.9670474 0.4916945 1 29.26492 2.112064 6002113 13 0 74.6722 2.201318 6002113 11 1 20 4589
1 0.5181258 0.5478516 0.4849526 1 41.88747 2.794454 6002113 11 1 26.81384 1.766725 6002113 13 1 20 4766
1 0.5477981 0.5668843 0.5250256 0 984.4491 1.503004 6003113 11 0 72.47646 1.662132 6003113 13 1 20 4785
1 0.2589673 0.4640636 0.1403912 1 40.71583 1.51626 6002113 13 1 14.72375 1.751597 6002113 11 1 47 11151
1 0.5272219 0.5691352 0.4820344 0 47.21984 1.33808 6003113 13 0 168.9403 1.884694 6003113 11 1 47 11235
1 0.5866594 0.5983355 0.5696974 0 51.10122 1.669062 6002113 11 0 73.33307 1.746447 6002113 13 1 47 11265
1 0.5618237 0.6205709 0.5052561 0 183.3338 1.869089 6003113 11 0 182.3826 1.500142 6003113 13 1 48 11405
1 0.5759591 0.4876316 0.6128632 0 70.65102 3.071406 6002113 13 1 41.12373 1.504613 6002113 11 1 99 23577
1 0.6032551 0.5804401 0.5967605 1 24.80538 1.417269 6002113 13 1 11.0002 1.489309 6002113 11 1 99 23595
1 0.2451584 0.1116618 0.4192517 0 73.14723 1.658424 6002113 13 0 94.18697 2.190945 6002113 11 1 99 23620
1 0.5497594 0.569738 0.5257817 0 60.61016 1.548377 6002113 13 1 19.05408 1.350963 6002113 11 1 99 23688
1 0.5532137 0.5752672 0.5266728 0 60.51506 1.441474 6003113 13 0 883.2114 1.573223 6003113 11 1 99 23745
1 0.5275663 0.5521672 0.4987836 1 30.24776 1.683681 6003113 11 0 149.6979 1.4577 6003113 13 1 100 23948
1 0.7622492 0.8652949 0.6588318 1 24.23102 1.415436 6002113 13 1 42.61529 1.829969 6002113 11 1 115 27434
1 0.6086565 0.5913109 0.5998238 1 6.723697 2.093204 6002113 11 1 20.25049 1.437027 6002113 13 1 115 27495
1 0.5718377 0.6269594 0.5167355 0 54.27473 3.180303 6002113 11 1 64.94325 1.957268 6002113 13 1 115 27556
1 0.5254593 0.4028046 0.5994089 1 70.77661 2.133337 6002113 11 1 26.96132 2.191383 6002113 13 1 116 27606
1 0.7753953 0.8768815 0.6761842 0 89.87214 1.421666 6002113 11 0 56.1025 1.484493 6002113 13 1 116 27685
1 0.1269531 0.04272098 0.2737629 0 495.7667 2.734354 6003113 11 0 81.34261 1.353569 6003113 13 1 186 44496
1 0.5974015 0.5689293 0.5935574 0 17.01445 2.768278 6002113 11 0 82.65279 1.750778 6002113 13 1 186 44506
1 0.5762507 0.6293275 0.5220752 1 5.577204 1.561046 6003113 11 0 87.81067 2.012686 6003113 13 1 247 59075
1 0.5272219 0.5691352 0.4820344 0 75.49888 1.519836 6002113 13 1 61.25029 2.844105 6002113 11 1 248 59368
1 0.01035906 0.001620484 0.04726815 1 49.00678 1.542347 6002113 13 1 25.05237 1.537573 6002113 11 1 248 59423
1 0.5958909 0.5929161 0.5824302 0 69.56551 2.195158 6002113 13 1 13.43999 1.613314 6002113 11 1 253 60575
1 0.6448439 0.9391438 0.4462655 0 111.5929 1.677624 6003113 13 0 90.27271 2.060827 6003113 11 1 253 60592
1 0.5718377 0.6269594 0.5167355 0 84.55302 1.691747 6002113 13 0 5.578719 2.715396 6002113 11 1 253 60639
1 0.03952796 0.008452482 0.1246154 1 13.29806 1.436686 6002113 11 0 56.46154 1.387366 6002113 13 1 265 63371
1 0.8525429 1.008901 0.681981 1 48.29326 1.980561 6002113 13 0 59.6047 1.280743 6002113 11 1 266 63655
1 0.5866594 0.5983355 0.5696974 0 686.2776 2.029915 6003113 11 1 54.07856 1.829374 6003113 13 1 266 63676
1 0.5156123 0.5510817 0.476349 1 128.1308 13.03121 6002113 11 0 128.3316 1.575802 6002113 13 1 266 63745
1 0.5167031 0.5506821 0.479012 1 39.9643 2.515585 6002113 13 1 30.36363 1.559888 6002113 11 1 266 63818
1 0.5295258 0.5695821 0.4857943 0 54.44765 1.463159 6002113 13 1 44.37224 2.186872 6002113 11 1 282 67453
1 0.63258 0.7110067 0.558628 1 2.41334 2.124421 6002113 11 0 55.553 1.169281 6002113 13 1 282 67461
1 0.5573887 0.4424525 0.62027 0 75.05394 1.428225 6002113 11 1 40.16494 1.459194 6002113 13 1 282 67631
1 0.0200014 0.003485674 0.07836146 1 30.24766 1.425404 6002113 13 1 33.04513 1.660603 6002113 11 1 285 68346
1 0.1729784 0.06722977 0.3343768 0 90.34723 1.582933 6003113 13 0 497.2345 1.396456 6003113 11 1 286 68429
1 0.3079744 0.1583086 0.4778822 0 106.2436 2.708185 6002113 11 1 46.19109 1.623494 6002113 13 1 286 68435
1 0.6066679 0.6139975 0.5903023 1 24.05947 2.502192 6002113 13 0 80.42208 1.951286 6002113 11 1 312 74737
1 0.5477981 0.5668843 0.5250256 1 15.9833 3.161509 6002113 11 1 41.37576 1.627373 6002113 13 1 312 74878
1 0.5254593 0.4028046 0.5994089 0 174.0952 1.596082 6003113 11 0 112.5673 1.382023 6003113 13 1 355 85055
1 0.9330272 1.165662 0.6989502 0 125.0475 2.473928 6003113 11 0 141.6843 2.54741 6003113 13 1 356 85224
1 0.6647661 0.7390303 0.5949469 1 29.89788 1.500566 6002113 11 0 52.59067 1.599008 6002113 13 1 356 85295
1 0.5532137 0.5752672 0.5266728 1 42.46627 2.273726 6002113 13 1 26.35105 1.824894 6002113 11 1 356 85382
1 0.5254593 0.4028046 0.5994089 0 97.41576 2.083659 6003113 13 0 357.3879 1.124268 6003113 11 1 375 89883
1 0.02478621 0.00463422 0.08957542 1 1.754798 1.448778 6002113 11 0 56.147 1.796243 6002113 13 1 375 89996
1 0.332514 0.1831242 0.4877928 0 79.24831 1.58881 6003113 11 0 70.43899 1.477933 6003113 13 1 376 90022
1 0.5295258 0.5695821 0.4857943 0 62.25063 1.565465 6002113 13 0 70.31432 1.933216 6002113 11 1 376 90083
1 0.5155952 0.7620206 0.3528518 0 208.1398 3.87726 6003113 11 1 55.16028 1.657607 6003113 13 1 401 96018
1 0.5714342 0.5886496 0.5516996 1 7.797084 1.955342 6002113 11 1 60.85656 1.694588 6002113 13 1 401 96101
1 0.7631126 1.024915 0.5403691 0 72.01105 1.714443 6002113 13 1 0.5045022 1.293567 6002113 11 1 401 96151
1 0.8205639 0.9861007 0.6425961 0 978.5212 1.497633 6003113 11 0 69.2056 1.538647 6003113 13 1 401 96211
1 0.5477981 0.5668843 0.5250256 1 31.60368 1.753363 6002113 13 1 29.44846 1.410893 6002113 11 1 402 96349
1 0.4374391 0.2808723 0.5684127 1 37.20219 1.59189 6002113 13 1 17.99183 1.843813 6002113 11 1 402 96378
1 0.5952835 0.611509 0.5762983 0 1157.483 1.533089 6003113 11 1 35.65089 1.400826 6003113 13 1 402 96432
1 0.5821005 0.8557132 0.4029537 1 40.27905 1.532481 6002113 13 0 27.87457 1.530784 6002113 11 1 402 96450
1 0.5918038 0.5846312 0.5797378 0 81.42176 1.357056 6002113 13 1 11.56812 1.739237 6002113 11 1 407 97514
1 0.6647661 0.7390303 0.5949469 1 0.7943981 2.053816 6002113 11 1 45.74158 1.557003 6002113 13 1 407 97575
1 0.5179189 0.5490608 0.4833063 0 264.1871 1.564227 6003113 11 0 170.4475 2.024983 6003113 13 1 407 97670
1 0.6573245 0.7328399 0.586741 1 46.61149 2.421344 6002113 13 1 24.28587 1.525222 6002113 11 1 408 97684
1 0.7622492 0.8652949 0.6588318 1 34.74401 1.59236 6002113 13 1 25.65637 1.460028 6002113 11 1 408 97806
1 0.7025557 0.9670474 0.4916945 1 52.18141 1.53369 6002113 13 0 68.437 1.647756 6002113 11 1 408 97818
1 0.5089338 0.3831331 0.5881627 1 28.43672 1.382412 6002113 13 1 2.144225 1.573541 6002113 11 1 201 48009
1 0.73212 0.8401718 0.6176243 1 26.89884 1.401803 6002113 11 0 99.73579 1.416706 6002113 13 1 201 48138
1 0.1729784 0.06722977 0.3343768 0 462.4334 1.303848 6003113 11 0 158.6741 1.320536 6003113 13 1 201 48140
1 0.5958909 0.5929161 0.5824302 1 28.33366 1.470027 6002113 11 1 29.88773 1.566106 6002113 13 1 201 48187
1 0.5275663 0.5521672 0.4987836 0 54.57365 1.766261 6002113 11 0 82.9879 1.479914 6002113 13 1 202 48307
1 0.5287565 0.5561895 0.4975524 0 661.8887 1.283477 6003113 11 0 104.0085 1.646114 6003113 13 1 202 48402
1 0.3285948 0.1728787 0.5003204 0 99.44041 1.742036 6002113 13 1 42.6075 1.553863 6002113 11 1 202 48478
1 0.4947012 0.3518164 0.5957602 0 234.5726 1.725847 6003113 11 0 208.9612 1.495582 6003113 13 1 245 58566
1 0.5952835 0.611509 0.5762983 1 35.1828 1.52967 6003113 13 0 166.2489 2.057646 6003113 11 1 245 58750
1 0.5562873 0.6165259 0.4990861 0 161.1551 1.416789 6003113 13 0 596.6095 1.609644 6003113 11 1 246 58804
1 0.5631819 0.4694994 0.6055688 0 124.6898 1.864726 6002113 13 1 38.66942 1.442538 6002113 11 1 246 58859
1 0.5997004 0.600599 0.585084 1 22.45707 1.359587 6002113 13 1 25.04403 1.767378 6002113 11 1 246 58876
1 0.5762507 0.6293275 0.5220752 1 7.902242 1.514942 6002113 11 1 13.24049 1.779729 6002113 13 1 246 58902
1 0.5924498 0.6074459 0.5742529 0 7.384249 1.803744 6002113 11 1 64.13423 2.052237 6002113 13 1 246 58929
1 0.5133753 0.3722426 0.6095979 1 19.54902 2.693971 6002113 11 1 22.93626 1.85327 6002113 13 1 271 64810
1 0.5179189 0.5490608 0.4833063 0 381.9697 6.397081 6003113 11 1 109.1743 2.888147 6003113 13 1 271 64850
1 0.3079744 0.1583086 0.4778822 0 20.04689 3.270424 6002113 11 0 107.008 2.740334 6002113 13 1 272 65061
1 0.5964026 0.5417793 0.6069945 0 57.61394 1.549255 6003113 13 1 36.0947 1.437579 6003113 11 1 272 65109
1 0.5498481 0.4511571 0.5978136 0 53.07187 1.374143 6002113 11 1 43.98191 2.501193 6002113 13 1 272 65130
1 0.6412468 0.7187812 0.5687311 0 82.30644 1.42331 6003113 13 0 1004.328 1.414595 6003113 11 1 272 65219
1 0.5997004 0.600599 0.585084 0 56.08424 1.460718 6002113 13 1 13.00407 1.637232 6002113 11 1 325 77779
1 0.07638145 0.0201346 0.199904 0 160.6353 2.085972 6003113 11 0 57.74906 1.52569 6003113 13 1 325 77943
1 0.9061426 1.048168 0.7526054 1 69.18239 1.968599 6003113 13 0 548.1868 4.150603 6003113 11 1 326 78022
1 0.5764854 0.5951216 0.5546703 0 89.03051 1.424624 6002113 13 1 29.91459 1.41595 6002113 11 1 326 78087
1 0.567017 0.6240464 0.5111355 1 53.38751 2.311119 6003113 13 0 437.8327 3.304332 6003113 11 1 335 80178
1 0.5133753 0.3722426 0.6095979 1 46.28811 1.998955 6002113 11 0 110.2663 1.701582 6002113 13 1 335 80215
1 0.5213501 0.5671303 0.4736687 1 19.0274 1.457591 6002113 13 1 5.573941 1.4781 6002113 11 1 335 80246
1 0.6647661 0.7390303 0.5949469 1 26.94245 2.974822 6003113 11 0 91.08005 1.675019 6003113 13 1 336 80622
1 0.09959436 0.02969352 0.2358939 0 4.746363 1.496392 6002113 11 1 82.34766 1.947586 6002113 13 1 339 81155
1 0.55158 0.5725396 0.52633 0 198.5094 2.258328 6003113 11 0 111.9678 1.795932 6003113 13 1 339 81247
1 0.08965165 0.02592053 0.2175904 0 72.96984 1.482268 6003113 13 0 1447.893 1.64324 6003113 11 1 339 81262
1 0.5275663 0.5521672 0.4987836 1 9.814602 2.059299 6002113 11 0 55.59971 1.362723 6002113 13 1 339 81278
1 0.63258 0.7110067 0.558628 0 111.1773 1.477225 6003113 13 0 654.523 1.629175 6003113 11 1 339 81288
1 0.5089338 0.3831331 0.5881627 0 58.46817 1.979362 6002113 13 1 15.70253 1.506666 6002113 11 1 339 81309
1 0.3527923 0.1987178 0.5081832 0 515.2175 1.432663 6003113 11 0 104.6767 1.452038 6003113 13 1 339 81318
1 0.09959436 0.02969352 0.2358939 1 50.72136 1.677113 6002113 13 1 2.351454 2.24369 6002113 11 1 339 81357
1 0.02300672 0.0041003 0.08776114 0 137.0505 1.476431 6002113 13 0 122.4393 1.689895 6002113 11 1 340 81525
1 0.7834347 1.103071 0.5443225 1 37.55507 1.363995 6002113 11 1 39.94956 1.440357 6002113 13 1 415 99435
1 0.8525429 1.008901 0.681981 0 46.36079 1.414948 6002113 13 1 30.04708 1.465982 6002113 11 1 415 99479
1 0.6647661 0.7390303 0.5949469 1 16.57643 1.555594 6002113 11 0 63.63173 1.478118 6002113 13 1 415 99582
1 0.7025557 0.9670474 0.4916945 0 202.7097 2.052246 6003113 13 0 1152.212 1.658848 6003113 11 1 416 99632
1 0.6412468 0.7187812 0.5687311 1 47.8714 1.437007 6002113 11 0 95.34499 1.415946 6002113 13 1 416 99709
1 0.3621084 0.5427805 0.2377097 0 61.93518 1.471275 6002113 13 0 56.13485 1.39846 6002113 11 1 416 99773
1 0.5873008 0.5265231 0.6023225 0 660.7761 1.516803 6003113 11 0 84.29465 1.559425 6003113 13 1 299 71629
1 0.5275663 0.5521672 0.4987836 1 84.1978 2.135986 6003113 13 0 170.5353 1.28932 6003113 11 1 300 71766
1 0.2047332 0.08404274 0.3795956 1 43.61406 1.582137 6003113 13 1 18.73384 1.764386 6003113 11 1 300 71807
1 0.1532031 0.0546767 0.3159225 0 88.40773 1.690277 6002113 13 0 93.98634 1.294366 6002113 11 1 300 71888
1 0.5739795 0.5919386 0.5532731 0 3.02907 3.833349 6002113 11 1 44.47011 2.546955 6002113 13 1 300 71949
1 0.5762507 0.6293275 0.5220752 0 158.7633 2.817047 6003113 11 0 73.95908 1.866369 6003113 13 1 331 79203
1 0.6412468 0.7187812 0.5687311 1 46.95936 1.419456 6003113 13 0 226.5639 2.342597 6003113 11 1 331 79228
1 0.06818588 0.017431 0.1831226 0 171.8307 1.526484 6003113 13 0 176.0389 1.503098 6003113 11 1 332 79473
1 0.5156123 0.5510817 0.476349 0 84.63348 1.61124 6002113 13 1 30.04937 1.4601 6002113 11 1 332 79580
1 0.5498481 0.4511571 0.5978136 0 45.68702 1.225374 6003113 11 1 32.02965 1.508284 6003113 13 1 332 79611
1 0.5997004 0.600599 0.585084 0 85.2026 1.82294 6003113 13 0 1151.648 1.501786 6003113 11 1 344 82385
1 0.5924498 0.6074459 0.5742529 1 52.07648 1.557713 6002113 13 1 36.29637 1.503532 6002113 11 1 344 82462
1 0.3967369 0.2440586 0.532822 0 428.3569 5.591923 6003113 11 1 104.8875 2.762572 6003113 13 1 344 82524
1 0.5089338 0.3831331 0.5881627 0 445.7709 4.396132 6003113 11 1 108.2422 2.410137 6003113 13 1 71 16855
1 6.153415e-05 9.007431e-06 0.0002889151 1 19.56744 1.6315 6002113 11 1 31.49693 1.784654 6002113 13 1 72 17049
1 0.5788639 0.5982325 0.5558819 0 92.6586 1.705373 6002113 13 0 75.31683 2.668871 6002113 11 1 72 17053
1 0.5272219 0.5691352 0.4820344 0 85.35556 1.415226 6002113 11 0 65.43023 1.408872 6002113 13 1 72 17070
1 0.02478621 0.00463422 0.08957542 0 129.451 2.075336 6003113 13 0 753.995 2.936163 6003113 11 1 72 17227
1 0.5497594 0.569738 0.5257817 1 22.98154 1.415118 6002113 11 1 24.80291 1.466938 6002113 13 1 239 57167
1 0.1439334 0.276346 0.07151251 0 61.38425 1.373144 6002113 13 1 13.54955 1.626667 6002113 11 1 239 57222
1 0.5762507 0.6293275 0.5220752 0 97.38635 2.325861 6003113 13 1 3.148432 1.849685 6003113 11 1 239 57252
1 0.5546474 0.5779464 0.5268154 1 31.72622 4.485549 6002113 11 1 42.38355 1.853844 6002113 13 1 239 57317
1 0.5498481 0.4511571 0.5978136 0 59.96224 1.373374 6002113 11 1 45.60672 1.420662 6002113 13 1 239 57352
1 0.3736025 0.2151899 0.5285726 0 121.2738 4.657725 6003113 11 0 98.72134 1.626044 6003113 13 1 240 57392
1 0.03479059 0.007232409 0.1127152 0 70.71838 1.335282 6002113 13 1 2.819767 1.694037 6002113 11 1 241 57749
1 0.5821005 0.8557132 0.4029537 0 408.524 1.420956 6003113 11 0 175.6544 1.414866 6003113 13 1 242 57952
1 0.5282785 0.554262 0.4982984 0 120.7132 1.820597 6002113 13 1 5.616648 1.465834 6002113 11 1 242 57957
1 0.3967369 0.2440586 0.532822 1 4.311452 3.417707 6002113 11 0 146.2409 1.785139 6002113 13 1 251 60188
1 0.2221058 0.09363705 0.4034487 1 2.321235 1.630439 6003113 11 0 110.076 1.517607 6003113 13 1 252 60286
1 0.3499435 0.1883899 0.5229445 1 26.9511 1.503368 6002113 13 1 48.69406 1.535565 6002113 11 1 252 60410
1 0.2451584 0.1116618 0.4192517 0 136.0659 1.300019 6002113 11 0 77.07609 1.795699 6002113 13 1 252 60470
1 0.2589673 0.4640636 0.1403912 1 66.41594 1.71652 6002113 13 1 0.6895196 2.764 6002113 11 1 259 61955
1 0.4787497 0.3205257 0.6027815 0 321.2304 1.284716 6003113 11 0 80.67344 1.625152 6003113 13 1 259 62056
1 0.1269531 0.04272098 0.2737629 0 74.11147 1.525055 6002113 13 1 11.58209 1.67834 6002113 11 1 259 62088
1 0.5167031 0.5506821 0.479012 0 89.97691 1.889436 6003113 13 0 462.7366 2.301835 6003113 11 1 260 62255
1 0.5718377 0.6269594 0.5167355 1 27.4496 3.537646 6002113 11 1 31.14113 1.485788 6002113 13 1 260 62268
1 0.7122802 1.022352 0.4932415 1 42.00672 3.081379 6002113 11 0 57.80471 1.817504 6002113 13 1 260 62287
1 0.5910162 0.5567505 0.5901788 0 74.94383 1.478681 6003113 13 0 351.9986 2.272898 6003113 11 1 283 67726
1 0.2690341 0.1318973 0.4338007 0 163.044 1.391209 6003113 13 0 892.8879 1.738143 6003113 11 1 283 67919
1 0.5958909 0.5929161 0.5824302 1 79.94465 2.079406 6002113 13 0 126.7682 2.571487 6002113 11 1 284 68079
1 0.5918038 0.5846312 0.5797378 0 88.42913 2.004338 6003113 13 0 306.8253 1.331694 6003113 11 1 297 71048
1 0.7848549 0.9604481 0.6011686 0 52.84126 1.302643 6003113 13 0 521.0173 1.685503 6003113 11 1 297 71053
1 0.5167031 0.5506821 0.479012 1 49.95714 1.547202 6003113 13 0 1114.769 2.192912 6003113 11 1 297 71057
1 0.4374391 0.2808723 0.5684127 1 46.76685 1.412919 6002113 13 1 18.06027 1.597678 6002113 11 1 297 71274
1 0.5244987 0.5683367 0.4779848 0 653.6541 2.191838 6003113 11 0 64.00231 1.604341 6003113 13 1 298 71401
1 0.5997139 0.5230071 0.6258666 0 84.90826 1.808922 6002113 13 1 5.177521 1.589598 6002113 11 1 298 71407
1 0.2639978 0.1232767 0.4426338 0 35.36333 1.655382 6002113 11 0 45.21054 1.729065 6002113 13 1 387 92839
1 0.5726925 0.4622901 0.6298592 0 122.1685 1.792106 6002113 11 1 34.67092 1.278003 6002113 13 1 388 92948
1 0.5974015 0.5689293 0.5935574 1 16.06826 1.446882 6002113 11 0 92.6186 1.552693 6002113 13 1 388 92967
1 0.55158 0.5725396 0.52633 0 144.3578 1.648359 6003113 11 1 50.72677 1.53902 6003113 13 1 393 94299
1 0.5762507 0.6293275 0.5220752 1 28.32607 1.507312 6002113 11 0 86.93979 2.091101 6002113 13 1 394 94324
1 0.63258 0.7110067 0.558628 1 27.12856 3.182066 6003113 11 1 15.64353 1.881128 6003113 13 1 395 94672
1 0.5275663 0.5521672 0.4987836 0 154.0308 1.866942 6003113 13 0 327.9227 7.66933 6003113 11 1 396 94812
1 0.5964026 0.5417793 0.6069945 1 24.84932 1.402475 6002113 11 1 58.16051 1.583319 6002113 13 1 409 97946
1 0.5562873 0.6165259 0.4990861 1 24.14404 1.293695 6002113 13 1 12.98241 1.388895 6002113 11 1 409 98064
1 0.5133753 0.3722426 0.6095979 1 6.210618 1.746744 6002113 11 1 18.18273 1.640895 6002113 13 1 409 98071
1 0.5295258 0.5695821 0.4857943 0 125.8299 1.505059 6003113 11 0 109.8852 1.418561 6003113 13 1 409 98084
1 0.2837624 0.1357965 0.466535 0 574.5508 1.864655 6003113 11 0 68.24355 1.639399 6003113 13 1 409 98115
1 0.55158 0.5725396 0.52633 0 84.83092 1.603407 6003113 13 0 453.3805 1.756759 6003113 11 1 409 98160
1 0.5282785 0.554262 0.4982984 0 68.26216 1.585854 6002113 11 0 74.64946 1.453637 6002113 13 1 410 98161
1 0.6032776 0.6076099 0.5877098 1 42.63241 2.352479 6002113 11 1 36.85136 1.36359 6002113 13 1 410 98202
1 0.5764854 0.5951216 0.5546703 0 66.25665 1.794706 6003113 13 0 1234.056 1.490353 6003113 11 1 411 98494
1 0.5244987 0.5683367 0.4779848 1 42.7612 1.471566 6002113 13 1 22.58207 1.385276 6002113 11 1 413 98910
1 0.5244987 0.5683367 0.4779848 0 236.2528 1.85326 6003113 11 0 108.8974 1.313599 6003113 13 1 413 99073
1 0.5631819 0.4694994 0.6055688 0 291.7391 1.627906 6003113 11 0 207.509 1.688697 6003113 13 1 413 99080
1 0.01302673 0.002137652 0.05518701 0 40.63538 1.533822 6002113 11 1 31.77126 2.350955 6002113 13 1 413 99087
1 0.5282785 0.554262 0.4982984 1 36.24311 1.90034 6002113 13 1 37.79855 1.879517 6002113 11 1 413 99096
1 0.6448439 0.9391438 0.4462655 1 46.24416 1.803658 6002113 13 0 81.23819 4.217035 6002113 11 1 414 99266
1 0.3948935 0.2325427 0.5489042 0 68.38354 2.082865 6002113 11 0 64.96082 1.51206 6002113 13 1 5 974
1 0.6032776 0.6076099 0.5877098 1 26.07513 1.345392 6002113 11 0 161.3986 1.499044 6002113 13 1 6 1205
1 0.5762507 0.6293275 0.5220752 0 1401.198 2.07373 6003113 11 0 116.8174 1.525797 6003113 13 1 6 1341
1 0.01302673 0.002137652 0.05518701 0 103.7502 1.416017 6002113 13 1 54.44816 1.944992 6002113 11 1 6 1373
1 0.002631095 0.000398446 0.01506905 0 180.9904 1.6274 6003113 13 0 477.4114 2.319966 6003113 11 1 37 8766
1 0.1385775 0.2399038 0.07988315 0 484.4783 1.627728 6003113 11 0 53.05514 1.443161 6003113 13 1 38 8892
1 0.5618237 0.6205709 0.5052561 0 53.21186 1.319603 6002113 13 1 47.83854 1.525573 6002113 11 1 38 8972
1 0.5895806 0.6030737 0.5720374 0 80.62344 1.494649 6002113 13 1 53.72567 2.05422 6002113 11 1 38 8995
1 0.5254593 0.4028046 0.5994089 0 39.21354 8.621966 6002113 11 0 106.6091 2.322954 6002113 13 1 38 9064
1 0.73212 0.8401718 0.6176243 0 78.19775 1.37243 6002113 13 1 24.26748 1.512832 6002113 11 1 81 19285
1 0.5497594 0.569738 0.5257817 1 31.72426 1.523193 6002113 13 0 48.01303 2.818712 6002113 11 1 81 19415
1 0.588144 0.5054888 0.619637 0 56.41217 1.474719 6002113 13 1 1.721193 1.533182 6002113 11 1 167 39845
1 0.03952796 0.008452482 0.1246154 0 50.09026 1.271129 6002113 11 1 39.13862 1.5491 6002113 13 1 167 39862
1 0.5477981 0.5668843 0.5250256 0 34.41153 1.229151 6002113 13 0 11.27641 2.198761 6002113 11 1 167 40001
1 0.5836614 0.5931804 0.5673237 0 114.616 1.924205 6003113 13 0 135.4472 2.430593 6003113 11 1 167 40023
1 0.2690341 0.1318973 0.4338007 1 4.762398 1.974721 6002113 11 1 14.67007 1.263565 6002113 13 1 168 40202
1 0.2222533 0.3632958 0.1355449 1 33.20085 1.692682 6002113 13 1 42.67169 1.625514 6002113 11 1 168 40280
1 0.7753953 0.8768815 0.6761842 1 39.90528 1.802153 6002113 11 1 27.33129 1.530237 6002113 13 1 168 40282
1 0.5562873 0.6165259 0.4990861 1 18.44696 1.423753 6002113 13 1 48.54237 1.421945 6002113 11 1 229 54800
1 0.8225547 1.0774 0.5917727 1 21.40564 1.461309 6002113 11 0 65.62865 1.471178 6002113 13 1 229 54867
1 0.2690341 0.1318973 0.4338007 0 605.1458 3.82634 6003113 11 1 49.18004 1.448742 6003113 13 1 229 54892
1 0.5964026 0.5417793 0.6069945 0 116.3073 5.789792 6002113 11 1 65.92864 3.842274 6002113 13 1 230 54987
1 0.5314228 0.5697247 0.4892392 0 67.7358 1.474151 6002113 11 1 43.60661 1.485549 6002113 13 1 230 55097
1 0.5714342 0.5886496 0.5516996 1 50.91955 1.605086 6002113 13 1 1.529214 2.655697 6002113 11 1 230 55125
1 0.5759591 0.4876316 0.6128632 1 47.89251 1.853929 6003113 13 0 392.4066 3.34878 6003113 11 1 230 55190
1 0.7479302 0.8530712 0.6393862 1 15.01459 2.396134 6002113 11 0 47.58034 1.365009 6002113 13 1 230 55195
1 0.1883655 0.07525583 0.3565631 1 12.56901 1.612815 6002113 11 1 38.81255 1.618271 6002113 13 1 315 75370
1 0.3967369 0.2440586 0.532822 0 75.00392 1.842077 6003113 13 0 180.6492 1.591274 6003113 11 1 315 75492
1 0.0200014 0.003485674 0.07836146 0 113.4547 1.817052 6002113 11 1 17.33697 1.231393 6002113 13 1 315 75493
1 0.03952796 0.008452482 0.1246154 0 38.72339 1.240851 6003113 13 0 527.9502 1.753723 6003113 11 1 315 75509
1 0.4758722 0.3318007 0.5814311 0 950.2544 4.190646 6003113 11 0 139.6695 2.294986 6003113 13 1 315 75532
1 0.5295258 0.5695821 0.4857943 1 30.21658 1.876974 6002113 11 0 79.45979 1.51412 6002113 13 1 316 75816
1 0.2881128 0.1446569 0.4556899 0 176.579 1.368309 6003113 13 1 14.40938 1.435838 6003113 11 1 321 76909
1 0.5764854 0.5951216 0.5546703 0 118.1171 1.541823 6003113 13 0 81.04443 1.572505 6003113 11 1 321 76960
1 0.5282785 0.554262 0.4982984 1 21.07376 1.448298 6002113 11 1 34.30826 1.947822 6002113 13 1 322 77158
1 0.7025557 0.9670474 0.4916945 1 39.06263 1.893076 6003113 13 0 377.3992 1.744074 6003113 11 1 327 78317
1 0.5952835 0.611509 0.5762983 0 65.4213 1.463287 6003113 13 0 1139.821 2.592425 6003113 11 1 327 78372
1 0.5997139 0.5230071 0.6258666 0 102.0149 1.691188 6003113 13 0 74.20705 2.932943 6003113 11 1 328 78515
1 0.5997139 0.5230071 0.6258666 1 72.63934 1.873251 6002113 13 0 27.99576 5.490897 6002113 11 1 328 78564
1 0.5788639 0.5982325 0.5558819 1 44.89983 1.83833 6002113 13 1 50.01115 1.56094 6002113 11 1 328 78681
1 0.649493 0.7260728 0.5780458 0 65.65413 2.363987 6002113 13 0 87.86332 1.553187 6002113 11 1 353 84494
1 0.6448439 0.9391438 0.4462655 0 74.73867 1.50844 6003113 13 0 616.5692 1.860225 6003113 11 1 353 84653
1 0.8205639 0.9861007 0.6425961 1 42.82891 1.537778 6003113 11 1 42.56134 1.488658 6003113 13 1 353 84696
1 0.3527923 0.1987178 0.5081832 1 26.16845 2.137837 6002113 13 1 75.28239 3.329513 6002113 11 1 354 84799
1 0.5295258 0.5695821 0.4857943 1 1.63381 1.298843 6002113 11 1 43.58561 2.07404 6002113 13 1 354 84907
1 0.5179189 0.5490608 0.4833063 0 126.6247 1.937643 6002113 13 0 2.814388 5.725366 6002113 11 1 359 85952
1 0.5477981 0.5668843 0.5250256 1 19.21013 1.832109 6002113 11 0 56.63009 1.594977 6002113 13 1 359 86007
1 0.588144 0.5054888 0.619637 1 54.6658 1.582872 6003113 13 0 310.4289 3.427066 6003113 11 1 359 86064
1 0.5866594 0.5983355 0.5696974 0 68.0179 4.014207 6002113 11 0 92.66 1.98268 6002113 13 1 359 86065
1 0.9061426 1.048168 0.7526054 0 147.8166 1.4129 6003113 13 0 736.7686 1.897197 6003113 11 1 359 86118
1 0.5155952 0.7620206 0.3528518 0 134.7673 1.672831 6003113 13 0 922.9189 1.756995 6003113 11 1 360 86168
1 0.2639978 0.1232767 0.4426338 0 113.9581 1.373987 6002113 13 0 85.98517 1.432803 6002113 11 1 360 86181
1 0.5089338 0.3831331 0.5881627 1 28.08201 1.396389 6002113 11 0 110.8139 1.44806 6002113 13 1 363 86882
1 0.5924498 0.6074459 0.5742529 1 4.86732 1.429312 6002113 11 1 25.85006 4.476957 6002113 13 1 364 87131
1 0.4609929 0.6820365 0.3120403 1 31.93485 2.364308 6002113 13 1 15.0992 1.656739 6002113 11 1 364 87242
1 0.6136458 0.6014555 0.6027775 1 36.40164 1.357858 6002113 11 0 148.1182 1.495638 6002113 13 1 367 87901
1 0.6647661 0.7390303 0.5949469 1 31.2746 1.596776 6002113 13 1 5.111115 1.4849 6002113 11 1 367 87973
1 0.03479059 0.007232409 0.1127152 0 24.73038 1.649346 6002113 11 1 20.35959 1.520915 6002113 13 1 367 88025
1 0.6066679 0.6139975 0.5903023 1 2.829036 1.401951 6003113 11 0 68.49028 1.417677 6003113 13 1 79 18722
1 0.0607434 0.01506151 0.1674532 0 80.48273 1.091016 6003113 11 0 107.7234 1.910039 6003113 13 1 79 18775
1 0.001829603 0.00029073 0.01089172 0 57.45627 1.434194 6003113 13 0 411.3055 1.670642 6003113 11 1 79 18806
1 0.2451584 0.1116618 0.4192517 1 73.86019 1.997643 6003113 13 0 122.0902 1.537059 6003113 11 1 86 20488
1 0.5287565 0.5561895 0.4975524 0 1052.496 2.828055 6003113 11 1 68.22456 2.742884 6003113 13 1 87 20653
1 0.5498481 0.4511571 0.5978136 0 99.83331 1.685405 6003113 13 0 1261.504 1.781626 6003113 11 1 87 20655
1 0.55158 0.5725396 0.52633 0 67.7829 2.153563 6002113 11 1 22.75908 2.022599 6002113 13 1 87 20683
1 0.63258 0.7110067 0.558628 0 416.6457 1.478544 6003113 11 1 36.42828 1.630367 6003113 13 1 88 21012
1 0.5244987 0.5683367 0.4779848 0 158.8441 1.555253 6002113 13 1 11.37241 1.57764 6002113 11 1 88 21056
1 0.6647661 0.7390303 0.5949469 0 485.3867 1.350866 6003113 11 1 51.19849 1.45833 6003113 13 1 88 21085
1 0.5167031 0.5506821 0.479012 1 4.540671 1.807098 6002113 11 1 24.34568 3.339757 6002113 13 1 107 25634
1 0.5836614 0.5931804 0.5673237 1 12.54206 1.930334 6001113 13 1 20.77925 2.198261 6001113 11 1 108 25877
1 0.6048125 0.5564877 0.6113285 0 251.8558 1.586808 6003113 11 0 104.1058 1.591496 6003113 13 1 117 27898
1 0.5266237 0.5499548 0.4990422 0 54.62135 1.653031 6002113 13 1 5.003893 2.111375 6002113 11 1 368 88228
1 0.588144 0.5054888 0.619637 1 16.01765 1.691859 6002113 11 1 40.52642 1.923795 6002113 13 1 371 88809
1 0.5181258 0.5478516 0.4849526 0 93.72176 1.572916 6002113 13 1 21.15704 1.527516 6002113 11 1 371 88873
1 0.5762507 0.6293275 0.5220752 1 38.68305 1.579987 6002113 13 1 41.25811 1.507143 6002113 11 1 371 88900
1 0.5631819 0.4694994 0.6055688 1 25.11932 2.129452 6002113 13 1 18.3546 1.54387 6002113 11 1 371 88936
1 0.5836614 0.5931804 0.5673237 0 82.67352 1.51035 6002113 13 1 63.65494 3.813974 6002113 11 1 371 88968
1 0.6066679 0.6139975 0.5903023 1 5.60888 2.492016 6002113 11 1 40.51331 2.471692 6002113 13 1 372 89079
1 0.5272219 0.5691352 0.4820344 0 78.10759 1.588623 6002113 13 1 14.55261 1.80365 6002113 11 1 372 89158
1 0.5895806 0.6030737 0.5720374 1 18.89634 1.415081 6002113 11 0 74.11558 1.431446 6002113 13 1 372 89221
1 0.7122802 1.022352 0.4932415 0 73.1487 1.501436 6002113 13 1 14.66879 2.196533 6002113 11 1 391 93613
1 0.5714342 0.5886496 0.5516996 0 60.9467 1.3037 6002113 11 1 13.05729 1.550269 6002113 13 1 391 93680
1 0.5532137 0.5752672 0.5266728 1 80.99709 3.054754 6003113 13 0 162.5882 4.094293 6003113 11 1 391 93756
1 0.00130511 0.0002221223 0.00787947 1 22.51198 1.731808 6002113 11 1 50.54252 1.607973 6002113 13 1 391 93824
1 0.7848549 0.9604481 0.6011686 1 14.20246 3.132885 6002113 11 0 55.69175 1.815737 6002113 13 1 391 93830
1 0.4166096 0.2507721 0.5691213 1 47.11177 1.446963 6002113 13 1 39.70452 1.56007 6002113 11 1 392 93856
1 0.5964026 0.5417793 0.6069945 0 415.0401 1.536948 6003113 11 1 19.52176 1.555886 6003113 13 1 392 93869
1 0.05400157 0.01299014 0.1528512 0 60.5576 3.825798 6003113 11 0 148.6035 1.467364 6003113 13 1 392 93962
1 0.5718377 0.6269594 0.5167355 0 54.04718 1.473795 6003113 13 0 104.2537 1.350977 6003113 11 1 392 93980
1 0.9061426 1.048168 0.7526054 0 247.9128 4.062588 6003113 11 0 60.81544 1.637797 6003113 13 1 392 94018
1 0.5295258 0.5695821 0.4857943 0 474.9652 1.405225 6003113 11 1 27.03342 1.449494 6003113 13 1 403 96525
1 0.3339646 0.5860365 0.187451 0 384.6345 1.729756 6003113 13 0 182.9889 2.010529 6003113 11 1 403 96558
1 0.1729784 0.06722977 0.3343768 0 663.561 1.525387 6003113 11 1 35.35484 1.890612 6003113 13 1 403 96667
1 0.5631819 0.4694994 0.6055688 0 78.06884 1.524997 6003113 11 0 60.00354 2.198487 6003113 13 1 404 96892
1 0.5759591 0.4876316 0.6128632 0 276.3549 3.188787 6003113 11 1 51.79006 2.021921 6003113 13 1 404 96905
1 0.6136458 0.6014555 0.6027775 1 0.2106592 1.430837 6002113 11 0 77.56771 1.646194 6002113 13 1 1 121
1 0.5688243 0.5852158 0.5499623 1 48.28641 1.61146 6002113 13 1 37.02378 2.103713 6002113 11 1 2 352
1 0.7848549 0.9604481 0.6011686 1 4.525753 1.314196 6002113 11 1 54.97863 1.889974 6002113 13 1 35 8382
1 0.3948935 0.2325427 0.5489042 0 54.12645 1.382007 6002113 13 1 1.663631 1.514975 6002113 11 1 36 8496
1 0.6086565 0.5913109 0.5998238 1 36.25993 3.01693 6003113 11 0 117.1721 1.713487 6003113 13 1 36 8517
1 0.5314228 0.5697247 0.4892392 1 23.74128 1.369715 6002113 13 1 33.35459 1.532982 6002113 11 1 36 8576
1 0.5997004 0.600599 0.585084 0 38.53228 1.628636 6002113 11 1 35.73288 1.510593 6002113 13 1 36 8610
1 0.5213501 0.5671303 0.4736687 1 7.276548 3.476833 6002113 11 0 111.8641 1.558649 6002113 13 1 159 37927
1 0.5287565 0.5561895 0.4975524 0 104.7983 1.403669 6002113 11 0 117.5398 1.44602 6002113 13 1 160 38292
1 0.517458 0.550009 0.4813292 0 259.3406 1.706794 6003113 11 0 90.89195 1.591882 6003113 13 1 160 38309
1 0.5895806 0.6030737 0.5720374 0 66.63673 1.503596 6003113 11 0 139.6717 1.34846 6003113 13 1 169 40368
1 0.5314228 0.5697247 0.4892392 0 6.536042 10.04572 6002113 11 1 36.82848 2.659234 6002113 13 1 169 40511
1 0.5873008 0.5265231 0.6023225 1 19.6279 1.571893 6002113 11 1 30.46043 1.897199 6002113 13 1 211 50562
1 0.3948935 0.2325427 0.5489042 0 60.36088 1.608768 6002113 11 1 37.92068 1.489316 6002113 13 1 212 50656
1 0.5562873 0.6165259 0.4990861 1 57.06086 1.575217 6003113 13 1 60.63401 2.640311 6003113 11 1 212 50837
1 0.6048125 0.5564877 0.6113285 0 22.85071 4.396861 6002113 11 1 53.7948 1.868791 6002113 13 1 212 50854
1 0.5739795 0.5919386 0.5532731 0 236.4126 1.468232 6003113 11 0 59.71469 1.477699 6003113 13 1 212 50877
1 0.2134936 0.3632048 0.1270969 0 133.3739 1.659155 6002113 11 0 50.79615 1.378643 6002113 13 1 257 61554
1 0.5873008 0.5265231 0.6023225 1 24.02698 2.422731 6002113 11 0 66.82514 1.623767 6002113 13 1 257 61586
1 0.5762507 0.6293275 0.5220752 0 159.5375 1.45997 6003113 11 0 65.94958 1.451448 6003113 13 1 257 61588
1 0.05400157 0.01299014 0.1528512 0 40.4039 1.404707 6002113 13 1 36.48341 2.54869 6002113 11 1 261 62414
1 0.2589673 0.4640636 0.1403912 0 39.48907 1.271548 6002113 11 1 26.89641 1.709724 6002113 13 1 262 62733
1 0.3171137 0.5267799 0.1917663 1 5.155672 1.597502 6002113 11 1 45.74207 1.667226 6002113 13 1 262 62763
1 0.01736219 0.002962011 0.06984233 0 20.60686 12.10619 6002113 11 1 62.92508 2.93685 6002113 13 1 262 62819
1 0.6136458 0.6014555 0.6027775 1 5.774404 1.283167 6002113 11 0 66.31597 1.654803 6002113 13 1 303 72560
1 0.6032551 0.5804401 0.5967605 0 100.1216 1.473074 6003113 13 0 734.5886 2.705021 6003113 11 1 303 72681
1 0.05072705 0.01149535 0.1514777 1 39.08177 1.43687 6002113 13 0 30.23575 4.612477 6002113 11 1 304 72776
1 0.5762507 0.6293275 0.5220752 1 15.04276 1.667896 6002113 13 1 4.27426 1.766487 6002113 11 1 333 79801
1 0.5718377 0.6269594 0.5167355 0 78.85796 1.596705 6002113 13 1 15.22337 2.763277 6002113 11 1 333 79879
1 0.5688243 0.5852158 0.5499623 0 109.6075 1.803674 6003113 13 0 374.3905 2.457003 6003113 11 1 333 79892
1 0.514408 1.089337 0.238378 1 43.1241 1.900295 6002113 11 0 49.42703 1.250486 6002113 13 1 361 86476
1 0.5498481 0.4511571 0.5978136 1 13.7918 1.372729 6002113 11 1 32.67229 1.524141 6002113 13 1 361 86509
1 0.6647661 0.7390303 0.5949469 1 53.10254 2.033428 6002113 13 1 21.24969 2.479463 6002113 11 1 361 86545
1 0.5275663 0.5521672 0.4987836 0 68.45379 2.21269 6002113 13 1 30.54963 2.003331 6002113 11 1 361 86584
1 0.5287565 0.5561895 0.4975524 0 69.63673 1.49222 6003113 11 1 32.35145 1.355707 6003113 13 1 362 86769
1 0.6032551 0.5804401 0.5967605 1 9.105138 1.458261 6002113 11 1 38.74417 1.495036 6002113 13 1 366 87763
1 0.03241327 0.006380578 0.1109184 0 59.16431 1.722888 6002113 13 1 7.949006 1.365766 6002113 11 1 366 87810
1 0.8809592 1.029419 0.71877 1 25.61866 1.495698 6002113 13 0 90.28735 1.797122 6002113 11 1 366 87826
1 0.5910162 0.5567505 0.5901788 1 41.34116 2.838231 6002113 13 1 3.112874 3.940293 6002113 11 1 369 88359
1 0.4758722 0.3318007 0.5814311 0 118.402 1.530056 6003113 11 0 150.3122 1.397918 6003113 13 1 369 88366
1 0.517458 0.550009 0.4813292 1 31.18753 1.390858 6002113 13 1 3.329412 4.470187 6002113 11 1 369 88370
1 0.001829603 0.00029073 0.01089172 1 25.8362 1.446626 6002113 13 0 79.13422 1.499838 6002113 11 1 369 88373
1 0.5275663 0.5521672 0.4987836 1 7.688678 1.497298 6002113 11 1 53.35556 1.483153 6002113 13 1 369 88411
1 0.5952835 0.611509 0.5762983 0 515.718 2.287354 6003113 11 0 74.67256 1.562471 6003113 13 1 370 88650
1 0.5156123 0.5510817 0.476349 1 39.17904 1.404434 6002113 13 1 4.244264 1.415908 6002113 11 1 9 2013
1 0.5762507 0.6293275 0.5220752 1 18.74388 1.790262 6002113 11 1 21.94213 1.615026 6002113 13 1 10 2264
1 0.5739795 0.5919386 0.5532731 0 152.6242 2.427841 6003113 11 0 60.24313 2.11997 6003113 13 1 10 2355
1 0.7753953 0.8768815 0.6761842 1 45.59316 2.311887 6003113 13 0 88.33454 4.26077 6003113 11 1 10 2375
1 0.5774951 0.5107735 0.5972872 0 112.0593 1.520698 6002113 13 1 3.811833 1.802309 6002113 11 1 101 24144
1 0.04482308 0.009864578 0.1375179 0 58.67612 2.494634 6002113 13 1 31.46959 1.4373 6002113 11 1 101 24185
1 0.5532137 0.5752672 0.5266728 1 46.23315 1.44519 6002113 13 1 0.3056181 1.821949 6002113 11 1 102 24261
1 0.5910162 0.5567505 0.5901788 1 20.82395 1.420187 6002113 11 0 70.12139 1.63479 6002113 13 1 102 24313
1 0.5244987 0.5683367 0.4779848 1 30.43542 1.711566 6002113 11 0 89.63084 2.278049 6002113 13 1 111 26406
1 0.5497594 0.569738 0.5257817 1 33.26427 1.514741 6002113 13 1 29.77335 1.580498 6002113 11 1 111 26513
1 0.5918038 0.5846312 0.5797378 0 79.9795 1.358285 6002113 13 1 41.11628 1.588874 6002113 11 1 112 26721
1 0.7025557 0.9670474 0.4916945 1 52.16441 1.942303 6003113 13 0 59.50378 1.436756 6003113 11 1 112 26746
1 0.6066679 0.6139975 0.5903023 0 224.1261 2.403992 6003113 13 0 269.2291 4.283905 6003113 11 1 149 35576
1 0.7753953 0.8768815 0.6761842 0 770.5858 1.652585 6003113 11 1 42.43273 1.794075 6003113 13 1 150 35987
1 0.5739795 0.5919386 0.5532731 0 111.927 1.741964 6002113 13 0 20.30884 3.332505 6002113 11 1 151 36013
1 0.6032551 0.5804401 0.5967605 1 32.89787 2.074169 6002113 11 0 69.2734 1.45876 6002113 13 1 151 36150
1 0.6032776 0.6076099 0.5877098 1 38.34833 2.812123 6002113 11 0 76.05228 1.251932 6002113 13 1 152 36301
1 0.5181258 0.5478516 0.4849526 1 67.01253 1.856284 6003113 11 1 46.55703 3.792247 6003113 13 1 152 36320
1 0.008925156 0.001378365 0.04169885 0 36.77385 1.362403 6002113 13 1 9.226872 17.36406 6002113 11 1 152 36337
1 0.2221058 0.09363705 0.4034487 0 205.2808 1.315397 6003113 11 1 44.66758 1.355971 6003113 13 1 153 36642
1 0.5275663 0.5521672 0.4987836 1 31.4601 1.475866 6002113 13 1 28.54709 1.63861 6002113 11 1 154 36765
1 0.5272219 0.5691352 0.4820344 0 68.65666 1.530649 6003113 13 0 350.1396 1.357893 6003113 11 1 154 36828
1 0.55158 0.5725396 0.52633 0 58.27073 1.696362 6002113 13 1 55.30539 3.220322 6002113 11 1 154 36892
1 0.5416277 0.4226007 0.6101028 0 63.53823 1.616268 6002113 13 1 33.42441 1.694106 6002113 11 1 175 41821
1 0.5244179 0.7743813 0.3627396 1 42.64846 1.429826 6002113 13 1 3.970262 1.42983 6002113 11 1 175 41837
1 0.2221058 0.09363705 0.4034487 1 27.01638 1.880008 6002113 11 0 74.98643 1.529807 6002113 13 1 176 42012
1 0.5155952 0.7620206 0.3528518 0 89.07291 2.228011 6003113 13 0 172.5889 1.972932 6003113 11 1 176 42154
1 0.649493 0.7260728 0.5780458 1 61.89515 2.228319 6002113 13 0 34.62893 3.492229 6002113 11 1 219 52363
1 0.6573245 0.7328399 0.586741 0 291.5677 1.481562 6003113 11 0 87.22476 1.477651 6003113 13 1 219 52388
1 0.5788639 0.5982325 0.5558819 0 86.74799 1.80166 6002113 13 1 0.00889868 1.854593 6002113 11 1 219 52401
1 0.5618237 0.6205709 0.5052561 0 42.3094 1.976544 6002113 11 1 28.07817 2.722942 6002113 13 1 220 52578
1 0.1883655 0.07525583 0.3565631 1 36.40816 2.060492 6002113 11 1 30.22566 1.731377 6002113 13 1 220 52610
1 0.5688243 0.5852158 0.5499623 1 37.60153 1.627906 6002113 13 0 58.51123 1.428631 6002113 11 1 255 60973
1 0.5179189 0.5490608 0.4833063 0 202.1266 1.60578 6003113 11 0 47.85668 1.445719 6003113 13 1 255 60978
1 0.6048125 0.5564877 0.6113285 1 12.6553 1.606463 6002113 11 1 38.28325 1.69504 6002113 13 1 255 61060
1 0.7122802 1.022352 0.4932415 1 61.16487 2.025464 6002113 13 1 7.805187 1.727068 6002113 11 1 256 61202
1 0.5477981 0.5668843 0.5250256 1 42.51312 1.368596 6002113 11 0 81.50227 1.441145 6002113 13 1 256 61354
1 0.6647661 0.7390303 0.5949469 0 430.7196 1.373758 6003113 11 0 208.2872 1.515579 6003113 13 1 301 72026
1 0.03479059 0.007232409 0.1127152 0 39.35765 1.289186 6003113 13 1 74.94135 3.050974 6003113 11 1 301 72054
1 0.649493 0.7260728 0.5780458 1 47.61223 1.925503 6002113 13 1 2.187951 3.76473 6002113 11 1 301 72084
1 0.5497594 0.569738 0.5257817 0 87.13509 2.237972 6003113 13 0 86.01933 1.567183 6003113 11 1 302 72415
1 0.5726925 0.4622901 0.6298592 0 49.50788 1.664342 6002113 11 1 35.54463 2.218064 6002113 13 1 302 72419
1 0.5266237 0.5499548 0.4990422 0 228.7994 1.562885 6003113 11 0 63.58574 1.470566 6003113 13 1 302 72450
1 0.517458 0.550009 0.4813292 1 60.21636 2.379222 6002113 13 0 81.07172 1.40836 6002113 11 1 302 72457
1 0.008248657 0.001247956 0.04032122 1 11.49755 1.361272 6002113 13 1 0.8978925 1.348651 6002113 11 1 310 74183
1 0.5290058 0.5579008 0.4965126 0 88.34493 1.626095 6002113 13 1 9.178719 1.507323 6002113 11 1 310 74308
1 0.5497594 0.569738 0.5257817 0 67.5856 1.417199 6002113 13 0 67.74444 1.448606 6002113 11 1 310 74349
1 0.5155952 0.7620206 0.3528518 1 38.90583 1.930971 6002113 13 1 28.00356 1.32987 6002113 11 1 319 76492
1 0.5546474 0.5779464 0.5268154 1 33.93425 1.452036 6002113 13 1 9.586085 1.504333 6002113 11 1 320 76588
1 0.4947012 0.3518164 0.5957602 1 55.56498 1.794118 6003113 13 1 36.60625 2.805535 6003113 11 1 320 76692
1 0.7876326 0.8878482 0.6917219 1 5.946862 1.680977 6002113 11 1 25.19374 2.269596 6002113 13 1 320 76752
1 0.006089109 0.0009090437 0.03104627 1 104.7613 3.091557 6002113 11 1 23.14841 1.203477 6002113 13 1 323 77454
1 0.588144 0.5054888 0.619637 0 267.7078 1.442155 6003113 11 0 112.6046 1.48685 6003113 13 1 323 77479
1 0.3736025 0.2151899 0.5285726 0 437.5136 5.155696 6003113 11 0 55.36217 1.168634 6003113 13 1 324 77755
1 0.5714342 0.5886496 0.5516996 1 42.92669 2.27777 6002113 13 0 117.9632 1.539577 6002113 11 1 337 80687
1 0.5290058 0.5579008 0.4965126 0 85.22858 1.800789 6003113 13 0 84.26863 1.640391 6003113 11 1 337 80704
1 0.612693 0.570597 0.6153595 0 58.24916 1.183441 6002113 11 0 115.6575 1.215153 6002113 13 1 337 80741
1 0.5573887 0.4424525 0.62027 0 291.5353 1.404432 6003113 11 0 125.621 1.422057 6003113 13 1 338 81008
1 0.3339646 0.5860365 0.187451 0 28.0197 2.556104 6002113 11 1 28.6435 1.60331 6002113 13 1 345 82615
1 0.9330272 1.165662 0.6989502 0 117.7554 1.962853 6003113 13 0 278.2438 3.706985 6003113 11 1 345 82623
1 0.5910162 0.5567505 0.5901788 0 78.91576 1.440535 6002113 13 1 1.440818 1.591728 6002113 11 1 345 82652
1 0.1396007 0.04838719 0.2943295 1 39.18961 1.947547 6002113 13 1 8.632625 1.417256 6002113 11 1 345 82656
1 0.4191984 0.6366879 0.2704611 0 149.4238 1.397436 6002113 11 1 28.66461 1.602346 6002113 13 1 345 82694
1 0.5714342 0.5886496 0.5516996 0 59.94453 1.830795 6002113 11 1 50.92374 1.708821 6002113 13 1 345 82699
1 0.04482308 0.009864578 0.1375179 1 23.55696 1.390517 6002113 11 0 52.86906 1.451213 6002113 13 1 346 82891
1 0.3285948 0.1728787 0.5003204 0 120.6203 1.655593 6002113 13 0 12.29319 3.02037 6002113 11 1 357 85477
1 0.5318362 0.3930153 0.6229063 0 698.0096 2.912876 6003113 11 0 70.24067 1.327167 6003113 13 1 358 85702
1 0.5272219 0.5691352 0.4820344 1 38.83775 1.439327 6002113 13 1 2.984879 1.451894 6002113 11 1 358 85881
1 0.5416277 0.4226007 0.6101028 1 38.51332 2.585969 6002113 11 0 105.1308 1.6471 6002113 13 1 29 6748
1 0.9061426 1.048168 0.7526054 0 921.4398 1.987718 6003113 11 0 80.16962 1.511505 6003113 13 1 29 6774
1 0.06818588 0.017431 0.1831226 1 26.51696 1.530548 6002113 11 0 87.8749 1.550542 6002113 13 1 29 6811
1 0.5318362 0.3930153 0.6229063 1 15.61753 1.490379 6002113 11 1 41.77752 1.481058 6002113 13 1 29 6865
1 0.5254593 0.4028046 0.5994089 1 26.8828 1.722294 6002113 11 1 24.77648 1.420353 6002113 13 1 29 6899
1 0.5213501 0.5671303 0.4736687 0 100.9528 1.439476 6002113 11 0 57.30577 1.319 6002113 13 1 30 7026
1 0.5836614 0.5931804 0.5673237 1 31.17309 1.384704 6002113 13 1 23.43195 1.738513 6002113 11 1 30 7052
1 0.4609929 0.6820365 0.3120403 0 173.8163 1.623993 6003113 11 0 55.03885 1.820149 6003113 13 1 30 7200
1 0.5181258 0.5478516 0.4849526 0 102.8978 1.74413 6003113 13 0 787.8011 1.613681 6003113 11 1 49 11619
1 0.5718377 0.6269594 0.5167355 0 536.8231 2.899564 6003113 11 0 140.9662 1.578279 6003113 13 1 49 11657
1 0.5167031 0.5506821 0.479012 1 36.90714 2.113487 6002113 11 1 67.37821 1.839053 6002113 13 1 49 11738
1 0.6032776 0.6076099 0.5877098 0 79.1629 1.433941 6003113 13 1 32.26499 2.788169 6003113 11 1 50 11851
1 0.5746185 0.8494006 0.3960752 0 101.4374 1.563487 6002113 11 0 58.02024 1.557742 6002113 13 1 50 11921
1 0.6573245 0.7328399 0.586741 1 21.84398 1.445463 6001113 13 1 2.023111 1.797587 6001113 11 1 50 11968
1 0.8795399 1.124261 0.6450055 1 28.72801 1.427608 6003113 13 0 2092.05 1.367 6003113 11 1 55 13012
1 0.5532137 0.5752672 0.5266728 1 176.0032 5.372084 6003113 11 1 24.50831 1.50468 6003113 13 1 55 13088
1 0.6066679 0.6139975 0.5903023 0 78.49112 1.517482 6003113 11 0 119.7722 1.350262 6003113 13 1 56 13208
1 0.5275663 0.5521672 0.4987836 0 112.9391 1.577071 6003113 11 1 33.05882 2.059186 6003113 13 1 73 17286
1 0.6647661 0.7390303 0.5949469 0 56.60006 1.491895 6002113 13 1 18.52219 2.08602 6002113 11 1 73 17518
1 0.5213501 0.5671303 0.4736687 0 110.6996 1.643319 6002113 11 1 49.26736 1.702042 6002113 13 1 74 17608
1 0.332514 0.1831242 0.4877928 1 51.89156 1.648342 6002113 11 0 111.3168 1.247164 6002113 13 1 74 17738
1 0.3339646 0.5860365 0.187451 1 35.74487 1.86599 6002113 11 0 82.01876 1.321906 6002113 13 1 77 18332
1 0.55158 0.5725396 0.52633 0 134.5568 1.772334 6003113 13 1 17.35032 1.397665 6003113 11 1 78 18608
1 0.5266237 0.5499548 0.4990422 1 66.3368 2.151432 6003113 13 0 956.4378 2.046556 6003113 11 1 78 18620
1 0.3527923 0.1987178 0.5081832 1 36.50871 1.442853 6002113 13 0 129.1208 1.408234 6002113 11 1 93 22135
1 0.5254593 0.4028046 0.5994089 0 47.22869 1.457791 6003113 13 0 306.4245 2.078759 6003113 11 1 93 22286
1 0.649493 0.7260728 0.5780458 1 0.4452176 1.957723 6002113 11 1 61.21337 2.240672 6002113 13 1 93 22299
1 0.5718377 0.6269594 0.5167355 1 12.49992 1.595086 6002113 13 0 145.0688 1.442873 6002113 11 1 94 22329
1 0.5290058 0.5579008 0.4965126 0 81.57648 1.560804 6003113 13 0 348.2516 1.57919 6003113 11 1 94 22375
1 0.5952835 0.611509 0.5762983 1 41.86874 1.55509 6002113 13 1 13.17433 1.469517 6002113 11 1 94 22415
1 0.5714342 0.5886496 0.5516996 0 69.32281 1.528111 6002113 13 1 23.52859 1.478875 6002113 11 1 94 22514
1 0.5788639 0.5982325 0.5558819 1 34.22673 2.607965 6002113 13 1 17.65953 1.836827 6002113 11 1 103 24701
1 0.5618237 0.6205709 0.5052561 0 98.14542 1.666251 6003113 13 0 81.50164 1.768964 6003113 11 1 104 24801
1 0.5774951 0.5107735 0.5972872 0 227.8817 2.338854 6003113 11 0 77.57185 1.755343 6003113 13 1 104 24890
1 0.6066679 0.6139975 0.5903023 1 26.24576 1.400452 6002113 13 1 25.35711 1.504481 6002113 11 1 104 24914
1 0.4569478 0.3122552 0.56665 1 5.872577 2.513039 6002113 11 1 43.23695 1.599593 6002113 13 1 119 28347
1 0.09959436 0.02969352 0.2358939 0 19.13167 1.458207 6002113 11 0 114.6912 1.384297 6002113 13 1 119 28372
1 0.0607434 0.01506151 0.1674532 1 35.32318 1.673067 6002113 13 1 17.97567 1.812255 6002113 11 1 119 28388
1 0.332514 0.1831242 0.4877928 0 109.8961 3.262395 6002113 11 1 39.92483 1.829628 6002113 13 1 119 28432
1 0.63258 0.7110067 0.558628 0 101.9961 2.143094 6002113 11 1 38.66958 1.855039 6002113 13 1 119 28513
1 0.5181258 0.5478516 0.4849526 0 57.62545 1.382365 6002113 11 0 76.40656 1.431839 6002113 13 1 119 28533
1 0.5314228 0.5697247 0.4892392 0 613.9862 1.773174 6003113 11 0 193.6906 2.019321 6003113 13 1 120 28641
1 0.158545 0.05991846 0.3130569 0 77.70581 2.317915 6003113 11 0 162.6723 2.280928 6003113 13 1 133 31697
1 0.5156123 0.5510817 0.476349 0 78.76333 1.789116 6003113 13 1 26.98116 3.153326 6003113 11 1 134 32055
1 0.5287565 0.5561895 0.4975524 0 64.78424 1.474584 6002113 13 1 0.2836061 1.38243 6002113 11 1 134 32108
1 0.5318362 0.3930153 0.6229063 0 162.0303 1.215151 6003113 11 1 78.83709 2.119235 6003113 13 1 135 32194
1 0.6136458 0.6014555 0.6027775 1 94.56688 2.318896 6002113 13 0 18.71537 3.717922 6002113 11 1 135 32289
1 0.73212 0.8401718 0.6176243 1 5.602743 1.700263 6002113 11 1 45.28767 1.472401 6002113 13 1 135 32327
1 0.9330272 1.165662 0.6989502 1 71.11067 1.992478 6002113 13 1 10.67242 2.934167 6002113 11 1 135 32354
1 0.4758722 0.3318007 0.5814311 0 69.26187 1.412283 6002113 13 1 19.3198 1.440886 6002113 11 1 136 32466
1 0.5726925 0.4622901 0.6298592 0 120.7267 1.743544 6003113 11 1 41.04184 1.531765 6003113 13 1 136 32633
1 0.158545 0.05991846 0.3130569 1 14.6914 2.145977 6001113 11 1 19.51853 2.130764 6001113 13 1 145 34567
1 0.5974015 0.5689293 0.5935574 1 33.78557 2.058697 6002113 13 1 25.92092 1.710591 6002113 11 1 145 34668
1 0.9061426 1.048168 0.7526054 1 69.29653 2.285102 6002113 13 1 1.830538 2.173807 6002113 11 1 145 34747
1 0.1104112 0.03394089 0.2553055 1 1.457227 1.415105 6001113 11 1 21.86741 1.408783 6001113 13 1 146 34844
1 0.5213501 0.5671303 0.4736687 0 103.5067 1.899486 6003113 13 0 272.3084 1.853679 6003113 11 1 146 34856
1 0.08965165 0.02592053 0.2175904 1 35.05911 1.759552 6002113 11 1 43.88152 2.236516 6002113 13 1 146 34876
1 0.2639978 0.1232767 0.4426338 1 54.84108 1.926853 6003113 13 0 382.8916 1.239619 6003113 11 1 146 34894
1 0.5718377 0.6269594 0.5167355 0 189.6212 1.494951 6003113 11 0 96.44579 1.616776 6003113 13 1 146 34906
1 0.5774951 0.5107735 0.5972872 0 135.1999 2.894825 6003113 13 0 301.1493 7.015261 6003113 11 1 146 34994
1 0.6066679 0.6139975 0.5903023 0 59.29969 1.669813 6002113 13 1 5.462054 2.52326 6002113 11 1 118 28136
1 0.5254593 0.4028046 0.5994089 1 39.59142 1.310186 6002113 13 0 2.376588 1.822234 6002113 11 1 118 28306
1 0.55158 0.5725396 0.52633 1 10.61747 1.584123 6002113 11 0 108.3285 1.424701 6002113 13 1 129 30781
1 0.5477981 0.5668843 0.5250256 1 3.883037 4.173237 6002113 11 1 57.41043 2.571616 6002113 13 1 131 31207
1 0.5156123 0.5510817 0.476349 1 10.24889 1.382358 6002113 11 0 79.77501 1.75182 6002113 13 1 131 31249
1 0.5295258 0.5695821 0.4857943 1 32.58998 1.484896 6002113 11 1 46.35343 1.434235 6002113 13 1 137 32715
1 0.649493 0.7260728 0.5780458 0 62.07668 1.572068 6003113 13 0 415.5458 1.884282 6003113 11 1 137 32741
1 0.5282785 0.554262 0.4982984 1 9.427828 3.262325 6002113 11 1 48.33499 1.446393 6002113 13 1 137 32821
1 0.8205639 0.9861007 0.6425961 1 22.52445 1.691622 6002113 11 0 74.25398 1.38543 6002113 13 1 138 32938
1 0.002473462 0.0003824879 0.01448451 0 761.7438 1.596396 6003113 11 1 33.53463 1.824524 6003113 13 1 139 33340
1 0.5958909 0.5929161 0.5824302 1 36.69121 1.735138 6002113 13 1 6.063514 1.345173 6002113 11 1 156 37311
1 0.5179189 0.5490608 0.4833063 1 13.91932 1.42982 6003113 11 0 87.18954 1.497301 6003113 13 1 157 37572
1 0.7753953 0.8768815 0.6761842 0 94.97004 1.815391 6003113 13 1 26.736 4.34215 6003113 11 1 157 37634
1 0.3948935 0.2325427 0.5489042 0 216.4693 1.50776 6003113 11 1 42.39863 1.608897 6003113 13 1 158 37691
1 0.5788639 0.5982325 0.5558819 1 57.94269 2.034706 6002113 11 1 20.00758 1.52437 6002113 13 1 158 37786
1 0.5179189 0.5490608 0.4833063 0 6.951198 3.151574 6002113 11 1 46.25756 1.623824 6002113 13 1 158 37824
1 0.517458 0.550009 0.4813292 0 50.25545 1.53705 6003113 13 0 245.4465 1.932457 6003113 11 1 158 37876
1 0.01302673 0.002137652 0.05518701 0 58.60605 1.598346 6002113 11 1 35.53806 1.322341 6002113 13 1 163 38993
1 0.3621084 0.5427805 0.2377097 1 24.99993 1.659482 6002113 11 0 69.77198 1.32158 6002113 13 1 164 39311
1 0.3948935 0.2325427 0.5489042 1 40.02388 3.272941 6002113 13 1 55.82804 2.836593 6002113 11 1 171 40807
1 0.4169807 0.2620942 0.5507454 0 56.10486 1.504272 6002113 13 0 31.19498 1.81528 6002113 11 1 171 40812
1 0.5156123 0.5510817 0.476349 0 53.70858 1.553813 6003113 11 1 45.58762 1.398462 6003113 13 1 171 40893
1 0.3634303 0.5613242 0.2305602 0 65.48857 1.394786 6002113 13 0 60.30214 1.615451 6002113 11 1 171 40906
1 0.5997139 0.5230071 0.6258666 0 65.35519 1.891057 6002113 13 1 5.468075 1.413854 6002113 11 1 171 40999
1 0.612693 0.570597 0.6153595 1 41.18105 1.762566 6002113 13 0 81.50222 2.120438 6002113 11 1 172 41045
1 0.5275663 0.5521672 0.4987836 0 98.9462 1.505464 6002113 13 1 3.160915 1.42871 6002113 11 1 172 41055
1 0.5714342 0.5886496 0.5516996 0 314.6613 1.347569 6003113 11 0 122.7531 1.611706 6003113 13 1 173 41298
1 0.8795399 1.124261 0.6450055 1 46.92445 2.298998 6002113 11 0 119.1631 1.509821 6002113 13 1 173 41317
1 0.1104112 0.03394089 0.2553055 0 93.58022 1.642326 6002113 13 1 23.34918 1.570631 6002113 11 1 173 41361
1 0.5910162 0.5567505 0.5901788 1 43.00908 1.515171 6002113 13 1 26.50731 1.556673 6002113 11 1 173 41423
1 0.5764854 0.5951216 0.5546703 1 60.76758 2.399064 6002113 13 1 2.780262 1.97394 6002113 11 1 174 41533
1 0.6448439 0.9391438 0.4462655 0 236.1823 1.606407 6003113 11 0 86.88252 1.568953 6003113 13 1 174 41628
1 0.5958909 0.5929161 0.5824302 0 85.76533 1.51239 6003113 11 0 114.7924 2.126289 6003113 13 1 174 41697
1 0.6412468 0.7187812 0.5687311 0 71.55124 1.708247 6003113 13 0 342.933 1.615 6003113 11 1 174 41721
1 0.4947012 0.3518164 0.5957602 1 38.7164 1.396972 6003113 13 1 31.45914 1.461266 6003113 11 1 174 41732
1 0.5910162 0.5567505 0.5901788 0 487.3057 1.635697 6003113 11 1 49.84893 1.540001 6003113 13 1 174 41752
1 0.1677999 0.06163852 0.3385446 0 68.54751 1.501871 6002113 13 1 6.231862 1.808727 6002113 11 1 174 41755
1 0.3621084 0.5427805 0.2377097 1 41.79853 2.571232 6002113 11 0 64.54107 1.668882 6002113 13 1 207 49577
1 0.1677999 0.06163852 0.3385446 0 103.2875 1.391699 6003113 11 0 77.01896 1.496229 6003113 13 1 207 49615
1 0.5924498 0.6074459 0.5742529 1 29.98894 1.95129 6002113 13 0 63.03948 1.51722 6002113 11 1 208 49841
1 0.5895806 0.6030737 0.5720374 1 19.89423 1.203047 6002113 13 1 2.052845 1.756864 6002113 11 1 417 99888
1 0.5688243 0.5852158 0.5499623 0 55.88305 1.45656 6002113 11 0 74.15414 1.410122 6002113 13 1 11 2445
1 0.332514 0.1831242 0.4877928 1 57.93891 1.549457 6003113 13 0 536.533 2.337436 6003113 11 1 11 2550
1 0.5254593 0.4028046 0.5994089 1 18.75553 1.445884 6002113 11 0 106.0422 1.532677 6002113 13 1 11 2609
1 0.5997004 0.600599 0.585084 1 27.00298 1.713662 6002113 13 0 82.68433 1.721836 6002113 11 1 12 2721
1 0.6136458 0.6014555 0.6027775 0 52.33141 1.444065 6002113 13 1 6.052843 1.504905 6002113 11 1 12 2796
1 0.5167031 0.5506821 0.479012 1 25.1336 3.684625 6002113 11 1 26.32604 1.716979 6002113 13 1 23 5427
1 0.3527923 0.1987178 0.5081832 0 93.82225 1.442263 6003113 11 0 149.5687 1.585278 6003113 13 1 24 5645
1 0.5688243 0.5852158 0.5499623 0 54.20634 1.787266 6003113 13 0 472.7538 2.932906 6003113 11 1 39 9298
1 0.2102512 0.09099275 0.3742424 0 102.7406 1.623194 6002113 13 1 19.33803 2.797847 6002113 11 1 39 9306
1 0.05729352 0.01337441 0.1665499 1 47.68314 1.536079 6002113 11 1 12.76707 1.406241 6002113 13 1 40 9462
1 0.5631819 0.4694994 0.6055688 1 37.50169 1.648186 6002113 13 0 65.22433 1.290301 6002113 11 1 40 9526
1 0.5836614 0.5931804 0.5673237 0 34.56744 2.559699 6002113 11 1 28.95047 1.693418 6002113 13 1 40 9538
1 0.7631126 1.024915 0.5403691 1 34.70368 1.473939 6002113 13 1 6.291327 1.49453 6002113 11 1 40 9576
1 0.5318362 0.3930153 0.6229063 0 84.49924 1.376863 6002113 13 0 0.5570931 3.136592 6002113 11 1 45 10639
1 0.9330272 1.165662 0.6989502 0 151.4119 1.623889 6003113 13 1 2.020763 3.881972 6003113 11 1 45 10722
1 0.5964026 0.5417793 0.6069945 0 87.98757 1.957281 6003113 13 0 1157.494 1.847591 6003113 11 1 45 10786
1 0.4374391 0.2808723 0.5684127 0 54.33852 1.478878 6002113 13 1 38.0761 1.405452 6002113 11 1 45 10800
1 0.5287565 0.5561895 0.4975524 0 230.6726 2.585284 6003113 11 1 64.82818 1.736438 6003113 13 1 53 12570
1 0.3967369 0.2440586 0.532822 1 75.08665 3.551837 6002113 13 1 35.72202 2.889927 6002113 11 1 53 12632
1 0.517458 0.550009 0.4813292 0 91.56737 1.3994 6003113 11 1 57.62951 2.018483 6003113 13 1 54 12731
1 0.5416277 0.4226007 0.6101028 0 137.4145 1.421993 6003113 11 0 68.14429 1.470476 6003113 13 1 54 12832
1 0.5788639 0.5982325 0.5558819 0 148.8038 1.636247 6003113 11 0 72.90303 1.444193 6003113 13 1 65 15438
1 0.4191984 0.6366879 0.2704611 1 25.60784 1.421856 6002113 11 1 21.66808 1.774741 6002113 13 1 65 15528
1 0.5924498 0.6074459 0.5742529 0 121.4743 2.169775 6003113 13 0 511.1577 5.648473 6003113 11 1 66 15652
1 0.5964026 0.5417793 0.6069945 0 220.5346 1.313448 6003113 11 0 143.3203 1.660546 6003113 13 1 66 15673
1 0.4947012 0.3518164 0.5957602 1 32.55845 1.454607 6003113 11 0 65.82014 1.394304 6003113 13 1 89 21262
1 0.5764854 0.5951216 0.5546703 1 48.21915 1.500799 6002113 11 1 30.7597 1.379637 6002113 13 1 95 22590
1 0.4580497 0.3003624 0.5857744 1 53.85001 1.734256 6002113 13 1 47.93476 1.834563 6002113 11 1 96 22814
1 0.6032551 0.5804401 0.5967605 1 9.730227 1.205231 6001113 11 1 21.84977 1.312866 6001113 13 1 96 22891
1 0.5318362 0.3930153 0.6229063 0 93.7109 1.730196 6002113 13 0 61.69823 2.433214 6002113 11 1 96 22916
1 0.08965165 0.02592053 0.2175904 0 110.0826 1.324248 6002113 13 0 141.6164 2.062727 6002113 11 1 96 22936
1 0.5282785 0.554262 0.4982984 1 28.76704 1.553686 6002113 13 0 66.04754 2.19203 6002113 11 1 96 22967
1 0.2690341 0.1318973 0.4338007 1 42.24371 1.412035 6002113 13 1 0.496323 1.306769 6002113 11 1 97 23162
1 0.3967369 0.2440586 0.532822 1 26.64814 1.412933 6002113 11 1 41.11012 2.908052 6002113 13 1 98 23290
1 0.1152196 0.03763067 0.2542145 1 35.37171 1.506597 6003113 13 0 119.1571 1.4457 6003113 11 1 98 23323
1 0.2221058 0.09363705 0.4034487 1 24.3336 1.314935 6002113 11 1 24.95891 1.537945 6002113 13 1 98 23446
1 0.7479302 0.8530712 0.6393862 0 58.43353 1.602054 6002113 13 1 18.88467 2.085492 6002113 11 1 105 25015
1 0.4569478 0.3122552 0.56665 0 105.2868 1.586435 6003113 13 0 146.7558 3.677503 6003113 11 1 105 25047
1 0.5282785 0.554262 0.4982984 1 0.3205798 1.443129 6002113 11 0 68.36138 1.408409 6002113 13 1 105 25061
1 0.5089338 0.3831331 0.5881627 0 245.0231 1.847174 6003113 11 1 30.87935 1.49561 6003113 13 1 105 25081
1 0.5958909 0.5929161 0.5824302 0 74.20973 1.620392 6003113 13 1 48.68797 1.465578 6003113 11 1 106 25204
1 0.07638145 0.0201346 0.199904 1 28.3235 1.483672 6002113 11 1 37.63318 1.642513 6002113 13 1 106 25217
1 0.5952835 0.611509 0.5762983 1 37.02729 1.487197 6002113 11 0 52.34476 1.418987 6002113 13 1 106 25349
1 0.5726925 0.4622901 0.6298592 1 47.2587 1.738349 6002113 13 0 60.06729 1.488368 6002113 11 1 106 25375
1 0.5836614 0.5931804 0.5673237 0 54.85774 1.54375 6002113 11 0 63.16692 1.591631 6002113 13 1 109 25984
1 0.5272219 0.5691352 0.4820344 1 41.71466 1.35881 6002113 13 1 17.20179 1.563422 6002113 11 1 109 26087
1 0.5910162 0.5567505 0.5901788 1 37.93229 1.342 6003113 13 0 93.03574 1.640883 6003113 11 1 109 26149
1 0.6136458 0.6014555 0.6027775 0 9.826365 1.82097 6002113 11 1 51.4264 3.054813 6002113 13 1 110 26246
1 0.567017 0.6240464 0.5111355 0 67.19479 1.559524 6002113 13 0 70.71494 1.770701 6002113 11 1 110 26302
1 0.5275663 0.5521672 0.4987836 0 176.3915 2.165753 6003113 13 0 761.2644 2.207997 6003113 11 1 121 28913
1 0.01736219 0.002962011 0.06984233 0 38.8482 1.604786 6002113 11 1 47.22019 1.500162 6002113 13 1 121 28984
1 0.4169807 0.2620942 0.5507454 0 130.3466 2.384763 6003113 13 0 97.24831 1.327304 6003113 11 1 122 29155
1 0.00130511 0.0002221223 0.00787947 0 794.3615 2.022713 6003113 11 0 151.2266 1.480366 6003113 13 1 191 45731
1 0.8225547 1.0774 0.5917727 0 153.5545 1.713551 6003113 11 0 69.39594 1.590515 6003113 13 1 192 45955
1 0.6647661 0.7390303 0.5949469 1 55.32695 2.820113 6002113 13 1 120.706 6.334103 6002113 11 1 198 47348
1 0.4758722 0.3318007 0.5814311 0 99.46978 1.748876 6003113 11 0 76.13033 1.488291 6003113 13 1 199 47576
1 0.07638145 0.0201346 0.199904 1 0.8035117 1.458536 6002113 11 0 104.2203 1.433169 6002113 13 1 200 47856
1 0.5573887 0.4424525 0.62027 0 97.20338 1.593919 6003113 11 0 100.465 2.14048 6003113 13 1 200 47868
1 0.5167031 0.5506821 0.479012 1 40.59047 1.408211 6002113 13 0 8.119301 1.392336 6002113 11 1 200 47990
1 0.9330272 1.165662 0.6989502 0 56.88027 1.340178 6003113 13 0 86.88321 2.028692 6003113 11 1 205 48989
1 0.6032776 0.6076099 0.5877098 0 17.68267 1.81972 6002113 11 0 86.22781 1.467445 6002113 13 1 205 49042
1 0.5910162 0.5567505 0.5901788 1 28.67169 1.463484 6003113 13 0 199.0773 1.731838 6003113 11 1 206 49306
1 0.8809592 1.029419 0.71877 0 56.92347 1.420949 6003113 13 0 1309.702 1.764369 6003113 11 1 206 49328
1 0.07638145 0.0201346 0.199904 0 238.8643 1.653207 6003113 11 0 62.37992 1.51072 6003113 13 1 206 49425
1 0.3621084 0.5427805 0.2377097 0 117.3369 1.804388 6002113 11 1 35.31615 1.512517 6002113 13 1 210 50198
1 0.5726925 0.4622901 0.6298592 0 41.26411 9.645449 6002113 11 1 33.00179 1.993569 6002113 13 1 210 50283
1 0.5924498 0.6074459 0.5742529 1 56.01793 2.244329 6002113 13 1 29.31772 5.08908 6002113 11 1 210 50340
1 0.1532031 0.0546767 0.3159225 1 42.27561 1.552605 6003113 13 0 242.2925 1.444017 6003113 11 1 221 52866
1 0.6032551 0.5804401 0.5967605 1 60.44554 3.244809 6003113 13 0 321.1338 2.375616 6003113 11 1 222 53116
1 0.588144 0.5054888 0.619637 1 30.45613 2.17933 6002113 13 0 9.024406 5.730062 6002113 11 1 222 53138
1 0.3948935 0.2325427 0.5489042 1 60.59757 2.35079 6002113 13 1 0.9541717 1.278472 6002113 11 1 222 53158
1 0.1883655 0.07525583 0.3565631 1 29.5205 1.543874 6002113 13 1 5.829042 2.347356 6002113 11 1 227 54288
1 0.6032776 0.6076099 0.5877098 0 76.415 2.44649 6002113 13 0 85.72062 1.551235 6002113 11 1 227 54415
1 0.5618237 0.6205709 0.5052561 0 78.02613 1.563669 6003113 13 0 100.4743 3.423585 6003113 11 1 228 54529
1 0.8205639 0.9861007 0.6425961 0 103.8736 2.02322 6003113 13 1 31.6094 3.106702 6003113 11 1 233 55769
1 0.006089109 0.0009090437 0.03104627 1 31.1861 1.659619 6002113 11 0 72.05392 1.389652 6002113 13 1 233 55820
1 0.6032776 0.6076099 0.5877098 0 115.053 1.369579 6002113 11 0 88.21525 2.161843 6002113 13 1 233 55872
1 0.4758722 0.3318007 0.5814311 1 74.43781 2.520678 6003113 11 0 57.55983 1.358646 6003113 13 1 233 55907
1 0.7876326 0.8878482 0.6917219 1 13.95176 1.48034 6002113 11 1 26.08311 1.722711 6002113 13 1 233 55914
1 0.7753953 0.8768815 0.6761842 1 47.22327 1.473059 6002113 11 1 27.66566 1.606498 6002113 13 1 234 56014
1 0.5266237 0.5499548 0.4990422 0 78.3756 1.376025 6002113 11 1 53.20303 1.528404 6002113 13 1 243 58122
1 0.6086565 0.5913109 0.5998238 0 133.9784 1.690381 6002113 13 1 1.442699 1.98373 6002113 11 1 243 58162
1 0.5718377 0.6269594 0.5167355 0 80.7877 1.822102 6003113 13 0 153.2516 2.414847 6003113 11 1 243 58173
1 0.7876326 0.8878482 0.6917219 1 44.00352 1.467542 6002113 11 1 32.5955 1.47234 6002113 13 1 243 58250
1 0.5562873 0.6165259 0.4990861 1 26.31382 1.444153 6002113 11 0 74.78664 1.487644 6002113 13 1 244 58347
1 0.4580497 0.3003624 0.5857744 1 16.32483 1.670132 6002113 11 1 34.62208 1.466573 6002113 13 1 244 58403
1 0.2451584 0.1116618 0.4192517 1 40.25753 1.701955 6002113 13 1 10.79466 1.852195 6002113 11 1 244 58456
1 0.5562873 0.6165259 0.4990861 0 57.15373 1.466517 6003113 13 0 718.8761 1.405876 6003113 11 1 244 58479
1 0.5295258 0.5695821 0.4857943 1 9.001256 1.418076 6002113 13 0 50.23064 1.471597 6002113 11 1 405 96989
1 0.517458 0.550009 0.4813292 0 57.51628 1.814683 6002113 11 1 19.93467 1.66024 6002113 13 1 405 96996
1 0.5774951 0.5107735 0.5972872 1 29.13036 3.903996 6003113 11 1 63.97043 2.410716 6003113 13 1 405 97153
1 0.3736025 0.2151899 0.5285726 1 13.20723 1.661017 6002113 11 0 66.72596 1.74335 6002113 13 1 406 97235
1 0.1396007 0.04838719 0.2943295 0 32.49414 1.200986 6002113 13 1 19.13022 1.704322 6002113 11 1 406 97299
1 0.5498481 0.4511571 0.5978136 0 265.4294 3.010156 6003113 11 0 206.1379 1.656236 6003113 13 1 406 97423
1 0.4100112 0.6092409 0.2736143 0 64.47252 1.416491 6003113 13 0 592.3777 1.422501 6003113 11 1 27 6265
1 0.7622492 0.8652949 0.6588318 1 27.66541 1.32811 6002113 13 1 39.50008 3.264961 6002113 11 1 27 6273
1 0.5179189 0.5490608 0.4833063 1 21.43069 1.681269 6002113 11 1 31.30236 1.709141 6002113 13 1 27 6412
1 0.5788639 0.5982325 0.5558819 0 62.54604 3.254421 6003113 11 1 49.88667 1.740522 6003113 13 1 27 6427
1 0.7622492 0.8652949 0.6588318 0 78.94297 1.554672 6002113 13 0 11.93657 1.638376 6002113 11 1 41 9756
1 0.5997139 0.5230071 0.6258666 0 230.0151 2.064302 6003113 11 0 57.3178 1.601434 6003113 13 1 41 9766
1 0.3499435 0.1883899 0.5229445 0 87.396 1.891888 6002113 13 1 48.26215 2.429316 6002113 11 1 42 9888
1 0.55158 0.5725396 0.52633 1 4.918568 2.681595 6002113 11 0 91.01392 1.942831 6002113 13 1 113 26929
1 0.5997139 0.5230071 0.6258666 0 115.2726 2.79394 6003113 11 1 60.41489 1.818269 6003113 13 1 113 26960
1 0.4947012 0.3518164 0.5957602 1 31.72395 1.435054 6002113 11 0 63.99529 1.473413 6002113 13 1 113 27087
1 0.6412468 0.7187812 0.5687311 0 80.64827 1.580117 6003113 11 0 111.158 1.411412 6003113 13 1 114 27130
1 0.5532137 0.5752672 0.5266728 1 10.00381 1.564726 6002113 11 1 36.2226 1.48949 6002113 13 1 114 27269
1 0.5266237 0.5499548 0.4990422 1 46.56878 1.520665 6002113 11 1 33.23022 1.404757 6002113 13 1 148 35338
1 0.1221513 0.03870894 0.2758521 0 485.9751 1.493773 6003113 11 0 92.58192 1.382963 6003113 13 1 177 42342
1 0.5573887 0.4424525 0.62027 0 96.81005 1.501348 6002113 13 0 59.2862 1.499087 6002113 11 1 177 42418
1 0.6136458 0.6014555 0.6027775 0 129.5774 1.431826 6002113 13 0 87.44428 2.399944 6002113 11 1 177 42424
1 0.5618237 0.6205709 0.5052561 0 76.26559 1.473947 6002113 13 1 62.48202 2.819946 6002113 11 1 177 42475
1 0.6066679 0.6139975 0.5903023 0 77.94506 1.418039 6003113 11 0 130.6588 1.519357 6003113 13 1 178 42602
1 0.5873008 0.5265231 0.6023225 1 26.95793 1.524509 6003113 11 0 118.8748 1.845478 6003113 13 1 178 42703
1 0.5181258 0.5478516 0.4849526 0 14.26464 5.203967 6002113 11 0 75.80112 1.850416 6002113 13 1 179 42749
1 0.6086565 0.5913109 0.5998238 0 140.676 1.192517 6003113 13 0 1158.594 6.961695 6003113 11 1 179 42854
1 0.2047332 0.08404274 0.3795956 0 348.146 6.126287 6003113 11 1 58.21295 3.654737 6003113 13 1 179 42888
1 0.4374391 0.2808723 0.5684127 1 45.54971 1.899586 6002113 13 1 11.62285 1.275154 6002113 11 1 179 42937
1 0.0607434 0.01506151 0.1674532 0 92.97816 1.683203 6003113 13 0 242.5059 1.712504 6003113 11 1 180 42987
1 0.9330272 1.165662 0.6989502 1 8.365409 1.471344 6002113 11 1 23.34986 1.86678 6002113 13 1 180 43061
1 0.5714342 0.5886496 0.5516996 1 35.23975 5.216674 6002113 11 1 62.06916 2.878286 6002113 13 1 180 43125
1 0.5762507 0.6293275 0.5220752 1 0.09249126 3.104882 6003113 11 1 74.43193 3.002968 6003113 13 1 180 43129
1 0.3285948 0.1728787 0.5003204 0 283.8135 3.292733 6003113 11 0 115.1566 1.78931 6003113 13 1 193 46171
1 0.5836614 0.5931804 0.5673237 1 49.04821 1.522004 6002113 13 1 27.99949 1.464336 6002113 11 1 193 46283
1 0.5997139 0.5230071 0.6258666 0 11.02329 2.837157 6002113 11 0 65.77707 1.667207 6002113 13 1 194 46338
1 0.5562873 0.6165259 0.4990861 0 21.16065 26.03008 6002113 11 1 56.32389 1.753916 6002113 13 1 203 48572
1 0.517458 0.550009 0.4813292 1 60.23782 2.396156 6002113 11 1 18.18244 1.631626 6002113 13 1 203 48684
1 0.517458 0.550009 0.4813292 0 103.3014 1.476582 6002113 13 1 28.44971 1.39095 6002113 11 1 204 48734
1 0.5295258 0.5695821 0.4857943 1 5.534182 1.510509 6002113 11 0 62.37919 1.567073 6002113 13 1 204 48789
1 0.4947012 0.3518164 0.5957602 1 21.54885 1.737865 6002113 11 1 38.50559 1.811795 6002113 13 1 204 48860
1 0.3736025 0.2151899 0.5285726 0 190.3893 2.391919 6003113 11 0 65.85916 1.595383 6003113 13 1 204 48924
1 0.3117667 0.4907445 0.1947719 0 79.21482 1.427011 6003113 11 0 77.73929 1.388536 6003113 13 1 204 48926
1 0.2047332 0.08404274 0.3795956 0 237.015 2.59227 6003113 11 0 97.14751 1.548746 6003113 13 1 204 48951
1 0.5290058 0.5579008 0.4965126 1 48.14532 1.617627 6002113 13 1 1.162447 1.260113 6002113 11 1 204 48956
1 0.7622492 0.8652949 0.6588318 1 52.36589 1.601172 6002113 11 0 77.18317 1.698328 6002113 13 1 249 59600
1 0.6066679 0.6139975 0.5903023 1 37.91239 1.384054 6002113 13 1 24.08523 1.493542 6002113 11 1 250 59762
1 0.2837624 0.1357965 0.466535 1 14.70575 1.465605 6002113 11 0 65.22324 1.524248 6002113 13 1 250 59861
1 0.5788639 0.5982325 0.5558819 1 102.6098 2.686121 6002113 13 0 0.2636173 7.376102 6002113 11 1 250 59924
1 0.5762507 0.6293275 0.5220752 1 34.98463 2.273783 6002113 11 1 69.09674 2.894092 6002113 13 1 295 70681
1 0.3634303 0.5613242 0.2305602 1 66.81942 2.030943 6002113 11 1 34.94352 1.331347 6002113 13 1 295 70729
1 0.5759591 0.4876316 0.6128632 0 150.2186 1.719381 6002113 13 1 23.84958 3.014656 6002113 11 1 295 70774
1 0.5762507 0.6293275 0.5220752 1 18.16263 2.591662 6002113 13 0 56.91529 3.73012 6002113 11 1 296 70937
1 0.8809592 1.029419 0.71877 1 1.699764 1.38276 6002113 11 1 27.96221 1.466667 6002113 13 1 296 70960
1 0.5497594 0.569738 0.5257817 1 37.30595 1.927579 6002113 13 0 79.02317 2.261988 6002113 11 1 305 73019
1 0.5836614 0.5931804 0.5673237 0 136.4888 1.609106 6003113 13 0 58.01968 1.50586 6003113 11 1 305 73073
1 0.4609929 0.6820365 0.3120403 0 67.92542 1.339605 6003113 13 0 607.2656 1.795493 6003113 11 1 305 73189
1 0.3285948 0.1728787 0.5003204 0 60.56579 1.381065 6003113 11 0 53.08849 1.48315 6003113 13 1 306 73252
1 0.612693 0.570597 0.6153595 1 50.77207 2.520077 6002113 13 1 38.78927 1.296456 6002113 11 1 306 73277
1 0.5836614 0.5931804 0.5673237 1 36.88231 1.628703 6002113 13 1 25.086 2.518715 6002113 11 1 306 73390
1 0.1221513 0.03870894 0.2758521 1 28.66408 1.508185 6002113 13 1 11.29179 1.496586 6002113 11 1 351 84104
1 0.1221513 0.03870894 0.2758521 0 91.37801 1.425697 6002113 13 0 52.37082 1.495775 6002113 11 1 351 84199
1 0.4787497 0.3205257 0.6027815 0 68.36198 1.444639 6003113 13 0 632.3986 1.432831 6003113 11 1 351 84208
1 0.1729784 0.06722977 0.3343768 0 70.92596 1.619868 6002113 13 1 1.087337 1.568948 6002113 11 1 379 90871
1 0.5924498 0.6074459 0.5742529 1 2.794019 1.279928 6002113 11 1 59.43319 1.697632 6002113 13 1 380 91064
1 0.5318362 0.3930153 0.6229063 1 45.35868 1.622152 6002113 11 0 73.19807 1.678644 6002113 13 1 380 91108
1 0.5167031 0.5506821 0.479012 0 0.7173497 1.370123 6002113 11 0 79.27634 1.465398 6002113 13 1 380 91148
1 0.588144 0.5054888 0.619637 1 23.73285 1.958974 6002113 11 0 79.57443 1.347145 6002113 13 1 380 91200
1 0.7876326 0.8878482 0.6917219 0 110.4209 1.616407 6002113 13 1 27.98095 1.647374 6002113 11 1 385 92373
1 0.3948935 0.2325427 0.5489042 0 385.7374 2.103513 6003113 11 0 109.386 1.577375 6003113 13 1 386 92536
1 0.7834347 1.103071 0.5443225 1 59.396 1.982602 6002113 13 0 65.80614 6.351251 6002113 11 1 386 92595
1 0.5974015 0.5689293 0.5935574 1 1.978576 1.39271 6002113 11 1 36.29331 1.415308 6002113 13 1 386 92603
1 0.2690341 0.1318973 0.4338007 0 81.94725 1.736611 6002113 13 1 30.03895 1.493158 6002113 11 1 33 7746
1 0.6448439 0.9391438 0.4462655 0 81.43949 1.473187 6002113 13 1 17.76034 2.160111 6002113 11 1 33 7750
1 0.5497594 0.569738 0.5257817 1 22.57665 1.92217 6002113 11 1 42.8284 1.993113 6002113 13 1 140 33587
1 0.5718377 0.6269594 0.5167355 1 10.62036 3.484774 6002113 11 1 47.73207 1.420285 6002113 13 1 161 38451
1 0.8809592 1.029419 0.71877 1 28.89756 1.757632 6002113 13 1 10.99822 1.607039 6002113 11 1 161 38507
1 0.6086565 0.5913109 0.5998238 0 364.9543 1.16755 6003113 11 1 41.638 1.795442 6003113 13 1 162 38736
1 0.001509598 0.0002522134 0.009104216 0 80.85269 1.478407 6003113 13 0 442.4606 2.708014 6003113 11 1 162 38741
1 0.8205639 0.9861007 0.6425961 1 34.55826 1.883639 6002113 11 1 67.88802 2.090118 6002113 13 1 162 38852
1 0.6066679 0.6139975 0.5903023 0 87.29787 1.384403 6002113 13 0 161.3256 4.648049 6002113 11 1 274 65601
1 0.6066679 0.6139975 0.5903023 0 243.3493 1.345552 6003113 11 0 122.1486 1.517975 6003113 13 1 274 65662
1 0.5498481 0.4511571 0.5978136 0 235.1024 1.460949 6003113 13 0 252.9964 1.411177 6003113 11 1 274 65730
1 0.588144 0.5054888 0.619637 0 86.97358 1.291861 6003113 13 0 849.4317 2.207023 6003113 11 1 275 65800
1 0.5997139 0.5230071 0.6258666 1 51.34225 1.539678 6002113 13 1 8.1759 1.649462 6002113 11 1 275 65812
1 0.5688243 0.5852158 0.5499623 1 24.21369 1.273674 6002113 13 0 58.57652 7.579786 6002113 11 1 275 65955
1 0.5290058 0.5579008 0.4965126 1 39.90013 3.808666 6002113 11 0 80.51295 1.175141 6002113 13 1 276 66058
1 0.02836943 0.005440299 0.09976966 1 37.18322 1.334052 6002113 11 1 31.56697 3.181674 6002113 13 1 293 70292
1 0.55158 0.5725396 0.52633 0 77.55707 1.573626 6003113 11 0 140.1686 1.554438 6003113 13 1 294 70378
1 0.9061426 1.048168 0.7526054 1 48.6986 1.448761 6002113 11 0 69.75971 1.457251 6002113 13 1 33 7906
1 0.4580497 0.3003624 0.5857744 1 23.0234 1.530355 6002113 11 0 64.65965 1.608131 6002113 13 1 34 7931
1 0.7753953 0.8768815 0.6761842 0 91.18993 1.442233 6002113 11 1 32.54471 1.43045 6002113 13 1 34 8062
1 0.7622492 0.8652949 0.6588318 1 22.51789 1.425772 6002113 13 1 33.33322 1.375166 6002113 11 1 34 8122
1 0.2881128 0.1446569 0.4556899 1 18.74139 1.913481 6002113 13 1 18.48487 1.738803 6002113 11 1 123 29370
1 0.5774951 0.5107735 0.5972872 1 36.98016 1.660409 6002113 13 1 51.80996 9.160717 6002113 11 1 123 29385
1 0.1396007 0.04838719 0.2943295 1 26.27699 1.481752 6002113 13 1 38.80574 1.434417 6002113 11 1 123 29449
1 0.05072705 0.01149535 0.1514777 1 47.72276 2.694965 6003113 13 0 1156.578 1.659391 6003113 11 1 124 29623
1 0.3967369 0.2440586 0.532822 0 11.83703 2.899629 6002113 11 1 25.51979 1.780648 6002113 13 1 124 29701
1 0.5155952 0.7620206 0.3528518 1 3.492355 1.935987 6002113 11 0 35.07977 1.244615 6002113 13 1 124 29747
1 0.6032776 0.6076099 0.5877098 0 72.92995 1.481977 6002113 11 0 50.89315 1.355416 6002113 13 1 127 30337
1 0.5618237 0.6205709 0.5052561 0 63.24057 1.409805 6002113 11 1 40.79836 1.592829 6002113 13 1 127 30387
1 0.2047332 0.08404274 0.3795956 0 71.30124 1.982935 6002113 13 0 40.06833 1.817708 6002113 11 1 127 30396
1 0.5573887 0.4424525 0.62027 1 41.82898 1.337702 6002113 11 1 46.59029 1.486497 6002113 13 1 128 30581
1 0.5958909 0.5929161 0.5824302 1 42.61586 1.534554 6002113 13 1 34.23815 1.834988 6002113 11 1 128 30694
1 0.5254593 0.4028046 0.5994089 1 31.99965 1.43657 6002113 11 0 107.1086 1.542732 6002113 13 1 165 39446
1 0.1729784 0.06722977 0.3343768 1 57.14645 2.631244 6002113 11 0 82.72746 1.5088 6002113 13 1 165 39594
1 0.5562873 0.6165259 0.4990861 0 73.6076 1.355358 6002113 13 1 8.086478 1.484826 6002113 11 1 166 39754
1 0.5836614 0.5931804 0.5673237 0 87.24419 1.681645 6003113 13 0 277.1757 1.743478 6003113 11 1 166 39836
1 0.5562873 0.6165259 0.4990861 1 9.403553 1.504662 6002113 11 1 37.51088 1.752936 6002113 13 1 189 45160
1 0.5762507 0.6293275 0.5220752 0 80.92072 1.594562 6002113 11 1 18.41389 1.751999 6002113 13 1 189 45255
1 0.8525429 1.008901 0.681981 0 3.885757 1.969115 6002113 11 1 29.16619 1.481945 6002113 13 1 189 45323
1 0.08965165 0.02592053 0.2175904 1 25.13219 2.417742 6002113 11 1 33.86499 1.57941 6002113 13 1 190 45383
1 0.5788639 0.5982325 0.5558819 1 38.28055 1.689029 6002113 11 1 49.74107 1.509228 6002113 13 1 190 45454
1 0.3948935 0.2325427 0.5489042 0 99.26999 1.411752 6002113 11 0 81.21478 1.419773 6002113 13 1 195 46603
1 0.5498481 0.4511571 0.5978136 0 105.0381 1.419414 6002113 13 1 7.25972 1.644788 6002113 11 1 196 46809
1 0.5133753 0.3722426 0.6095979 0 153.7602 1.6302 6003113 13 0 668.498 2.48188 6003113 11 1 196 47017
1 0.5997139 0.5230071 0.6258666 1 31.6429 2.194863 6003113 13 1 59.56296 1.611575 6003113 11 1 213 50901
1 0.6086565 0.5913109 0.5998238 1 46.82646 3.398588 6002113 11 1 56.08963 2.136561 6002113 13 1 213 51047
1 0.5952835 0.611509 0.5762983 1 32.2235 1.333299 6002113 13 1 6.572437 3.97103 6002113 11 1 213 51055
1 0.3171137 0.5267799 0.1917663 1 32.85891 1.476972 6002113 13 1 2.112157 1.480188 6002113 11 1 213 51071
1 0.5287565 0.5561895 0.4975524 1 40.4891 2.490206 6002113 13 0 67.62751 1.610036 6002113 11 1 215 51379
1 0.5272219 0.5691352 0.4820344 1 6.909955 1.559809 6002113 11 1 35.47388 1.479869 6002113 13 1 216 51791
1 0.5873008 0.5265231 0.6023225 0 132.5729 2.291749 6003113 11 0 157.0879 2.050291 6003113 13 1 225 53875
1 0.7622492 0.8652949 0.6588318 1 51.8352 1.55566 6002113 13 0 149.9602 1.528091 6002113 11 1 225 53953
1 0.5295258 0.5695821 0.4857943 0 81.95753 1.493449 6002113 13 1 25.23086 1.403915 6002113 11 1 226 54041
1 0.03479059 0.007232409 0.1127152 1 31.26463 1.472247 6002113 13 1 8.896802 1.465643 6002113 11 1 226 54236
1 0.5244987 0.5683367 0.4779848 1 28.63272 1.936622 6002113 13 1 8.221522 1.442517 6002113 11 1 237 56698
1 0.2837624 0.1357965 0.466535 1 31.09381 1.552735 6003113 13 0 250.7338 1.90493 6003113 11 1 238 56943
1 0.5244179 0.7743813 0.3627396 1 36.01596 1.328863 6002113 13 1 6.276464 1.626208 6002113 11 1 238 57062
1 0.7622492 0.8652949 0.6588318 1 10.45543 1.454899 6002113 11 0 94.04846 1.464302 6002113 13 1 269 64332
1 0.5314228 0.5697247 0.4892392 1 48.16175 1.694953 6003113 13 0 713.5054 1.477511 6003113 11 1 269 64489
1 0.5254593 0.4028046 0.5994089 0 51.60718 1.358806 6002113 11 1 31.75319 1.489447 6002113 13 1 270 64607
1 0.5764854 0.5951216 0.5546703 1 40.74607 1.353962 6002113 11 1 54.00643 2.031545 6002113 13 1 270 64637
1 0.6032551 0.5804401 0.5967605 1 34.5153 1.457304 6002113 13 1 6.851255 1.454609 6002113 11 1 270 64668
1 0.5631819 0.4694994 0.6055688 1 37.0843 2.368892 6002113 11 1 39.59364 1.649613 6002113 13 1 270 64736
1 0.5788639 0.5982325 0.5558819 0 3.479124 3.161824 6002113 11 1 65.51239 2.006705 6002113 13 1 277 66300
1 0.5314228 0.5697247 0.4892392 1 11.4674 1.227295 6002113 11 1 53.1529 1.908291 6002113 13 1 277 66304
1 0.9330272 1.165662 0.6989502 0 140.5298 1.20978 6003113 11 0 87.0657 1.887251 6003113 13 1 278 66622
1 0.5477981 0.5668843 0.5250256 1 69.70914 2.397555 6002113 13 1 67.22178 4.252084 6002113 11 1 279 66819
1 0.5416277 0.4226007 0.6101028 0 90.86726 1.755802 6003113 13 0 104.8294 1.960055 6003113 11 1 280 67018
1 0.2881128 0.1446569 0.4556899 0 94.93583 1.795052 6002113 13 1 32.23956 2.5012 6002113 11 1 280 67168
1 0.5762507 0.6293275 0.5220752 0 65.84415 1.530375 6002113 13 0 126.1386 1.398965 6002113 11 1 307 73443
1 0.5282785 0.554262 0.4982984 1 54.01856 2.302812 6002113 11 0 50.61978 1.392107 6002113 13 1 307 73501
1 0.5266237 0.5499548 0.4990422 0 337.2389 1.415351 6003113 11 0 76.45544 1.617867 6003113 13 1 307 73502
