1 0.2589673 0.4640636 0.1403912 1 44.12507 1.378471 6002113 13 1 43.5505 1.802493 6002113 13 1 61 14407
1 0.2589673 0.4640636 0.1403912 1 44.12507 1.378471 6002113 13 1 43.5505 1.802493 6002113 13 1 61 14407
1 0.2589673 0.4640636 0.1403912 1 44.12507 1.378471 6002113 13 1 43.5505 1.802493 6002113 13 1 61 14407
1 0.332514 0.1831242 0.4877928 1 26.94262 1.292829 6002113 13 1 17.12261 1.561297 6002113 13 1 61 14575
1 0.3117667 0.4907445 0.1947719 1 13.64373 3.772935 6002113 13 1 61.44734 2.096115 6002113 13 1 69 16322
1 0.5836614 0.5931804 0.5673237 1 52.11758 2.258732 6003113 13 0 202.3659 2.535139 6003113 13 1 69 16409
1 0.5836614 0.5931804 0.5673237 1 29.26421 2.140874 6002113 13 1 42.63594 3.321057 6002113 13 1 83 19786
1 0.5089338 0.3831331 0.5881627 1 9.961105 1.410065 6002113 13 1 61.2102 2.335757 6002113 13 1 83 19861
1 0.8205639 0.9861007 0.6425961 1 37.24295 1.965462 6002113 13 1 37.90726 1.906321 6002113 13 1 83 19869
1 0.3736025 0.2151899 0.5285726 0 241.1263 3.203798 6003113 13 0 104.4371 2.286579 6003113 13 1 92 22070
1 0.5964026 0.5417793 0.6069945 1 38.79263 1.61609 6003113 13 0 143.6829 1.582881 6003113 13 1 188 45094
1 0.5714342 0.5886496 0.5516996 1 37.83333 1.551526 6002113 13 1 47.02217 1.534123 6002113 13 1 231 55334
1 0.5254593 0.4028046 0.5994089 1 19.17223 1.818743 6002113 13 1 31.6386 1.664805 6002113 13 1 232 55560
1 0.5314228 0.5697247 0.4892392 1 25.14782 1.478635 6002113 13 1 24.08076 1.398698 6002113 13 1 232 55630
1 0.008248657 0.001247956 0.04032122 0 81.21671 1.386908 6002113 13 1 47.24628 1.485681 6002113 13 1 235 56263
1 0.8525429 1.008901 0.681981 1 45.66125 1.583344 6003113 13 0 95.68867 1.392151 6003113 13 1 263 63043
1 0.588144 0.5054888 0.619637 0 73.70791 1.403963 6002113 13 1 46.59878 1.515088 6002113 13 1 263 63120
1 0.517458 0.550009 0.4813292 0 71.51807 2.694082 6002113 13 0 115.5818 2.133046 6002113 13 1 289 69336
1 0.5739795 0.5919386 0.5532731 1 32.2214 2.0265 6002113 13 1 22.63597 2.316544 6002113 13 1 289 69338
1 0.7834347 1.103071 0.5443225 1 42.54502 2.127918 6002113 13 1 32.11967 1.74476 6002113 13 1 290 69574
1 0.7834347 1.103071 0.5443225 1 42.54502 2.127918 6002113 13 1 32.11967 1.74476 6002113 13 1 290 69574
1 0.5836614 0.5931804 0.5673237 0 132.2101 1.557105 6002113 13 0 56.63579 1.490321 6002113 13 1 318 76280
1 0.332514 0.1831242 0.4877928 0 131.6973 1.510969 6003113 13 0 127.0417 1.435423 6003113 13 1 377 90437
1 0.5179189 0.5490608 0.4833063 1 36.10079 1.692206 6002113 13 0 107.0743 2.498648 6002113 13 1 378 90581
1 0.6032551 0.5804401 0.5967605 0 62.14873 1.411069 6002113 13 0 54.35436 1.511827 6002113 13 1 26 6102
1 0.5179189 0.5490608 0.4833063 1 27.63471 3.575436 6002113 13 0 125.0002 2.545326 6002113 13 1 57 13507
1 0.4947012 0.3518164 0.5957602 0 74.02699 1.685443 6002113 13 0 55.38432 1.20011 6002113 13 1 307 73637
1 0.01201097 0.001906234 0.05349415 1 18.99956 2.331092 6002113 13 1 40.79426 1.587723 6002113 13 1 349 83603
1 0.01201097 0.001906234 0.05349415 1 18.99956 2.331092 6002113 13 1 40.79426 1.587723 6002113 13 1 349 83603
1 0.3967369 0.2440586 0.532822 0 82.33255 1.41686 6003113 13 0 184.7405 1.411816 6003113 13 1 374 89595
1 0.4569478 0.3122552 0.56665 0 172.7646 1.479601 6003113 13 0 67.30974 1.397216 6003113 13 1 384 92157
1 0.7479302 0.8530712 0.6393862 0 18.93878 1.532767 6003113 13 0 100.4687 1.531401 6003113 13 1 99 23742
1 0.5764854 0.5951216 0.5546703 1 38.25677 1.494 6002113 13 1 48.00261 1.537 6002113 13 1 100 23774
1 0.5089338 0.3831331 0.5881627 0 97.784 1.501882 6002113 13 1 34.0379 1.624091 6002113 13 1 115 27559
1 0.6086565 0.5913109 0.5998238 0 74.04916 2.549356 6002113 13 0 44.81253 2.222498 6002113 13 1 185 44256
1 0.08053406 0.0225782 0.2003654 1 6.178028 1.565493 6002113 13 0 112.1154 1.542368 6002113 13 1 185 44282
1 0.567017 0.6240464 0.5111355 0 60.03839 1.605973 6002113 13 1 18.51639 1.413206 6002113 13 1 248 59339
1 0.8225547 1.0774 0.5917727 1 7.050919 1.382724 6001113 13 1 21.18345 1.545971 6001113 13 1 248 59510
1 0.5918038 0.5846312 0.5797378 0 58.52404 2.584188 6002113 13 0 123.0438 2.002445 6002113 13 1 282 67474
1 0.5688243 0.5852158 0.5499623 1 23.72485 1.932537 6002113 13 1 38.40692 1.618716 6002113 13 1 401 96067
1 0.5213501 0.5671303 0.4736687 1 19.76626 2.801125 6002113 13 1 22.77581 1.684334 6002113 13 1 401 96169
1 0.649493 0.7260728 0.5780458 1 79.76089 2.326189 6003113 13 0 94.37119 1.984472 6003113 13 1 402 96475
1 0.6032776 0.6076099 0.5877098 1 23.95931 1.680499 6002113 13 0 66.7059 1.615518 6002113 13 1 246 59031
1 0.5952835 0.611509 0.5762983 0 657.849 1.523313 6003113 13 0 135.3512 1.4378 6003113 13 1 271 64825
1 0.5739795 0.5919386 0.5532731 0 60.85102 1.472223 6002113 13 1 48.78699 1.82193 6002113 13 1 272 65225
1 0.2690341 0.1318973 0.4338007 0 248.0384 2.056148 6003113 13 0 74.71246 1.727985 6003113 13 1 325 77880
1 0.5910162 0.5567505 0.5901788 0 43.46402 1.329736 6002113 13 0 227.5341 1.778315 6002113 13 1 339 81231
1 0.4947012 0.3518164 0.5957602 0 161.4571 2.16944 6003113 13 0 107.809 1.682687 6003113 13 1 381 91400
1 0.2451584 0.1116618 0.4192517 1 25.95044 2.291364 6002113 13 1 47.56152 1.827179 6002113 13 1 415 99548
1 0.5974015 0.5689293 0.5935574 1 8.821237 1.868689 6002113 13 1 19.51372 1.461025 6002113 13 1 294 70438
1 0.5836614 0.5931804 0.5673237 1 47.05173 1.414719 6003113 13 0 80.25564 1.569893 6003113 13 1 341 81734
1 0.5272219 0.5691352 0.4820344 0 355.0924 1.647747 6003113 13 0 226.057 1.302836 6003113 13 1 343 82093
1 0.5618237 0.6205709 0.5052561 0 68.73192 1.600652 6003113 13 0 161.13 1.830597 6003113 13 1 344 82380
1 0.6032776 0.6076099 0.5877098 0 239.4726 1.27764 6003113 13 0 589.3752 1.982561 6003113 13 1 241 57763
1 0.4100112 0.6092409 0.2736143 0 57.13065 2.590389 6003113 13 0 232.3079 1.727373 6003113 13 1 284 68022
1 0.5167031 0.5506821 0.479012 1 53.11119 1.871658 6002113 13 1 18.70261 1.537858 6002113 13 1 394 94432
1 0.5964026 0.5417793 0.6069945 0 207.7949 1.603767 6003113 13 1 31.43413 1.737178 6003113 13 1 410 98287
1 0.5290058 0.5579008 0.4965126 1 19.50813 1.591002 6002113 13 1 33.31047 2.350462 6002113 13 1 411 98424
1 0.5213501 0.5671303 0.4736687 1 49.90014 1.838132 6002113 13 1 38.93925 1.442777 6002113 13 1 413 99013
1 0.5958909 0.5929161 0.5824302 0 149.1562 1.522408 6003113 13 1 37.51904 1.416718 6003113 13 1 5 1030
1 0.5952835 0.611509 0.5762983 0 61.67001 1.536083 6003113 13 0 239.2652 1.67051 6003113 13 1 37 8813
1 0.5952835 0.611509 0.5762983 0 61.67001 1.536083 6003113 13 0 239.2652 1.67051 6003113 13 1 37 8813
1 0.2047332 0.08404274 0.3795956 0 70.19393 1.724758 6002113 13 1 26.47431 1.384099 6002113 13 1 168 40236
1 0.8205639 0.9861007 0.6425961 1 54.43709 1.75009 6002113 13 0 82.34563 2.035808 6002113 13 1 321 76845
1 0.8205639 0.9861007 0.6425961 1 54.43709 1.75009 6002113 13 0 82.34563 2.035808 6002113 13 1 321 76845
1 0.7479302 0.8530712 0.6393862 0 45.17797 2.590473 6002113 13 0 66.90826 1.731998 6002113 13 1 321 76882
1 0.5895806 0.6030737 0.5720374 1 34.69403 2.446292 6002113 13 1 61.46597 1.828867 6002113 13 1 322 77222
1 0.5764854 0.5951216 0.5546703 0 53.32323 1.805331 6002113 13 1 27.13306 1.602514 6002113 13 1 322 77226
1 0.5764854 0.5951216 0.5546703 0 53.32323 1.805331 6002113 13 1 27.13306 1.602514 6002113 13 1 322 77226
1 0.4609929 0.6820365 0.3120403 1 40.74811 1.466614 6002113 13 0 56.0818 1.428031 6002113 13 1 328 78678
1 0.6136458 0.6014555 0.6027775 0 257.5534 1.740265 6003113 13 0 48.70734 1.478114 6003113 13 1 353 84665
1 0.3736025 0.2151899 0.5285726 1 28.95609 1.893008 6002113 13 1 49.5038 1.564511 6002113 13 1 364 87156
1 0.4609929 0.6820365 0.3120403 1 54.3093 1.655167 6002113 13 1 14.24514 2.430297 6002113 13 1 364 87175
1 0.3339646 0.5860365 0.187451 0 1060.85 2.267296 6003113 13 1 27.75207 3.781055 6003113 13 1 364 87202
1 0.4947012 0.3518164 0.5957602 0 91.27781 1.420266 6003113 13 1 19.80854 1.658232 6003113 13 1 364 87248
1 0.158545 0.05991846 0.3130569 0 100.6377 1.674734 6002113 13 0 50.67099 1.482383 6002113 13 1 367 87887
1 0.5764854 0.5951216 0.5546703 0 225.6265 2.090708 6003113 13 0 55.57067 1.394224 6003113 13 1 367 87928
1 0.5618237 0.6205709 0.5052561 1 17.18218 1.418764 6002113 13 1 45.14877 2.241596 6002113 13 1 367 87985
1 0.03241327 0.006380578 0.1109184 1 44.23579 1.490061 6002113 13 0 54.89321 1.786934 6002113 13 1 367 87990
1 0.6032776 0.6076099 0.5877098 0 82.446 1.646843 6003113 13 0 369.6621 1.42031 6003113 13 1 392 93897
1 0.5910162 0.5567505 0.5901788 1 1.762544 1.637346 6002113 13 0 103.8482 1.442886 6002113 13 1 392 93905
1 0.5244987 0.5683367 0.4779848 0 102.9691 1.424123 6003113 13 0 160.0142 1.379934 6003113 13 1 36 8478
1 0.5244987 0.5683367 0.4779848 0 102.9691 1.424123 6003113 13 0 160.0142 1.379934 6003113 13 1 36 8478
1 0.5964026 0.5417793 0.6069945 1 55.97123 2.053601 6002113 13 1 35.78236 1.6638 6002113 13 1 170 40689
1 0.5318362 0.3930153 0.6229063 1 11.04433 1.597211 6002113 13 1 35.2776 1.513645 6002113 13 1 262 62678
1 0.5910162 0.5567505 0.5901788 1 21.04347 1.440082 6002113 13 1 9.740297 1.886894 6002113 13 1 303 72654
1 0.7753953 0.8768815 0.6761842 0 160.0315 1.923602 6003113 13 0 103.8183 2.021943 6003113 13 1 303 72662
1 0.7753953 0.8768815 0.6761842 0 160.0315 1.923602 6003113 13 0 103.8183 2.021943 6003113 13 1 303 72662
1 0.5181258 0.5478516 0.4849526 1 60.87378 2.081041 6002113 13 1 36.09292 1.862081 6002113 13 1 304 72748
1 0.7834347 1.103071 0.5443225 0 59.79218 1.69098 6002113 13 0 114.1474 2.37134 6002113 13 1 333 79773
1 0.5836614 0.5931804 0.5673237 0 61.45759 1.737574 6003113 13 0 233.4801 1.796646 6003113 13 1 370 88743
1 0.5266237 0.5499548 0.4990422 1 54.28326 3.722365 6002113 13 0 90.33181 1.908477 6002113 13 1 9 1965
1 0.2646042 0.4246775 0.1631307 0 52.94846 1.448013 6002113 13 1 32.79528 1.662653 6002113 13 1 150 35953
1 0.2646042 0.4246775 0.1631307 0 52.94846 1.448013 6002113 13 1 32.79528 1.662653 6002113 13 1 150 35953
1 0.517458 0.550009 0.4813292 0 97.08138 1.708218 6002113 13 1 17.54634 1.333007 6002113 13 1 175 41898
1 0.6066679 0.6139975 0.5903023 1 13.24055 2.258814 6002113 13 1 39.12868 2.453843 6002113 13 1 256 61226
1 0.6136458 0.6014555 0.6027775 1 32.59009 1.566705 6002113 13 1 16.42433 1.872892 6002113 13 1 302 72315
1 0.6048125 0.5564877 0.6113285 0 128.544 2.539517 6002113 13 1 34.14442 1.797017 6002113 13 1 324 77725
1 0.5718377 0.6269594 0.5167355 0 90.03853 1.641356 6002113 13 1 17.11279 1.983883 6002113 13 1 338 80887
1 0.5167031 0.5506821 0.479012 1 43.19518 1.744497 6002113 13 1 34.35976 1.251504 6002113 13 1 357 85572
1 0.5167031 0.5506821 0.479012 1 43.19518 1.744497 6002113 13 1 34.35976 1.251504 6002113 13 1 357 85572
1 0.08053406 0.0225782 0.2003654 1 17.80778 1.179184 6003113 13 0 333.2766 2.344937 6003113 13 1 357 85673
1 0.5964026 0.5417793 0.6069945 0 76.4745 1.648374 6002113 13 1 25.5899 1.818109 6002113 13 1 358 85831
1 0.4374391 0.2808723 0.5684127 1 31.92217 1.444012 6002113 13 0 104.1421 1.8017 6002113 13 1 29 6891
1 0.6573245 0.7328399 0.586741 1 23.99074 1.46222 6002113 13 0 57.65751 1.450147 6002113 13 1 56 13214
1 0.6573245 0.7328399 0.586741 1 23.99074 1.46222 6002113 13 0 57.65751 1.450147 6002113 13 1 56 13214
1 0.2690341 0.1318973 0.4338007 0 28.38519 3.688829 6002113 13 0 82.50732 1.418115 6002113 13 1 73 17378
1 0.5739795 0.5919386 0.5532731 1 48.05258 1.730124 6002113 13 1 38.30855 1.650297 6002113 13 1 77 18437
1 0.5739795 0.5919386 0.5532731 1 48.05258 1.730124 6002113 13 1 38.30855 1.650297 6002113 13 1 77 18437
1 0.5318362 0.3930153 0.6229063 0 87.58662 2.279018 6002113 13 0 95.03095 1.613718 6002113 13 1 78 18631
1 0.5958909 0.5929161 0.5824302 1 16.14203 1.542463 6002113 13 0 87.72968 2.364966 6002113 13 1 103 24612
1 0.2272445 0.1009137 0.3964395 1 22.18817 1.375927 6002113 13 1 45.83047 2.132442 6002113 13 1 119 28510
1 0.2881128 0.1446569 0.4556899 0 154.3656 2.082279 6003113 13 0 85.64565 5.616648 6003113 13 1 146 34929
1 0.4787497 0.3205257 0.6027815 1 32.29117 2.02661 6002113 13 0 46.00412 1.343972 6002113 13 1 118 28241
1 0.5918038 0.5846312 0.5797378 1 16.26324 2.483843 6002113 13 1 27.28045 2.602684 6002113 13 1 130 31125
1 0.2881128 0.1446569 0.4556899 0 49.37009 1.234493 6002113 13 1 54.02091 1.841258 6002113 13 1 132 31547
1 0.5718377 0.6269594 0.5167355 0 94.10166 1.757317 6002113 13 0 78.3485 1.810971 6002113 13 1 132 31562
1 0.7876326 0.8878482 0.6917219 1 17.71646 1.635193 6002113 13 1 15.38921 1.263198 6002113 13 1 132 31598
1 0.5181258 0.5478516 0.4849526 0 90.39034 1.944937 6002113 13 1 37.98571 1.710714 6002113 13 1 156 37203
1 0.6573245 0.7328399 0.586741 0 77.56024 4.152082 6002113 13 1 60.63457 1.967563 6002113 13 1 157 37518
1 0.6136458 0.6014555 0.6027775 0 70.62493 1.812976 6002113 13 1 54.43776 1.585876 6002113 13 1 157 37530
1 0.6066679 0.6139975 0.5903023 0 90.5524 1.78897 6003113 13 0 99.17075 1.523554 6003113 13 1 158 37702
1 0.4758722 0.3318007 0.5814311 1 18.90791 1.513009 6002113 13 1 40.26523 1.640543 6002113 13 1 174 41632
1 0.0607434 0.01506151 0.1674532 0 79.62038 1.617996 6002113 13 1 24.05789 1.637208 6002113 13 1 207 49558
1 0.8795399 1.124261 0.6450055 0 189.918 1.786211 6003113 13 0 355.0483 1.77713 6003113 13 1 23 5520
1 0.5156123 0.5510817 0.476349 1 49.65197 1.664775 6002113 13 0 57.11751 1.397482 6002113 13 1 39 9143
1 0.5167031 0.5506821 0.479012 0 195.0743 1.93682 6003113 13 1 30.04455 1.344425 6003113 13 1 39 9297
1 0.5836614 0.5931804 0.5673237 0 104.9617 1.884929 6002113 13 1 49.50108 1.81634 6002113 13 1 40 9487
1 0.1532031 0.0546767 0.3159225 0 99.37333 1.840232 6003113 13 0 96.13427 1.41096 6003113 13 1 46 11040
1 0.3736025 0.2151899 0.5285726 0 96.14632 1.840165 6003113 13 1 51.15972 2.044556 6003113 13 1 53 12606
1 0.5266237 0.5499548 0.4990422 0 83.1804 3.354306 6003113 13 0 139.4418 2.563358 6003113 13 1 54 12926
1 0.7753953 0.8768815 0.6761842 0 65.44078 1.432763 6003113 13 0 215.8319 1.73525 6003113 13 1 109 25957
1 0.5866594 0.5983355 0.5696974 1 36.42464 1.735068 6002113 13 1 26.57409 1.363478 6002113 13 1 109 26086
1 0.5156123 0.5510817 0.476349 1 45.62417 1.399534 6002113 13 1 22.03419 1.517141 6002113 13 1 110 26168
1 0.5156123 0.5510817 0.476349 1 45.62417 1.399534 6002113 13 1 22.03419 1.517141 6002113 13 1 110 26168
1 0.5156123 0.5510817 0.476349 1 45.62417 1.399534 6002113 13 1 22.03419 1.517141 6002113 13 1 110 26168
1 0.7876326 0.8878482 0.6917219 0 149.2477 1.505103 6002113 13 1 39.94551 1.421703 6002113 13 1 191 45690
1 0.7753953 0.8768815 0.6761842 1 27.00605 1.481116 6002113 13 1 40.76111 1.607472 6002113 13 1 199 47554
1 0.5167031 0.5506821 0.479012 0 117.7688 3.584272 6003113 13 0 100.955 1.717315 6003113 13 1 199 47625
1 0.5774951 0.5107735 0.5972872 1 46.49135 1.478116 6002113 13 0 66.18199 1.399014 6002113 13 1 209 50046
1 0.5546474 0.5779464 0.5268154 0 67.77442 1.291395 6002113 13 1 23.60521 1.54494 6002113 13 1 210 50371
1 0.06818588 0.017431 0.1831226 0 273.7885 1.547255 6003113 13 1 34.01867 1.991028 6003113 13 1 228 54530
1 0.73212 0.8401718 0.6176243 0 78.27335 1.67679 6003113 13 0 69.26556 1.499845 6003113 13 1 233 55855
1 0.5746185 0.8494006 0.3960752 1 13.30269 2.129151 6002113 13 1 20.80317 1.557732 6002113 13 1 113 26946
1 0.588144 0.5054888 0.619637 0 141.0378 2.052969 6002113 13 0 35.12645 1.813481 6002113 13 1 178 42534
1 0.5873008 0.5265231 0.6023225 0 101.9909 1.537342 6002113 13 0 46.39812 1.311121 6002113 13 1 178 42572
1 0.567017 0.6240464 0.5111355 0 103.8811 1.543815 6002113 13 1 27.76675 1.447039 6002113 13 1 178 42707
1 0.4169807 0.2620942 0.5507454 0 47.65699 1.291331 6002113 13 1 18.16472 1.907359 6002113 13 1 194 46499
1 0.5282785 0.554262 0.4982984 1 19.12309 1.525062 6002113 13 0 76.74961 1.366956 6002113 13 1 203 48567
1 0.2221058 0.09363705 0.4034487 1 36.3191 2.395199 6002113 13 1 52.38611 2.086865 6002113 13 1 204 48913
1 0.7622492 0.8652949 0.6588318 1 37.81787 1.574537 6003113 13 1 10.87443 1.835559 6003113 13 1 249 59735
1 0.588144 0.5054888 0.619637 0 223.7229 1.379204 6003113 13 0 76.47735 1.546139 6003113 13 1 379 90754
1 0.7622492 0.8652949 0.6588318 1 23.70302 2.273237 6002113 13 0 49.99384 6.128194 6002113 13 1 386 92402
1 0.9330272 1.165662 0.6989502 1 56.69141 2.566203 6003113 13 0 24.01791 6.664439 6003113 13 1 33 7755
1 0.5774951 0.5107735 0.5972872 0 90.1916 1.426741 6002113 13 1 49.49068 1.572296 6002113 13 1 140 33364
1 0.5618237 0.6205709 0.5052561 0 79.705 1.854643 6002113 13 1 13.40227 1.556035 6002113 13 1 140 33387
1 0.5618237 0.6205709 0.5052561 0 79.705 1.854643 6002113 13 1 13.40227 1.556035 6002113 13 1 140 33387
1 0.3171137 0.5267799 0.1917663 1 40.97179 1.350329 6002113 13 1 54.0145 2.119177 6002113 13 1 276 66209
1 0.5958909 0.5929161 0.5824302 1 15.30771 1.404186 6002113 13 0 147.9698 1.552317 6002113 13 1 34 8071
1 0.5156123 0.5510817 0.476349 0 97.90583 1.402856 6002113 13 1 7.009189 1.491928 6002113 13 1 190 45414
1 0.567017 0.6240464 0.5111355 0 53.09303 1.399931 6002113 13 0 57.71528 1.432756 6002113 13 1 216 51690
1 0.2639978 0.1232767 0.4426338 0 223.61 1.319078 6003113 13 0 81.91561 1.99255 6003113 13 1 225 53771
1 0.6032551 0.5804401 0.5967605 0 62.38896 1.660501 6002113 13 1 40.85499 1.462663 6002113 13 1 237 56738
