0 0.4169807 0.2620942 0.5507454 0 61.0788 3.0032 1000022 13 0 8.939087 2.223259 1000022 13 1 22 7024
1 0.588144 0.5054888 0.619637 0 9.257612 1.495042 1000022 13 0 0.630834 2.069767 1000022 13 1 22 7025
1 0.5314228 0.5697247 0.4892392 1 3.657174 1.213889 1000022 13 0 5.567946 1.040629 1000022 13 1 22 7030
1 0.2272445 0.1009137 0.3964395 0 14.11339 2.938777 1000022 13 0 10.04393 1.500121 1000022 13 1 22 7031
1 0.9330272 1.165662 0.6989502 0 0.003580721 2.073925 1000022 13 1 16.22551 1.259158 1000022 13 1 22 7051
0 0.5762507 0.6293275 0.5220752 0 2.19346 1.101892 1000022 13 0 83.50524 1.043167 1000022 13 1 22 7061
0 0.7122802 1.022352 0.4932415 0 2.370871 1.900435 1000022 13 0 7.616352 1.505283 1000022 13 1 22 7077
1 0.5631819 0.4694994 0.6055688 1 2.009444 1.340935 1000022 13 0 4.466627 1.32825 1000022 13 1 22 7096
0 0.5290058 0.5579008 0.4965126 0 10.8241 31.63898 1000022 13 0 34.91883 1.809159 1000022 13 1 22 7106
1 0.5631819 0.4694994 0.6055688 1 10.06344 1.085525 1000022 13 0 42.68904 2.100674 1000022 13 1 22 7122
1 0.7753953 0.8768815 0.6761842 0 3.644619 1.707917 1000022 13 0 22.80238 2.738525 1000022 13 1 22 7138
1 0.517458 0.550009 0.4813292 0 13.36985 2.037008 1000022 13 0 9.590775 1.562734 1000022 13 1 22 7139
1 0.5895806 0.6030737 0.5720374 1 18.62989 1.039623 1000022 13 0 11.25555 1.20565 1000022 13 1 22 7145
1 0.5213501 0.5671303 0.4736687 0 35.09969 1.391143 1000022 13 0 3.009334 1.233944 1000022 13 1 22 7151
0 0.5314228 0.5697247 0.4892392 0 9.564555 2.905628 1000022 13 1 0.3501973 1.454363 1000022 13 1 22 7160
0 0.4374391 0.2808723 0.5684127 0 1.718714 1.659779 1000022 13 0 4.15016 3.157331 1000022 13 1 22 7172
0 0.567017 0.6240464 0.5111355 0 4.078891 5.291613 1000022 13 0 9.979127 1.758771 1000022 13 1 22 7194
0 0.5997139 0.5230071 0.6258666 0 19.07369 7.034613 1000022 13 0 18.0824 2.564601 1000022 13 1 22 7205
1 0.1396007 0.04838719 0.2943295 1 4.272141 1.104947 1000022 13 0 23.63231 1.738879 1000022 13 1 22 7212
0 0.4580497 0.3003624 0.5857744 0 3.208877 17.5496 1000022 13 0 32.50353 6.667102 1000022 13 1 22 7216
0 0.3634303 0.5613242 0.2305602 0 10.51693 2.95545 1000022 13 0 6.922173 1.690949 1000022 13 1 22 7225
0 0.55158 0.5725396 0.52633 0 5.601562 2.252168 1000022 13 0 20.77108 1.323892 1000022 13 1 22 7248
0 0.63258 0.7110067 0.558628 0 2.434339 2.059038 1000022 13 0 4.493739 1.964329 1000022 13 1 22 7259
0 0.5295258 0.5695821 0.4857943 0 39.66048 3.408967 1000022 13 0 22.41575 1.575577 1000022 13 1 22 7274
0 0.7753953 0.8768815 0.6761842 0 0.484877 12.75865 1000022 13 0 11.02137 7.09797 1000022 13 1 22 7299
1 0.5167031 0.5506821 0.479012 0 7.331158 4.157864 1000022 13 0 18.36774 2.925031 1000022 13 1 22 7306
0 0.5254593 0.4028046 0.5994089 0 5.419621 5.072434 1000022 13 0 37.12142 4.329873 1000022 13 1 23 7360
1 0.3736025 0.2151899 0.5285726 0 27.55186 3.945555 1000022 13 0 5.697844 1.197657 1000022 13 1 23 7366
0 0.003573192 0.0005337209 0.01990908 0 25.82897 2.09738 1000022 13 0 27.84689 4.846403 1000022 13 1 23 7381
0 0.5498481 0.4511571 0.5978136 0 16.27703 2.538851 1000022 13 0 1.427648 3.938707 1000022 13 1 23 7388
0 0.7622492 0.8652949 0.6588318 0 0.98814 4.981839 1000022 13 0 3.321866 3.815886 1000022 13 1 23 7436
0 0.5714342 0.5886496 0.5516996 0 0.3345143 7.633946 1000022 13 0 1.514501 1.183132 1000022 13 1 23 7486
0 0.8205639 0.9861007 0.6425961 0 3.775347 1.340836 1000022 13 0 0.5214117 1.848809 1000022 13 1 23 7487
0 0.8795399 1.124261 0.6450055 0 11.64996 5.983136 1000022 13 0 9.464389 2.792459 1000022 13 1 23 7512
1 0.5958909 0.5929161 0.5824302 0 4.713782 2.051434 1000022 13 0 24.28679 2.310091 1000022 13 1 23 7522
1 0.5181258 0.5478516 0.4849526 0 15.75655 1.600749 1000022 13 0 2.598971 1.218256 1000022 13 1 23 7534
0 0.517458 0.550009 0.4813292 0 5.440234 1.643448 1000022 13 0 38.20058 1.602577 1000022 13 1 23 7552
1 0.2639978 0.1232767 0.4426338 0 0.1477434 2.172381 1000022 13 0 1.490419 7.366719 1000022 13 1 23 7563
0 0.55158 0.5725396 0.52633 0 0.3485212 1.623134 1000022 13 0 33.83316 5.286041 1000022 13 1 23 7567
0 0.6086565 0.5913109 0.5998238 0 25.91223 4.905712 1000022 13 1 39.26495 1.202397 1000022 13 1 23 7572
0 0.517458 0.550009 0.4813292 0 7.2456 2.165817 1000022 13 0 8.660195 5.11138 1000022 13 1 23 7588
1 0.5275663 0.5521672 0.4987836 0 1.709023 1.842267 1000022 13 0 6.083703 1.238924 1000022 13 1 23 7596
0 0.5532137 0.5752672 0.5266728 0 23.9554 3.905565 1000022 13 0 9.271189 1.673541 1000022 13 1 23 7628
1 0.1532031 0.0546767 0.3159225 0 22.45436 2.592192 1000022 13 0 57.37167 13.22178 1000022 13 1 23 7651
0 0.6032776 0.6076099 0.5877098 0 4.674487 18.96767 1000022 13 0 25.06649 17.01639 1000022 13 1 23 7673
0 0.08965165 0.02592053 0.2175904 0 11.98989 1.931987 1000022 13 0 4.597634 1.563787 1000022 13 1 24 7690
0 0.6032551 0.5804401 0.5967605 0 23.09536 7.18937 1000022 13 0 72.56449 5.151597 1000022 13 1 24 7694
0 0.332514 0.1831242 0.4877928 0 42.91512 3.820023 1000022 13 0 31.11692 6.027012 1000022 13 1 24 7700
0 0.5244987 0.5683367 0.4779848 0 1.730575 2.395133 1000022 13 0 9.780369 10.80492 1000022 13 1 24 7733
1 0.5213501 0.5671303 0.4736687 0 13.65175 1.440713 1000022 13 0 3.509332 2.295279 1000022 13 1 24 7742
0 0.5573887 0.4424525 0.62027 0 14.42347 2.985649 1000022 13 0 67.90095 20.73902 1000022 13 1 24 7744
0 0.6136458 0.6014555 0.6027775 0 10.40266 1.334447 1000022 13 0 33.46238 1.903055 1000022 13 1 24 7773
0 0.5254593 0.4028046 0.5994089 0 2.778114 2.309861 1000022 13 0 19.23331 2.247226 1000022 13 1 24 7812
0 0.5618237 0.6205709 0.5052561 0 37.81733 16.58441 1000022 13 0 16.60489 8.747134 1000022 13 1 24 7837
1 0.5266237 0.5499548 0.4990422 0 12.13992 3.239697 1000022 13 0 12.10178 1.380635 1000022 13 1 24 7846
0 0.5866594 0.5983355 0.5696974 0 14.08086 2.51974 1000022 13 0 43.46335 1.105654 1000022 13 1 24 7872
0 0.5759591 0.4876316 0.6128632 0 2.859565 3.501981 1000022 13 0 3.372717 3.47114 1000022 13 1 24 7888
1 0.5546474 0.5779464 0.5268154 0 2.107328 1.598612 1000022 13 0 16.68174 1.175559 1000022 13 1 24 7891
1 0.5974015 0.5689293 0.5935574 0 64.55957 1.19192 1000022 13 0 10.17777 3.665169 1000022 13 1 24 7892
1 0.05400157 0.01299014 0.1528512 0 16.52585 2.258195 1000022 13 0 4.839951 1.437585 1000022 13 1 24 7895
0 0.7025557 0.9670474 0.4916945 0 1.54557 2.987075 1000022 13 0 26.23122 4.736362 1000022 13 1 24 7900
0 0.6032551 0.5804401 0.5967605 0 26.66279 1.460418 1000022 13 0 26.52619 1.725949 1000022 13 1 24 7905
0 0.6086565 0.5913109 0.5998238 0 5.90012 14.38441 1000022 13 0 18.06229 8.991038 1000022 13 1 24 7907
1 0.5318362 0.3930153 0.6229063 0 27.21672 1.79683 1000022 13 0 77.2171 1.079625 1000022 13 1 24 7909
0 0.5821005 0.8557132 0.4029537 0 62.57677 1.467037 1000022 13 0 0.3000824 3.791307 1000022 13 1 24 7925
1 0.5244987 0.5683367 0.4779848 0 7.851654 1.903576 1000022 13 0 0.1039843 3.6332 1000022 13 1 24 7958
0 0.5497594 0.569738 0.5257817 0 19.57482 4.549185 1000022 13 0 32.36825 26.62709 1000022 13 1 24 7961
0 0.2102512 0.09099275 0.3742424 0 21.57575 3.000993 1000022 13 0 34.20001 5.756266 1000022 13 1 25 8024
0 0.6048125 0.5564877 0.6113285 0 20.79111 3.188179 1000022 13 0 7.301676 1.728848 1000022 13 1 25 8063
0 0.5416277 0.4226007 0.6101028 0 31.34191 5.578862 1000022 13 0 27.57459 3.123506 1000022 13 1 25 8092
1 0.5532137 0.5752672 0.5266728 0 28.91807 3.530796 1000022 13 1 0.02455182 1.547376 1000022 13 1 25 8113
1 0.7622492 0.8652949 0.6588318 0 21.32617 2.647346 1000022 13 0 40.43014 5.666409 1000022 13 1 25 8127
1 0.5266237 0.5499548 0.4990422 1 1.394071 1.191197 1000022 13 1 1.25238 3.49206 1000022 13 1 25 8186
1 0.5498481 0.4511571 0.5978136 0 11.33058 1.534627 1000022 13 0 8.925036 1.76703 1000022 13 1 25 8217
0 0.517458 0.550009 0.4813292 0 30.33443 11.44747 1000022 13 0 22.52659 1.406935 1000022 13 1 25 8228
0 0.3079744 0.1583086 0.4778822 0 0.3625758 1.861165 1000022 13 0 2.488805 1.517213 1000022 13 1 25 8251
1 0.5272219 0.5691352 0.4820344 0 23.1186 3.881038 1000022 13 0 27.39947 1.331582 1000022 13 1 25 8266
0 0.7479302 0.8530712 0.6393862 0 9.458151 4.054314 1000022 13 0 2.291652 1.495041 1000022 13 1 25 8274
1 0.5631819 0.4694994 0.6055688 1 10.8656 2.583409 1000022 13 0 7.463092 2.031752 1000022 13 1 25 8284
0 0.73212 0.8401718 0.6176243 0 7.160882 3.093889 1000022 13 0 37.97116 3.660893 1000022 13 1 25 8287
0 0.5295258 0.5695821 0.4857943 0 20.47474 2.685013 1000022 13 0 23.66134 2.139844 1000022 13 1 25 8292
1 0.5762507 0.6293275 0.5220752 0 49.39994 2.598433 1000022 13 0 13.14737 2.70391 1000022 13 1 25 8295
1 0.5181258 0.5478516 0.4849526 0 33.40182 3.264049 1000022 13 0 9.482943 1.657561 1000022 13 1 25 8313
1 0.1269531 0.04272098 0.2737629 0 9.693737 1.766241 1000022 13 0 2.253477 1.824175 1000022 13 1 25 8317
0 0.005227464 0.0007774397 0.02718527 0 32.84701 1.150417 1000022 13 0 4.725378 1.763519 1000022 13 1 25 8341
1 0.5546474 0.5779464 0.5268154 0 4.751535 1.721565 1000022 13 1 7.062585 1.485631 1000022 13 1 25 8348
1 0.6448439 0.9391438 0.4462655 0 4.953462 1.407272 1000022 13 1 3.605447 1.311329 1000022 13 1 27 8690
0 0.2837624 0.1357965 0.466535 0 16.32852 3.048645 1000022 13 0 15.64446 1.511554 1000022 13 1 27 8694
1 0.4374391 0.2808723 0.5684127 0 21.96443 1.377829 1000022 13 1 8.252001 1.391086 1000022 13 1 27 8709
0 0.4374391 0.2808723 0.5684127 0 2.030377 1.619996 1000022 13 0 1.966303 4.639028 1000022 13 1 27 8720
0 0.0007403278 0.0001470074 0.00425537 0 33.4352 4.386224 1000022 13 0 0.4313505 2.142752 1000022 13 1 27 8740
0 0.5873008 0.5265231 0.6023225 0 23.92006 8.360934 1000022 13 0 5.561135 1.22552 1000022 13 1 27 8769
0 0.5416277 0.4226007 0.6101028 0 12.45652 2.541514 1000022 13 0 37.61562 2.917531 1000022 13 1 27 8866
1 0.6032551 0.5804401 0.5967605 0 5.68131 6.108134 1000022 13 0 1.373926 1.227142 1000022 13 1 27 8885
0 0.5314228 0.5697247 0.4892392 0 39.68102 3.532785 1000022 13 0 12.81016 3.240474 1000022 13 1 27 8886
1 0.5314228 0.5697247 0.4892392 1 17.26875 1.328975 1000022 13 0 3.710602 3.979417 1000022 13 1 27 8900
1 0.5179189 0.5490608 0.4833063 0 4.568564 3.351807 1000022 13 0 2.730719 4.147849 1000022 13 1 27 8926
0 0.4374391 0.2808723 0.5684127 0 4.731347 3.349058 1000022 13 0 8.17832 1.8696 1000022 13 1 27 8934
1 0.9330272 1.165662 0.6989502 0 0.5305502 2.545373 1000022 13 0 35.94011 2.158139 1000022 13 1 27 8956
1 0.5631819 0.4694994 0.6055688 0 50.63488 1.268861 1000022 13 0 0.7837956 1.478833 1000022 13 1 27 8971
1 0.5974015 0.5689293 0.5935574 0 8.981625 1.690109 1000022 13 0 0.08826042 2.731407 1000022 13 1 27 9017
1 0.5762507 0.6293275 0.5220752 0 5.326207 2.771508 1000022 13 0 1.818643 1.379526 1000022 13 1 28 9051
0 0.5762507 0.6293275 0.5220752 0 6.458162 1.71252 1000022 13 0 1.250703 16.51887 1000022 13 1 28 9064
0 0.02300672 0.0041003 0.08776114 0 22.17705 1.410728 1000022 13 0 24.46628 2.346963 1000022 13 1 28 9110
0 0.5788639 0.5982325 0.5558819 0 0.2069862 1.41404 1000022 13 0 15.40047 4.25514 1000022 13 1 28 9136
1 0.5275663 0.5521672 0.4987836 1 10.84237 1.460347 1000022 13 0 2.313229 1.830199 1000022 13 1 28 9204
1 0.5287565 0.5561895 0.4975524 0 55.9642 2.305697 1000022 13 0 12.95507 3.710887 1000022 13 1 28 9206
1 0.02161848 0.003944366 0.08027452 0 8.371932 2.070971 1000022 13 0 21.48756 2.197898 1000022 13 1 28 9213
1 0.5272219 0.5691352 0.4820344 0 1.088477 1.556193 1000022 13 0 9.829495 1.606151 1000022 13 1 28 9248
0 0.5498481 0.4511571 0.5978136 0 19.10029 1.424333 1000022 13 0 13.22041 1.46344 1000022 13 1 28 9256
0 0.5167031 0.5506821 0.479012 0 10.40736 11.60506 1000022 13 0 35.56965 1.956189 1000022 13 1 28 9261
1 0.612693 0.570597 0.6153595 0 4.621691 1.991331 1000022 13 0 39.81699 2.170029 1000022 13 1 28 9296
1 0.6066679 0.6139975 0.5903023 0 9.911934 1.342764 1000022 13 0 0.1785865 1.454908 1000022 13 1 28 9305
0 0.5997139 0.5230071 0.6258666 0 6.188103 1.325704 1000022 13 0 5.134048 3.953636 1000022 13 1 28 9311
0 0.7753953 0.8768815 0.6761842 0 14.10455 1.362156 1000022 13 0 1.655751 4.923209 1000022 13 1 28 9325
0 0.5958909 0.5929161 0.5824302 0 10.98595 1.305856 1000022 13 0 36.56754 4.305686 1000022 13 1 28 9332
1 0.5532137 0.5752672 0.5266728 0 14.13358 3.781543 1000022 13 0 15.17628 3.320125 1000022 13 1 28 9343
1 0.6086565 0.5913109 0.5998238 0 37.0576 2.32227 1000022 13 0 21.92089 3.215751 1000022 13 1 16 5023
0 0.2102512 0.09099275 0.3742424 0 7.213895 1.423864 1000022 13 0 2.918852 2.001418 1000022 13 1 16 5026
1 0.2613127 0.4399297 0.1568884 1 6.727398 2.87782 1000022 13 0 8.835368 2.573518 1000022 13 1 16 5037
1 0.4580497 0.3003624 0.5857744 0 6.038098 1.212183 1000022 13 0 6.781889 1.767384 1000022 13 1 16 5039
1 0.5213501 0.5671303 0.4736687 0 51.73408 1.931374 1000022 13 0 5.088659 2.604194 1000022 13 1 16 5051
0 0.4580497 0.3003624 0.5857744 0 4.95505 25.91687 1000022 13 0 32.19004 2.502216 1000022 13 1 16 5066
0 0.6136458 0.6014555 0.6027775 0 7.669692 3.806627 1000022 13 0 4.631597 2.084661 1000022 13 1 16 5071
0 0.09959436 0.02969352 0.2358939 0 15.82398 1.652411 1000022 13 0 7.650959 4.862629 1000022 13 1 16 5103
0 0.5562873 0.6165259 0.4990861 0 12.16631 1.585314 1000022 13 1 30.6324 1.925667 1000022 13 1 16 5125
1 0.5244179 0.7743813 0.3627396 0 5.379083 2.467818 1000022 13 0 14.92524 1.629082 1000022 13 1 16 5129
1 0.649493 0.7260728 0.5780458 0 0.3329609 1.056705 1000022 13 0 8.078905 1.054087 1000022 13 1 16 5146
1 0.5498481 0.4511571 0.5978136 0 0.2709595 3.103368 1000022 13 0 2.245131 1.1923 1000022 13 1 16 5152
0 0.2221058 0.09363705 0.4034487 0 15.22595 64.99913 1000022 13 0 27.42533 1.503201 1000022 13 1 16 5186
0 0.6086565 0.5913109 0.5998238 0 89.63252 5.365156 1000022 13 0 25.55223 1.580602 1000022 13 1 16 5194
0 0.5272219 0.5691352 0.4820344 0 18.72137 1.708043 1000022 13 0 2.538952 1.469033 1000022 13 1 16 5207
1 0.5167031 0.5506821 0.479012 0 5.899453 3.486773 1000022 13 0 11.80818 1.404862 1000022 13 1 16 5214
0 0.332514 0.1831242 0.4877928 0 11.52193 2.504961 1000022 13 0 5.294295 3.978122 1000022 13 1 16 5253
0 0.4569478 0.3122552 0.56665 0 4.709185 3.142095 1000022 13 0 15.12485 10.96674 1000022 13 1 16 5254
0 0.6032776 0.6076099 0.5877098 0 20.39859 1.749977 1000022 13 0 1.983901 1.601624 1000022 13 1 16 5258
0 0.332514 0.1831242 0.4877928 0 100.4278 10.24514 1000022 13 0 6.679072 3.415397 1000022 13 1 16 5263
1 0.5997004 0.600599 0.585084 1 9.192988 1.062595 1000022 13 0 1.396838 1.73365 1000022 13 1 16 5326
1 0.3117667 0.4907445 0.1947719 0 22.03054 4.822146 1000022 13 0 32.74797 1.236948 1000022 13 1 18 5717
1 0.5290058 0.5579008 0.4965126 0 19.05993 1.385305 1000022 13 1 1.071951 2.062325 1000022 13 1 18 5735
1 0.5958909 0.5929161 0.5824302 0 23.46861 1.090353 1000022 13 0 50.12872 1.19729 1000022 13 1 18 5748
0 0.6136458 0.6014555 0.6027775 0 9.381111 3.547461 1000022 13 0 1.762564 1.488596 1000022 13 1 18 5758
0 0.5181258 0.5478516 0.4849526 0 4.993045 9.481631 1000022 13 0 8.953711 1.642313 1000022 13 1 18 5787
0 0.5532137 0.5752672 0.5266728 0 40.93097 4.298479 1000022 13 0 77.65993 3.144216 1000022 13 1 18 5802
1 0.5952835 0.611509 0.5762983 0 6.469022 1.967238 1000022 13 1 8.999661 2.219158 1000022 13 1 18 5805
0 0.5924498 0.6074459 0.5742529 0 12.47199 2.245769 1000022 13 0 21.45133 1.302479 1000022 13 1 18 5811
0 0.5873008 0.5265231 0.6023225 0 2.855638 1.322559 1000022 13 0 32.08981 4.464021 1000022 13 1 18 5828
1 0.2881128 0.1446569 0.4556899 0 36.90281 1.166895 1000022 13 0 1.789944 1.542527 1000022 13 1 18 5842
0 0.588144 0.5054888 0.619637 0 37.64042 4.196946 1000022 13 1 3.840025 1.596551 1000022 13 1 18 5862
1 0.5272219 0.5691352 0.4820344 0 10.49696 1.617478 1000022 13 0 10.03228 1.688517 1000022 13 1 18 5865
1 0.5133753 0.3722426 0.6095979 1 5.008358 1.158448 1000022 13 0 47.8146 1.906397 1000022 13 1 18 5867
1 0.4191984 0.6366879 0.2704611 0 14.84034 1.41839 1000022 13 0 2.919827 1.905443 1000022 13 1 18 5878
1 0.7622492 0.8652949 0.6588318 0 6.486445 1.831468 1000022 13 1 24.75779 1.883193 1000022 13 1 18 5891
1 0.1677999 0.06163852 0.3385446 1 9.606345 1.201873 1000022 13 0 0.8166629 1.456018 1000022 13 1 18 5903
0 0.3079744 0.1583086 0.4778822 0 43.06751 20.78625 1000022 13 0 15.81712 3.763699 1000022 13 1 18 5907
0 0.5156123 0.5510817 0.476349 0 20.39621 1.944336 1000022 13 0 5.571369 1.901489 1000022 13 1 18 5923
1 0.5562873 0.6165259 0.4990861 0 3.590604 2.30552 1000022 13 1 0.4097006 1.787057 1000022 13 1 18 6007
1 0.3285948 0.1728787 0.5003204 0 7.494275 1.70653 1000022 13 0 0.2441384 1.876045 1000022 13 1 18 6012
0 0.5866594 0.5983355 0.5696974 0 23.42048 1.558731 1000022 13 0 3.136975 7.055357 1000022 13 1 19 6034
0 0.4787497 0.3205257 0.6027815 0 13.04204 1.186601 1000022 13 0 3.814781 1.569865 1000022 13 1 19 6052
0 0.5244179 0.7743813 0.3627396 0 0.07518115 1.644096 1000022 13 0 1.656639 8.371541 1000022 13 1 19 6058
0 0.5688243 0.5852158 0.5499623 0 24.01633 3.447849 1000022 13 0 5.837335 11.83846 1000022 13 1 19 6061
0 0.5688243 0.5852158 0.5499623 0 2.104852 7.072833 1000022 13 0 8.532861 17.00191 1000022 13 1 19 6069
0 0.7631126 1.024915 0.5403691 0 9.993599 3.240242 1000022 13 0 11.74895 1.685137 1000022 13 1 19 6074
1 0.1729127 0.2966503 0.1016225 0 10.31425 2.385688 1000022 13 0 4.637491 1.240565 1000022 13 1 19 6118
1 0.5272219 0.5691352 0.4820344 0 3.943135 3.185145 1000022 13 0 36.81756 5.000425 1000022 13 1 19 6151
0 0.2881128 0.1446569 0.4556899 0 18.5683 4.11852 1000022 13 0 7.162816 1.767522 1000022 13 1 19 6231
0 0.5498481 0.4511571 0.5978136 0 95.52673 10.14489 1000022 13 0 1.3524 5.597133 1000022 13 1 19 6241
0 0.5497594 0.569738 0.5257817 0 14.42337 2.554385 1000022 13 0 25.03913 1.834486 1000022 13 1 19 6260
1 0.5688243 0.5852158 0.5499623 1 10.4283 1.171175 1000022 13 0 5.587067 1.32734 1000022 13 1 19 6270
1 0.5746185 0.8494006 0.3960752 0 25.77494 1.727151 1000022 13 0 9.536703 2.243383 1000022 13 1 19 6285
0 0.5133753 0.3722426 0.6095979 0 11.49389 2.296062 1000022 13 0 1.607119 5.869755 1000022 13 1 19 6306
1 0.612693 0.570597 0.6153595 0 9.567408 1.649063 1000022 13 0 0.0799702 2.810846 1000022 13 1 19 6308
1 0.5244987 0.5683367 0.4779848 1 24.65462 1.199541 1000022 13 0 3.154067 3.454153 1000022 13 1 19 6328
1 0.4166096 0.2507721 0.5691213 0 12.24609 1.211237 1000022 13 0 8.821855 1.944046 1000022 13 1 26 8359
0 0.8525429 1.008901 0.681981 0 11.76044 2.884628 1000022 13 0 7.505552 14.3748 1000022 13 1 26 8375
0 0.1269531 0.04272098 0.2737629 0 5.19244 3.279448 1000022 13 0 16.35235 11.51535 1000022 13 1 26 8382
0 0.2221058 0.09363705 0.4034487 0 7.041028 1.872244 1000022 13 1 11.39393 1.364938 1000022 13 1 26 8394
0 0.3285948 0.1728787 0.5003204 0 3.495845 1.366474 1000022 13 0 56.26877 2.190725 1000022 13 1 26 8402
1 0.5290058 0.5579008 0.4965126 0 3.950316 1.289938 1000022 13 0 22.54689 1.680942 1000022 13 1 26 8418
1 0.3948935 0.2325427 0.5489042 1 7.182308 1.112774 1000022 13 0 11.81293 1.607234 1000022 13 1 26 8474
1 0.02836943 0.005440299 0.09976966 0 6.331935 1.579305 1000022 13 0 96.13245 1.117692 1000022 13 1 26 8476
0 0.4947012 0.3518164 0.5957602 0 2.102068 2.195669 1000022 13 0 22.6964 1.301808 1000022 13 1 26 8499
1 0.7834347 1.103071 0.5443225 0 18.10683 3.186129 1000022 13 0 28.08286 2.071 1000022 13 1 26 8505
1 0.5918038 0.5846312 0.5797378 1 5.971467 1.160211 1000022 13 0 2.707359 1.824447 1000022 13 1 26 8509
0 0.5964026 0.5417793 0.6069945 0 1.340449 1.139473 1000022 13 0 1.67134 1.92872 1000022 13 1 26 8514
1 0.5997139 0.5230071 0.6258666 0 2.892159 2.169767 1000022 13 0 0.1839238 4.093792 1000022 13 1 26 8528
1 0.612693 0.570597 0.6153595 0 10.51097 1.286 1000022 13 1 15.24033 3.027713 1000022 13 1 26 8539
1 0.5836614 0.5931804 0.5673237 0 7.055593 6.083324 1000022 13 0 9.140485 4.743207 1000022 13 1 26 8549
0 0.3967369 0.2440586 0.532822 0 12.65272 2.074022 1000022 13 0 0.8591287 6.694688 1000022 13 1 26 8555
0 0.5952835 0.611509 0.5762983 0 36.72437 1.163572 1000022 13 1 15.08994 1.086836 1000022 13 1 26 8565
1 0.3079744 0.1583086 0.4778822 1 11.71423 1.361127 1000022 13 0 17.09412 1.459468 1000022 13 1 26 8583
1 0.1677999 0.06163852 0.3385446 0 12.16309 1.328083 1000022 13 0 1.950192 2.50043 1000022 13 1 26 8597
0 0.2639978 0.1232767 0.4426338 0 2.643535 2.308555 1000022 13 0 38.19944 1.255814 1000022 13 1 26 8603
0 0.6448439 0.9391438 0.4462655 0 31.74301 2.540652 1000022 13 0 46.70261 1.094673 1000022 13 1 26 8639
0 0.5618237 0.6205709 0.5052561 0 6.759593 1.745056 1000022 13 0 28.5445 1.552916 1000022 13 1 26 8652
0 0.5739795 0.5919386 0.5532731 0 8.477531 2.70066 1000022 13 0 3.64176 17.52032 1000022 13 1 26 8660
0 0.5739795 0.5919386 0.5532731 0 41.15863 1.286785 1000022 13 0 15.19557 1.591533 1000022 13 1 26 8661
0 0.8205639 0.9861007 0.6425961 0 8.905029 1.482447 1000022 13 0 0.6537752 2.503994 1000022 13 1 29 9402
1 0.02478621 0.00463422 0.08957542 0 2.805815 1.732081 1000022 13 0 25.69126 2.337927 1000022 13 1 29 9414
1 0.4787497 0.3205257 0.6027815 1 11.64268 2.106262 1000022 13 0 5.63465 2.229637 1000022 13 1 29 9421
0 0.5739795 0.5919386 0.5532731 0 16.26866 10.95759 1000022 13 0 1.975705 1.957035 1000022 13 1 29 9424
1 0.5718377 0.6269594 0.5167355 1 25.11134 1.458447 1000022 13 0 3.520017 1.652132 1000022 13 1 29 9432
0 0.5244987 0.5683367 0.4779848 0 37.86361 2.060298 1000022 13 0 5.079096 1.113789 1000022 13 1 29 9439
0 0.5477981 0.5668843 0.5250256 0 5.127918 1.25245 1000022 13 0 17.36203 1.312696 1000022 13 1 29 9452
0 0.5974015 0.5689293 0.5935574 0 45.60143 2.361065 1000022 13 0 8.25824 2.627029 1000022 13 1 29 9459
1 0.5314228 0.5697247 0.4892392 0 5.619561 2.366287 1000022 13 0 10.01348 1.63677 1000022 13 1 29 9465
0 0.4569478 0.3122552 0.56665 0 6.058669 1.300959 1000022 13 0 9.380558 1.112798 1000022 13 1 29 9495
1 0.5762507 0.6293275 0.5220752 0 17.63201 1.79185 1000022 13 0 9.670822 1.449086 1000022 13 1 29 9505
1 0.9061426 1.048168 0.7526054 0 25.40589 1.067343 1000022 13 0 3.282947 3.848582 1000022 13 1 29 9534
1 0.5287565 0.5561895 0.4975524 0 32.19835 1.287497 1000022 13 0 0.8462843 1.528774 1000022 13 1 29 9587
1 0.7479302 0.8530712 0.6393862 0 0.02812496 1.25603 1000022 13 1 37.34855 1.205679 1000022 13 1 29 9591
0 0.3079744 0.1583086 0.4778822 0 14.04674 3.712451 1000022 13 0 5.898448 1.499742 1000022 13 1 29 9603
1 0.5498481 0.4511571 0.5978136 0 20.98238 3.192622 1000022 13 0 14.49094 3.606319 1000022 13 1 29 9628
0 0.5618237 0.6205709 0.5052561 0 6.746636 1.131196 1000022 13 0 7.736676 1.908238 1000022 13 1 29 9641
0 0.5266237 0.5499548 0.4990422 0 13.68555 18.74652 1000022 13 0 1.483876 1.093795 1000022 13 1 29 9651
1 0.5631819 0.4694994 0.6055688 0 34.4435 1.357568 1000022 13 0 8.13246 3.135855 1000022 13 1 29 9658
0 0.5181258 0.5478516 0.4849526 0 1.500284 3.140387 1000022 13 0 19.17316 2.330439 1000022 13 1 29 9672
0 0.6032776 0.6076099 0.5877098 0 18.57597 3.617336 1000022 13 0 3.064612 5.339508 1000022 13 1 29 9686
1 0.9061426 1.048168 0.7526054 0 1.972641 2.328069 1000022 13 0 1.519938 9.066854 1000022 13 1 30 9718
1 0.5739795 0.5919386 0.5532731 0 31.73716 4.12374 1000022 13 0 23.19275 1.785576 1000022 13 1 30 9751
0 0.55158 0.5725396 0.52633 0 70.05882 1.475805 1000022 13 0 1.381781 1.913344 1000022 13 1 30 9755
1 0.5179189 0.5490608 0.4833063 0 0.06265248 4.875984 1000022 13 0 38.95494 7.07284 1000022 13 1 30 9767
0 0.5498481 0.4511571 0.5978136 0 25.9485 2.099452 1000022 13 0 5.920432 1.766592 1000022 13 1 30 9822
1 0.63258 0.7110067 0.558628 0 19.91989 1.776951 1000022 13 1 6.840694 2.985368 1000022 13 1 30 9827
0 0.3527923 0.1987178 0.5081832 0 63.26941 3.290442 1000022 13 0 8.555632 1.553738 1000022 13 1 30 9837
0 0.5910162 0.5567505 0.5901788 0 2.694589 1.154369 1000022 13 0 10.19176 1.143523 1000022 13 1 30 9866
0 0.63258 0.7110067 0.558628 0 5.919829 1.84819 1000022 13 0 3.409552 2.91868 1000022 13 1 30 9888
0 0.08965165 0.02592053 0.2175904 0 1.290184 2.87018 1000022 13 0 17.23898 2.064345 1000022 13 1 30 9894
0 0.6032551 0.5804401 0.5967605 0 21.32079 3.635811 1000022 13 0 12.30912 2.484689 1000022 13 1 30 9906
0 0.8525429 1.008901 0.681981 0 14.81986 5.824685 1000022 13 0 6.345841 3.240955 1000022 13 1 30 9924
0 0.5964026 0.5417793 0.6069945 0 2.480544 3.12211 1000022 13 0 46.46755 2.376217 1000022 13 1 30 9937
1 0.517458 0.550009 0.4813292 0 36.62716 1.398921 1000022 13 0 35.56257 1.96465 1000022 13 1 28 9349
0 0.9061426 1.048168 0.7526054 0 67.05274 2.425327 1000022 13 0 11.62354 1.70653 1000022 13 1 28 9350
0 0.5688243 0.5852158 0.5499623 0 44.75936 1.533649 1000022 13 0 0.4367833 1.364472 1000022 13 1 1 5
1 0.5314228 0.5697247 0.4892392 0 12.3217 2.928334 1000022 13 0 2.356135 2.20434 1000022 13 1 1 7
1 0.5282785 0.554262 0.4982984 0 4.078288 3.279088 1000022 13 0 5.395032 4.018121 1000022 13 1 1 22
1 0.5573887 0.4424525 0.62027 1 44.11383 1.845654 1000022 13 1 4.393685 1.04097 1000022 13 1 1 23
0 0.5314228 0.5697247 0.4892392 0 13.37324 5.11829 1000022 13 0 42.61021 3.365356 1000022 13 1 1 72
0 0.5275663 0.5521672 0.4987836 0 13.81238 5.603222 1000022 13 0 13.99709 1.14427 1000022 13 1 1 75
1 0.5498481 0.4511571 0.5978136 0 9.864219 3.04535 1000022 13 0 21.7498 2.038882 1000022 13 1 1 78
1 0.8225547 1.0774 0.5917727 0 6.217863 2.175783 1000022 13 0 19.63478 1.404745 1000022 13 1 1 93
0 0.5726925 0.4622901 0.6298592 0 4.005422 2.565649 1000022 13 0 19.37012 6.229271 1000022 13 1 1 105
0 0.5726925 0.4622901 0.6298592 0 11.63431 1.768161 1000022 13 0 28.85071 2.857531 1000022 13 1 1 122
0 0.5477981 0.5668843 0.5250256 0 19.40296 4.980611 1000022 13 0 5.020825 1.146833 1000022 13 1 1 167
1 0.5631819 0.4694994 0.6055688 0 10.88187 2.87902 1000022 13 1 9.470719 1.454511 1000022 13 1 1 190
1 0.2221058 0.09363705 0.4034487 0 13.8899 1.462408 1000022 13 0 5.492336 1.829176 1000022 13 1 1 229
0 0.5997139 0.5230071 0.6258666 0 26.1634 1.278388 1000022 13 0 2.055277 2.021235 1000022 13 1 1 237
1 0.5964026 0.5417793 0.6069945 0 10.54639 1.45354 1000022 13 1 7.447008 1.406826 1000022 13 1 1 240
1 0.08965165 0.02592053 0.2175904 1 35.19982 2.430738 1000022 13 1 13.33278 1.618187 1000022 13 1 1 244
0 0.5287565 0.5561895 0.4975524 0 2.422134 9.591178 1000022 13 0 7.151217 16.89367 1000022 13 1 1 248
0 0.7876326 0.8878482 0.6917219 0 67.92007 8.089302 1000022 13 0 1.561195 4.855352 1000022 13 1 1 275
1 0.7631126 1.024915 0.5403691 1 19.24212 2.269419 1000022 13 0 10.14461 1.4667 1000022 13 1 1 289
0 0.517458 0.550009 0.4813292 0 10.07544 1.25362 1000022 13 0 24.57002 1.478622 1000022 13 1 1 291
0 0.5895806 0.6030737 0.5720374 0 6.652563 2.359628 1000022 13 0 1.626307 3.61316 1000022 13 1 1 317
0 0.3285948 0.1728787 0.5003204 0 24.97678 1.565851 1000022 13 0 4.817464 1.666255 1000022 13 1 1 330
0 0.7753953 0.8768815 0.6761842 0 23.52718 1.742727 1000022 13 0 16.54928 3.771985 1000022 13 1 1 331
1 0.5287565 0.5561895 0.4975524 1 33.86251 1.67084 1000022 13 0 30.71478 1.11844 1000022 13 1 12 3694
0 0.7753953 0.8768815 0.6761842 0 29.4781 4.333698 1000022 13 0 0.04152561 1.393262 1000022 13 1 12 3695
0 0.5287565 0.5561895 0.4975524 0 11.54262 1.286038 1000022 13 0 31.47852 3.025284 1000022 13 1 12 3708
0 0.5089338 0.3831331 0.5881627 0 47.21992 1.513978 1000022 13 0 19.0403 1.342294 1000022 13 1 12 3727
1 0.5532137 0.5752672 0.5266728 0 0.4518131 1.090495 1000022 13 1 22.2206 1.48845 1000022 13 1 12 3737
0 0.5774951 0.5107735 0.5972872 0 0.8824912 1.107333 1000022 13 0 0.6858627 9.394721 1000022 13 1 12 3742
1 0.5532137 0.5752672 0.5266728 1 103.3883 1.56996 1000022 13 0 1.291283 2.45515 1000022 13 1 12 3758
1 0.6647661 0.7390303 0.5949469 1 43.71088 1.237995 1000022 13 1 1.299148 1.147159 1000022 13 1 12 3772
1 0.5774951 0.5107735 0.5972872 0 20.72298 27.12824 1000022 13 0 27.90409 4.492482 1000022 13 1 12 3847
1 0.02161848 0.003944366 0.08027452 0 26.63354 1.646222 1000022 13 0 1.417165 1.300657 1000022 13 1 12 3866
0 0.5477981 0.5668843 0.5250256 0 11.31598 2.645024 1000022 13 0 8.535326 1.629113 1000022 13 1 12 3896
1 0.6573245 0.7328399 0.586741 0 33.34289 1.676823 1000022 13 0 5.50542 2.992557 1000022 13 1 12 3915
0 0.3527923 0.1987178 0.5081832 0 18.40097 6.183302 1000022 13 0 16.05097 1.984527 1000022 13 1 12 3935
0 0.5997004 0.600599 0.585084 1 14.33204 1.972414 1000022 13 0 1.264067 1.293729 1000022 13 1 12 3949
0 0.5532137 0.5752672 0.5266728 1 5.966027 1.056606 1000022 13 1 28.03337 1.131064 1000022 13 1 12 3973
0 0.5416277 0.4226007 0.6101028 0 13.526 2.159437 1000022 13 0 6.109967 4.577453 1000022 13 1 12 3980
0 0.7753953 0.8768815 0.6761842 0 20.40039 2.633801 1000022 13 0 8.885256 2.855605 1000022 13 1 2 342
1 0.5167031 0.5506821 0.479012 0 9.18634 3.779153 1000022 13 0 23.00993 2.01581 1000022 13 1 2 362
1 0.5895806 0.6030737 0.5720374 1 52.20181 2.163976 1000022 13 0 0.6558415 1.433237 1000022 13 1 2 366
1 0.5873008 0.5265231 0.6023225 0 4.100696 1.147202 1000022 13 0 5.56959 1.396281 1000022 13 1 2 368
0 0.5759591 0.4876316 0.6128632 0 28.08871 6.929376 1000022 13 0 31.18114 3.200667 1000022 13 1 2 374
1 0.5618237 0.6205709 0.5052561 1 29.45312 1.22898 1000022 13 0 17.91828 1.992905 1000022 13 1 2 383
1 0.6048125 0.5564877 0.6113285 0 0.3307298 4.871407 1000022 13 1 7.486362 1.433598 1000022 13 1 2 396
0 0.0200014 0.003485674 0.07836146 0 12.46312 2.615021 1000022 13 0 11.5028 1.827542 1000022 13 1 2 400
1 0.5739795 0.5919386 0.5532731 0 11.03796 1.628557 1000022 13 1 32.84039 1.985539 1000022 13 1 2 422
0 0.5156123 0.5510817 0.476349 0 13.11989 3.366325 1000022 13 0 24.69519 6.613165 1000022 13 1 2 428
0 0.0607434 0.01506151 0.1674532 0 0.7679045 2.501414 1000022 13 0 0.4803435 4.621356 1000022 13 1 2 451
1 0.5290058 0.5579008 0.4965126 0 5.245444 1.245542 1000022 13 1 0.668853 2.180789 1000022 13 1 2 460
0 0.5918038 0.5846312 0.5797378 0 17.36809 4.221808 1000022 13 0 34.89085 1.715741 1000022 13 1 2 497
1 0.8525429 1.008901 0.681981 0 41.16457 1.592835 1000022 13 0 35.35503 1.402603 1000022 13 1 2 520
0 0.5244987 0.5683367 0.4779848 0 10.52853 1.740695 1000022 13 1 4.890117 2.200555 1000022 13 1 2 534
1 0.4947012 0.3518164 0.5957602 0 1.323491 1.706255 1000022 13 0 8.585216 1.417943 1000022 13 1 2 563
1 0.332514 0.1831242 0.4877928 0 10.61852 1.877759 1000022 13 0 6.560042 4.460777 1000022 13 1 2 580
0 0.5275663 0.5521672 0.4987836 0 6.790228 2.345342 1000022 13 0 3.993888 1.379083 1000022 13 1 2 602
0 0.6032551 0.5804401 0.5967605 0 15.33586 3.381469 1000022 13 0 12.29645 5.555587 1000022 13 1 2 628
0 0.5498481 0.4511571 0.5978136 0 44.70341 1.404522 1000022 13 0 29.69331 3.553279 1000022 13 1 2 633
0 0.6136458 0.6014555 0.6027775 0 29.17009 3.641649 1000022 13 0 6.073961 2.207779 1000022 13 1 2 635
0 0.2451584 0.1116618 0.4192517 0 10.05743 3.60661 1000022 13 0 2.413706 5.344593 1000022 13 1 2 641
1 0.5213501 0.5671303 0.4736687 0 10.10205 1.405701 1000022 13 0 11.54948 1.421951 1000022 13 1 2 656
1 0.2272445 0.1009137 0.3964395 0 5.181616 1.733404 1000022 13 0 29.13275 2.297652 1000022 13 1 2 657
0 0.5546474 0.5779464 0.5268154 0 9.23607 1.671091 1000022 13 0 14.96042 2.151852 1000022 13 1 3 681
0 0.5997004 0.600599 0.585084 0 8.382085 1.394958 1000022 13 0 5.932082 5.348687 1000022 13 1 3 708
1 0.5788639 0.5982325 0.5558819 0 30.10904 4.076958 1000022 13 0 5.115792 1.593281 1000022 13 1 3 748
1 0.5688243 0.5852158 0.5499623 1 1.197125 1.273258 1000022 13 0 58.823 1.306206 1000022 13 1 3 754
0 0.5546474 0.5779464 0.5268154 0 9.608798 2.064295 1000022 13 0 0.2775871 1.527423 1000022 13 1 3 774
1 0.4374391 0.2808723 0.5684127 1 9.971696 1.516083 1000022 13 0 95.82891 3.981138 1000022 13 1 3 804
1 0.5788639 0.5982325 0.5558819 0 40.25124 1.109922 1000022 13 0 2.169946 1.800971 1000022 13 1 3 814
0 0.1729784 0.06722977 0.3343768 0 19.50266 1.512861 1000022 13 0 16.98898 1.148998 1000022 13 1 3 819
1 0.2837624 0.1357965 0.466535 0 27.96307 4.013606 1000022 13 0 24.54589 3.984401 1000022 13 1 3 837
1 0.5836614 0.5931804 0.5673237 0 21.43923 1.489935 1000022 13 0 1.309534 2.706325 1000022 13 1 3 862
0 0.1396007 0.04838719 0.2943295 0 6.196115 2.148847 1000022 13 0 36.65583 1.884164 1000022 13 1 3 868
1 0.5275663 0.5521672 0.4987836 0 24.67089 2.545091 1000022 13 0 10.48088 1.816396 1000022 13 1 3 890
1 0.5764854 0.5951216 0.5546703 0 9.202236 1.822087 1000022 13 0 4.436431 1.586765 1000022 13 1 3 899
1 0.4191984 0.6366879 0.2704611 0 22.33726 2.157482 1000022 13 0 10.31099 1.444957 1000022 13 1 3 904
0 0.5290058 0.5579008 0.4965126 0 64.85683 2.890349 1000022 13 0 10.09458 2.331999 1000022 13 1 3 933
0 0.5498481 0.4511571 0.5978136 0 16.59543 3.30742 1000022 13 1 34.50709 1.526937 1000022 13 1 3 941
1 0.1532031 0.0546767 0.3159225 0 43.75766 6.592014 1000022 13 0 1.560633 1.324161 1000022 13 1 3 943
1 0.5866594 0.5983355 0.5696974 0 4.391152 1.228419 1000022 13 0 15.92514 2.323957 1000022 13 1 3 947
0 0.5836614 0.5931804 0.5673237 0 0.08350259 1.598602 1000022 13 0 8.925683 2.439564 1000022 13 1 3 961
1 0.6048125 0.5564877 0.6113285 0 6.969653 3.41629 1000022 13 0 3.909316 1.870224 1000022 13 1 3 965
1 0.649493 0.7260728 0.5780458 0 14.80738 1.347208 1000022 13 0 2.926602 2.075654 1000022 13 1 3 994
0 0.5272219 0.5691352 0.4820344 0 21.9036 2.422638 1000022 13 0 0.1622839 1.550676 1000022 13 1 3 995
1 0.5836614 0.5931804 0.5673237 0 7.507909 2.165051 1000022 13 0 6.802288 5.78517 1000022 13 1 3 1001
1 0.2613127 0.4399297 0.1568884 0 10.18847 1.345394 1000022 13 0 13.03558 1.319648 1000022 13 1 4 1005
0 0.73212 0.8401718 0.6176243 0 76.55136 5.250417 1000022 13 0 2.283792 2.351879 1000022 13 1 4 1009
1 0.5282785 0.554262 0.4982984 0 45.84079 1.439307 1000022 13 0 30.59919 1.96762 1000022 13 1 4 1013
1 0.5952835 0.611509 0.5762983 0 3.922375 1.079499 1000022 13 0 11.89362 1.928294 1000022 13 1 4 1014
0 0.5089338 0.3831331 0.5881627 0 35.23573 3.130673 1000022 13 0 29.82678 2.592229 1000022 13 1 4 1018
0 0.6647661 0.7390303 0.5949469 0 28.46479 9.050545 1000022 13 0 11.31322 7.514648 1000022 13 1 4 1039
1 0.5179189 0.5490608 0.4833063 0 14.01347 1.423324 1000022 13 0 9.287475 1.16704 1000022 13 1 4 1066
1 0.4169807 0.2620942 0.5507454 0 4.07543 1.899429 1000022 13 0 1.934298 1.533236 1000022 13 1 4 1073
0 0.3948935 0.2325427 0.5489042 0 12.71488 3.406434 1000022 13 0 1.493848 1.403542 1000022 13 1 4 1086
0 0.6086565 0.5913109 0.5998238 0 9.705546 7.571693 1000022 13 0 45.02483 1.705218 1000022 13 1 4 1107
0 0.1019535 0.2053767 0.04868709 0 65.57942 1.838458 1000022 13 0 1.271356 11.77925 1000022 13 1 4 1132
0 0.5477981 0.5668843 0.5250256 0 4.489274 1.506981 1000022 13 0 0.3184422 1.788825 1000022 13 1 4 1148
0 0.612693 0.570597 0.6153595 0 22.95046 2.200959 1000022 13 0 32.10139 2.325413 1000022 13 1 4 1155
1 0.5952835 0.611509 0.5762983 0 22.92141 1.537083 1000022 13 0 1.373155 1.812831 1000022 13 1 4 1167
1 0.588144 0.5054888 0.619637 0 3.505257 1.030969 1000022 13 0 11.7442 10.02058 1000022 13 1 4 1170
0 0.3079744 0.1583086 0.4778822 0 26.81745 2.408857 1000022 13 0 57.62228 9.917912 1000022 13 1 4 1198
1 0.8205639 0.9861007 0.6425961 0 30.83719 2.896908 1000022 13 1 27.82732 1.495484 1000022 13 1 4 1250
0 0.007089265 0.001064434 0.03540659 0 15.13756 1.582865 1000022 13 0 8.381478 2.840184 1000022 13 1 4 1253
0 0.6066679 0.6139975 0.5903023 0 15.04505 3.248578 1000022 13 0 30.80158 9.550977 1000022 13 1 4 1260
1 0.8225547 1.0774 0.5917727 0 28.33018 1.24435 1000022 13 0 5.541291 1.262911 1000022 13 1 4 1276
0 0.4569478 0.3122552 0.56665 0 47.39839 3.425878 1000022 13 0 2.347643 2.238318 1000022 13 1 5 1361
0 0.5788639 0.5982325 0.5558819 0 7.766929 2.745768 1000022 13 0 7.578935 1.194036 1000022 13 1 5 1397
0 0.5290058 0.5579008 0.4965126 0 36.07158 4.120367 1000022 13 0 0.417325 2.414743 1000022 13 1 5 1409
1 0.5089338 0.3831331 0.5881627 0 29.13646 2.468977 1000022 13 0 1.387413 5.405652 1000022 13 1 5 1430
1 0.5244987 0.5683367 0.4779848 0 1.239777 2.383841 1000022 13 0 17.71292 10.02168 1000022 13 1 5 1434
1 0.6412468 0.7187812 0.5687311 1 34.60673 1.325898 1000022 13 1 46.45333 1.162434 1000022 13 1 5 1446
0 0.5964026 0.5417793 0.6069945 0 27.18114 1.256047 1000022 13 0 44.16162 5.305587 1000022 13 1 5 1453
0 0.1439334 0.276346 0.07151251 0 46.18818 3.836281 1000022 13 0 4.865352 2.096618 1000022 13 1 5 1455
1 0.3948935 0.2325427 0.5489042 0 5.821705 1.152387 1000022 13 0 9.780649 2.360455 1000022 13 1 5 1489
0 0.9061426 1.048168 0.7526054 0 14.1031 12.66552 1000022 13 0 34.64445 2.169682 1000022 13 1 5 1493
1 0.2272445 0.1009137 0.3964395 0 37.86888 1.578215 1000022 13 1 7.018476 1.021935 1000022 13 1 5 1514
0 0.5244987 0.5683367 0.4779848 0 9.844232 1.780288 1000022 13 0 8.483619 2.121239 1000022 13 1 5 1529
0 0.5764854 0.5951216 0.5546703 0 1.298064 4.79178 1000022 13 0 17.94978 3.778171 1000022 13 1 5 1544
1 0.55158 0.5725396 0.52633 0 5.804482 1.263926 1000022 13 0 39.46252 1.729572 1000022 13 1 5 1607
1 0.63258 0.7110067 0.558628 0 11.23627 1.107127 1000022 13 0 39.01644 1.27325 1000022 13 1 5 1615
0 0.5266237 0.5499548 0.4990422 1 21.39046 1.149968 1000022 13 0 24.77267 1.152284 1000022 13 1 5 1621
0 0.5866594 0.5983355 0.5696974 0 38.11856 2.58941 1000022 13 0 1.236787 2.065521 1000022 13 1 5 1635
0 0.5562873 0.6165259 0.4990861 0 3.374485 8.387112 1000022 13 0 11.06782 6.08496 1000022 13 1 5 1653
1 0.5924498 0.6074459 0.5742529 0 8.790327 3.125209 1000022 13 0 8.938504 3.079734 1000022 13 1 5 1656
0 0.5155952 0.7620206 0.3528518 0 46.69447 1.678771 1000022 13 0 46.5376 1.796453 1000022 13 1 6 1682
0 0.1269531 0.04272098 0.2737629 0 12.13154 1.773956 1000022 13 0 58.71507 1.448407 1000022 13 1 6 1706
1 0.5477981 0.5668843 0.5250256 0 11.34563 2.214831 1000022 13 0 1.15905 2.230304 1000022 13 1 6 1707
0 0.5133753 0.3722426 0.6095979 0 35.88922 1.735088 1000022 13 0 1.184618 7.691041 1000022 13 1 6 1711
0 0.5746185 0.8494006 0.3960752 0 12.60659 2.617638 1000022 13 0 14.68649 1.955759 1000022 13 1 6 1726
1 0.8225547 1.0774 0.5917727 0 23.90706 1.597357 1000022 13 0 16.06698 1.310729 1000022 13 1 6 1728
0 0.4947012 0.3518164 0.5957602 0 36.57362 1.362039 1000022 13 0 14.19227 1.762639 1000022 13 1 6 1792
0 0.5275663 0.5521672 0.4987836 0 11.99621 3.609897 1000022 13 0 10.58707 2.12029 1000022 13 1 6 1795
0 0.5964026 0.5417793 0.6069945 0 7.34109 1.933784 1000022 13 0 1.231459 3.748555 1000022 13 1 6 1822
1 0.3499435 0.1883899 0.5229445 0 13.26473 1.058321 1000022 13 1 16.2124 1.143388 1000022 13 1 6 1833
0 0.3736025 0.2151899 0.5285726 0 16.5488 19.6714 1000022 13 0 38.27045 3.836315 1000022 13 1 6 1836
1 0.5718377 0.6269594 0.5167355 0 7.774712 1.087282 1000022 13 1 34.20795 1.146256 1000022 13 1 6 1908
0 0.5318362 0.3930153 0.6229063 0 10.33373 2.10111 1000022 13 0 4.614296 5.687354 1000022 13 1 6 1922
0 0.0001947404 4.562535e-05 0.0007775203 0 20.19517 1.098554 1000022 13 0 5.163871 1.230726 1000022 13 1 6 1924
0 0.567017 0.6240464 0.5111355 0 3.477763 1.188062 1000022 13 0 12.15045 1.832305 1000022 13 1 6 1928
1 0.5764854 0.5951216 0.5546703 0 10.50048 1.174131 1000022 13 0 12.63071 1.275797 1000022 13 1 6 1952
1 0.5631819 0.4694994 0.6055688 0 4.315414 1.151708 1000022 13 1 4.220956 2.082148 1000022 13 1 6 1971
1 0.5866594 0.5983355 0.5696974 0 6.849113 1.364889 1000022 13 0 15.97452 1.913064 1000022 13 1 6 1977
0 0.5244987 0.5683367 0.4779848 0 37.90975 3.376452 1000022 13 0 2.869265 10.50116 1000022 13 1 7 2013
0 0.5974015 0.5689293 0.5935574 0 41.08574 3.31829 1000022 13 0 1.99015 5.081062 1000022 13 1 7 2025
1 0.5244179 0.7743813 0.3627396 0 8.296377 4.244656 1000022 13 0 17.90516 7.514931 1000022 13 1 7 2038
0 0.6573245 0.7328399 0.586741 0 11.59787 1.548685 1000022 13 0 22.72663 1.684357 1000022 13 1 7 2052
1 0.567017 0.6240464 0.5111355 0 37.28903 1.604462 1000022 13 0 9.168674 2.923066 1000022 13 1 7 2061
0 0.5764854 0.5951216 0.5546703 0 45.82619 8.033528 1000022 13 0 17.96668 2.621211 1000022 13 1 7 2067
1 0.5924498 0.6074459 0.5742529 0 7.379292 5.831235 1000022 13 1 17.65961 2.200624 1000022 13 1 7 2074
0 0.6448439 0.9391438 0.4462655 0 17.53712 5.2561 1000022 13 0 4.804196 3.624783 1000022 13 1 7 2084
0 0.3285948 0.1728787 0.5003204 1 5.013207 1.071932 1000022 13 0 8.755361 2.460132 1000022 13 1 7 2087
0 0.5266237 0.5499548 0.4990422 0 21.79742 4.353217 1000022 13 0 3.623415 1.8164 1000022 13 1 7 2091
1 0.8809592 1.029419 0.71877 1 15.44477 2.593841 1000022 13 0 55.4337 2.743615 1000022 13 1 7 2103
0 0.1532031 0.0546767 0.3159225 0 4.899014 10.01178 1000022 13 0 65.59309 2.639508 1000022 13 1 7 2174
0 0.5287565 0.5561895 0.4975524 0 0.5246961 1.366388 1000022 13 0 12.73485 7.084004 1000022 13 1 7 2178
0 0.7631126 1.024915 0.5403691 0 37.25622 2.269434 1000022 13 0 40.01209 1.056444 1000022 13 1 7 2183
0 0.5759591 0.4876316 0.6128632 0 13.76035 2.039457 1000022 13 0 12.3541 1.118057 1000022 13 1 7 2207
1 0.2451584 0.1116618 0.4192517 0 21.59766 2.572684 1000022 13 0 61.54934 1.348822 1000022 13 1 7 2220
1 0.7876326 0.8878482 0.6917219 0 37.03866 2.727572 1000022 13 0 5.686869 2.626355 1000022 13 1 7 2246
0 0.5295258 0.5695821 0.4857943 0 11.6178 2.951954 1000022 13 0 32.02026 3.652784 1000022 13 1 7 2249
1 0.3967369 0.2440586 0.532822 0 15.93865 6.546789 1000022 13 0 2.474504 1.456211 1000022 13 1 7 2256
0 0.6412468 0.7187812 0.5687311 0 3.829695 3.181374 1000022 13 0 14.08074 1.642997 1000022 13 1 7 2282
1 0.5958909 0.5929161 0.5824302 0 3.513767 5.294041 1000022 13 0 5.113209 2.84205 1000022 13 1 7 2290
0 0.5952835 0.611509 0.5762983 0 14.16506 6.24828 1000022 13 0 12.16915 2.686757 1000022 13 1 7 2302
1 0.8795399 1.124261 0.6450055 0 14.3262 4.505244 1000022 13 0 7.045813 1.518272 1000022 13 1 7 2306
1 0.5726925 0.4622901 0.6298592 0 3.107317 2.841505 1000022 13 0 2.0732 1.415622 1000022 13 1 7 2314
0 0.158545 0.05991846 0.3130569 0 35.86636 19.70451 1000022 13 0 33.11597 1.236761 1000022 13 1 7 2318
0 0.5272219 0.5691352 0.4820344 0 7.001265 3.85029 1000022 13 0 25.40903 2.184754 1000022 13 1 7 2333
0 0.5836614 0.5931804 0.5673237 0 5.808205 4.90345 1000022 13 0 0.5423931 1.597457 1000022 13 1 10 3013
0 0.649493 0.7260728 0.5780458 0 21.88987 2.32625 1000022 13 0 18.05769 2.108248 1000022 13 1 10 3040
1 0.5759591 0.4876316 0.6128632 0 16.36798 1.576581 1000022 13 1 11.29521 1.240657 1000022 13 1 10 3062
1 0.05072705 0.01149535 0.1514777 0 0.4739426 1.722234 1000022 13 0 15.12818 3.151459 1000022 13 1 10 3089
1 0.5179189 0.5490608 0.4833063 0 24.97613 1.347661 1000022 13 0 24.72933 1.247378 1000022 13 1 10 3098
0 0.6412468 0.7187812 0.5687311 0 15.51045 1.686403 1000022 13 0 1.09586 1.836132 1000022 13 1 10 3118
1 0.5718377 0.6269594 0.5167355 0 3.856534 1.616116 1000022 13 0 9.575541 1.920478 1000022 13 1 10 3122
0 0.6032776 0.6076099 0.5877098 0 22.45864 7.032014 1000022 13 0 2.384766 11.1904 1000022 13 1 10 3123
1 0.5416277 0.4226007 0.6101028 0 6.104753 2.965006 1000022 13 0 17.5346 4.102664 1000022 13 1 10 3182
1 0.5952835 0.611509 0.5762983 0 9.193007 1.156307 1000022 13 1 19.6337 1.169155 1000022 13 1 10 3196
1 0.5631819 0.4694994 0.6055688 0 66.20261 1.480933 1000022 13 0 21.11129 1.314302 1000022 13 1 10 3200
0 0.5318362 0.3930153 0.6229063 0 7.120492 4.22022 1000022 13 0 6.225869 8.22719 1000022 13 1 10 3204
0 0.612693 0.570597 0.6153595 0 59.26571 6.019395 1000022 13 0 16.61358 6.039628 1000022 13 1 10 3215
0 0.6647661 0.7390303 0.5949469 0 14.01149 1.663808 1000022 13 0 8.855964 5.695405 1000022 13 1 10 3236
0 0.6032776 0.6076099 0.5877098 0 8.904283 1.772047 1000022 13 0 21.81846 1.203689 1000022 13 1 10 3241
1 0.6048125 0.5564877 0.6113285 0 9.562996 1.632355 1000022 13 0 20.92389 1.677203 1000022 13 1 10 3243
0 0.612693 0.570597 0.6153595 0 17.9222 1.386087 1000022 13 0 6.525105 6.909811 1000022 13 1 10 3247
0 0.6086565 0.5913109 0.5998238 0 68.72757 2.641739 1000022 13 0 17.61604 4.229536 1000022 13 1 10 3250
0 0.4947012 0.3518164 0.5957602 0 7.215676 1.851853 1000022 13 0 14.24616 1.226145 1000022 13 1 10 3253
0 0.5895806 0.6030737 0.5720374 0 39.14083 2.476434 1000022 13 0 13.09693 1.494791 1000022 13 1 10 3286
1 0.612693 0.570597 0.6153595 0 15.53412 1.744917 1000022 13 0 19.83031 1.373328 1000022 13 1 10 3295
1 0.6136458 0.6014555 0.6027775 1 1.575675 1.265677 1000022 13 0 17.18418 2.232465 1000022 13 1 10 3310
1 0.5688243 0.5852158 0.5499623 0 6.12351 1.090127 1000022 13 0 3.581111 1.491985 1000022 13 1 10 3315
0 0.5089338 0.3831331 0.5881627 0 17.65472 4.634097 1000022 13 0 33.60834 2.787766 1000022 13 1 11 3341
1 0.55158 0.5725396 0.52633 0 4.393446 5.058058 1000022 13 0 17.36195 1.327918 1000022 13 1 11 3355
1 0.3634303 0.5613242 0.2305602 0 29.11138 1.981394 1000022 13 0 32.02028 1.997329 1000022 13 1 11 3367
0 0.7479302 0.8530712 0.6393862 0 7.344322 9.029685 1000022 13 0 10.96017 1.423251 1000022 13 1 11 3388
0 0.7622492 0.8652949 0.6588318 0 28.74278 1.447287 1000022 13 0 7.243322 1.258101 1000022 13 1 11 3394
0 0.6647661 0.7390303 0.5949469 0 8.820027 1.661878 1000022 13 0 6.510299 1.879864 1000022 13 1 11 3410
1 0.5866594 0.5983355 0.5696974 1 12.93741 1.792622 1000022 13 0 23.30599 2.287501 1000022 13 1 11 3424
1 0.5287565 0.5561895 0.4975524 0 4.634862 1.726896 1000022 13 1 16.12261 1.905298 1000022 13 1 11 3445
0 0.63258 0.7110067 0.558628 0 2.076751 2.732741 1000022 13 0 46.40269 2.172183 1000022 13 1 11 3486
0 0.5498481 0.4511571 0.5978136 0 0.7070703 1.292647 1000022 13 0 36.79591 4.305044 1000022 13 1 11 3496
1 0.5244179 0.7743813 0.3627396 0 3.844606 4.961784 1000022 13 0 28.34311 4.683608 1000022 13 1 11 3510
1 0.5952835 0.611509 0.5762983 0 90.20972 1.214886 1000022 13 0 1.840473 1.678419 1000022 13 1 11 3549
1 0.5282785 0.554262 0.4982984 0 13.93884 2.891765 1000022 13 0 27.97665 1.332909 1000022 13 1 11 3556
1 0.5213501 0.5671303 0.4736687 0 14.82707 3.203528 1000022 13 0 4.131802 1.442997 1000022 13 1 11 3560
1 0.5181258 0.5478516 0.4849526 0 4.31376 2.95227 1000022 13 0 10.07741 2.073632 1000022 13 1 11 3576
0 0.588144 0.5054888 0.619637 0 19.60383 5.734608 1000022 13 0 2.904401 1.401641 1000022 13 1 11 3581
0 0.5952835 0.611509 0.5762983 0 3.615868 1.194299 1000022 13 0 4.233589 1.190593 1000022 13 1 11 3582
1 0.5762507 0.6293275 0.5220752 0 16.78182 1.267324 1000022 13 0 3.190933 1.163113 1000022 13 1 11 3592
0 0.5726925 0.4622901 0.6298592 0 1.149328 4.158778 1000022 13 0 5.846915 5.089322 1000022 13 1 11 3604
0 0.517458 0.550009 0.4813292 0 2.113379 3.372426 1000022 13 0 34.89969 1.281752 1000022 13 1 11 3612
0 0.5254593 0.4028046 0.5994089 0 0.9180643 2.32783 1000022 13 0 5.538115 1.62209 1000022 13 1 11 3620
0 0.5295258 0.5695821 0.4857943 0 10.34697 2.356779 1000022 13 0 44.23452 3.575887 1000022 13 1 11 3621
0 0.5167031 0.5506821 0.479012 0 0.1942693 4.956744 1000022 13 0 3.85077 5.796354 1000022 13 1 11 3648
1 0.5290058 0.5579008 0.4965126 1 36.26386 1.458218 1000022 13 1 0.4810116 1.90633 1000022 13 1 11 3651
0 0.517458 0.550009 0.4813292 0 24.14181 2.246859 1000022 13 0 8.018241 1.73924 1000022 13 1 14 4343
0 0.5497594 0.569738 0.5257817 0 42.73053 2.13179 1000022 13 0 21.23019 8.071777 1000022 13 1 14 4354
0 0.588144 0.5054888 0.619637 0 38.54176 3.229886 1000022 13 0 21.35623 2.160922 1000022 13 1 14 4383
1 0.07638145 0.0201346 0.199904 0 10.04645 2.195094 1000022 13 1 34.69304 2.354464 1000022 13 1 14 4396
1 0.5997004 0.600599 0.585084 0 12.78656 5.188574 1000022 13 0 52.26087 18.6383 1000022 13 1 14 4398
0 0.5924498 0.6074459 0.5742529 0 4.57793 1.913763 1000022 13 0 62.07801 2.809521 1000022 13 1 14 4410
0 0.5895806 0.6030737 0.5720374 0 39.43353 6.982655 1000022 13 0 26.43773 5.665764 1000022 13 1 14 4412
1 0.2639978 0.1232767 0.4426338 0 20.08087 1.887695 1000022 13 0 110.7887 3.45484 1000022 13 1 14 4420
0 0.5213501 0.5671303 0.4736687 0 19.31788 36.14262 1000022 13 0 5.764221 3.705162 1000022 13 1 14 4466
1 0.5275663 0.5521672 0.4987836 0 16.61435 4.284719 1000022 13 0 19.33148 3.222563 1000022 13 1 14 4527
0 0.5156123 0.5510817 0.476349 0 24.68066 1.873389 1000022 13 0 25.90071 2.88138 1000022 13 1 14 4544
1 0.5155952 0.7620206 0.3528518 0 25.30037 1.377224 1000022 13 0 15.27427 1.426709 1000022 13 1 14 4566
1 0.3967369 0.2440586 0.532822 0 38.41052 2.220492 1000022 13 0 9.794123 1.164573 1000022 13 1 14 4591
0 0.5254593 0.4028046 0.5994089 0 25.63387 1.620369 1000022 13 0 15.80671 3.031565 1000022 13 1 14 4607
1 0.1152196 0.03763067 0.2542145 0 11.83693 1.996827 1000022 13 0 18.22161 2.222955 1000022 13 1 14 4608
1 0.6032551 0.5804401 0.5967605 0 8.501562 9.072343 1000022 13 1 16.04688 3.44591 1000022 13 1 14 4611
1 0.5952835 0.611509 0.5762983 1 13.31139 1.095733 1000022 13 0 11.41343 1.737127 1000022 13 1 14 4628
1 0.001748556 0.0002870024 0.01051668 0 7.576764 6.11386 1000022 13 0 14.27053 1.32928 1000022 13 1 14 4637
0 0.5774951 0.5107735 0.5972872 0 36.68702 3.620052 1000022 13 0 6.501156 4.332805 1000022 13 1 14 4648
1 0.5155952 0.7620206 0.3528518 0 5.084252 2.536971 1000022 13 0 7.405895 1.951592 1000022 13 1 14 4676
1 0.2881128 0.1446569 0.4556899 0 25.41041 1.048184 1000022 13 0 10.85644 4.329571 1000022 13 1 15 4707
0 0.0001080687 2.205565e-05 0.0004257433 0 7.509888 1.449857 1000022 13 0 9.849567 2.887243 1000022 13 1 15 4720
1 0.1532031 0.0546767 0.3159225 0 8.672892 1.55562 1000022 13 0 2.817557 1.936047 1000022 13 1 15 4730
0 0.5244987 0.5683367 0.4779848 0 16.19522 1.48305 1000022 13 0 41.31023 8.081389 1000022 13 1 15 4733
0 0.5497594 0.569738 0.5257817 0 13.26875 2.022771 1000022 13 0 2.470064 2.323828 1000022 13 1 15 4735
1 0.5244179 0.7743813 0.3627396 1 4.778616 1.472249 1000022 13 1 30.13858 1.733374 1000022 13 1 15 4741
0 0.517458 0.550009 0.4813292 0 12.42015 1.389576 1000022 13 0 32.68364 2.167303 1000022 13 1 15 4773
0 0.5910162 0.5567505 0.5901788 0 37.60944 2.706501 1000022 13 0 0.6705014 2.01402 1000022 13 1 15 4778
1 0.3285948 0.1728787 0.5003204 0 23.35963 1.628415 1000022 13 1 16.09904 1.130332 1000022 13 1 15 4819
0 0.6032551 0.5804401 0.5967605 0 0.4719582 1.084643 1000022 13 0 3.281376 3.756443 1000022 13 1 15 4823
0 0.5918038 0.5846312 0.5797378 0 36.72809 4.124352 1000022 13 0 6.557985 8.888364 1000022 13 1 15 4832
1 0.5282785 0.554262 0.4982984 1 12.61967 1.29213 1000022 13 1 29.09656 1.407493 1000022 13 1 15 4845
1 0.5964026 0.5417793 0.6069945 0 8.177744 1.34722 1000022 13 0 8.974107 2.376468 1000022 13 1 15 4888
1 0.3527923 0.1987178 0.5081832 0 18.25984 4.037604 1000022 13 0 10.97771 1.973958 1000022 13 1 15 4903
0 0.5688243 0.5852158 0.5499623 0 40.08215 2.297802 1000022 13 0 21.37535 33.4062 1000022 13 1 15 4914
0 0.1104112 0.03394089 0.2553055 0 15.8903 3.47298 1000022 13 0 3.078265 1.496223 1000022 13 1 15 4915
1 0.6066679 0.6139975 0.5903023 1 6.53661 1.598076 1000022 13 0 3.495955 2.968135 1000022 13 1 15 4944
1 0.7834347 1.103071 0.5443225 1 5.834545 1.65359 1000022 13 0 4.048537 1.788816 1000022 13 1 15 4952
1 0.5416277 0.4226007 0.6101028 0 7.604361 1.162948 1000022 13 0 9.866787 1.797496 1000022 13 1 15 4956
1 0.6448439 0.9391438 0.4462655 0 32.65089 1.29302 1000022 13 0 2.355248 11.74821 1000022 13 1 8 2351
0 0.4947012 0.3518164 0.5957602 0 2.04422 1.450606 1000022 13 0 30.73862 4.262788 1000022 13 1 8 2355
0 0.5762507 0.6293275 0.5220752 0 12.53867 3.522886 1000022 13 0 25.10797 3.517086 1000022 13 1 8 2372
1 0.4374391 0.2808723 0.5684127 0 3.720491 1.255011 1000022 13 0 4.792387 1.423059 1000022 13 1 8 2375
0 0.63258 0.7110067 0.558628 0 3.585658 7.6062 1000022 13 0 31.78113 4.163504 1000022 13 1 8 2390
1 0.5295258 0.5695821 0.4857943 1 22.47362 1.351607 1000022 13 0 5.988163 7.980248 1000022 13 1 8 2405
1 0.5924498 0.6074459 0.5742529 0 14.27709 1.392017 1000022 13 1 26.5214 1.137222 1000022 13 1 8 2420
0 0.2613127 0.4399297 0.1568884 0 36.19841 1.187901 1000022 13 0 18.25686 1.190252 1000022 13 1 8 2434
1 0.4758722 0.3318007 0.5814311 0 23.92959 4.195409 1000022 13 1 8.119738 1.376267 1000022 13 1 8 2444
0 0.5477981 0.5668843 0.5250256 0 1.863358 1.662303 1000022 13 0 20.21673 1.484786 1000022 13 1 8 2453
1 0.8205639 0.9861007 0.6425961 1 8.508512 1.217496 1000022 13 0 0.895763 1.639084 1000022 13 1 8 2471
0 0.332514 0.1831242 0.4877928 0 60.56029 1.504233 1000022 13 0 6.221435 20.21636 1000022 13 1 8 2496
0 0.5497594 0.569738 0.5257817 0 18.10323 17.26953 1000022 13 0 26.34362 1.60876 1000022 13 1 8 2508
0 0.5714342 0.5886496 0.5516996 0 41.50552 1.928578 1000022 13 0 15.07923 1.530526 1000022 13 1 8 2514
0 0.5295258 0.5695821 0.4857943 0 10.47463 1.485331 1000022 13 0 50.59061 4.136932 1000022 13 1 8 2517
1 0.5287565 0.5561895 0.4975524 0 34.12355 3.123922 1000022 13 0 3.424729 2.147812 1000022 13 1 8 2531
0 0.2639978 0.1232767 0.4426338 0 0.8722025 1.614242 1000022 13 0 7.262234 1.875814 1000022 13 1 8 2580
0 0.5562873 0.6165259 0.4990861 0 5.05699 1.560325 1000022 13 0 19.29466 1.453688 1000022 13 1 8 2621
1 0.7848549 0.9604481 0.6011686 1 17.26516 1.088005 1000022 13 0 25.91745 1.440457 1000022 13 1 8 2652
1 0.5272219 0.5691352 0.4820344 0 0.6534451 1.379318 1000022 13 0 17.32329 1.655016 1000022 13 1 8 2664
0 0.7753953 0.8768815 0.6761842 0 25.21215 6.91572 1000022 13 0 17.82166 17.37137 1000022 13 1 9 2673
0 0.4787497 0.3205257 0.6027815 1 42.64805 1.152475 1000022 13 0 5.377167 1.543587 1000022 13 1 9 2679
1 0.2589673 0.4640636 0.1403912 0 3.760247 1.337773 1000022 13 0 5.713448 3.419957 1000022 13 1 9 2682
1 0.4758722 0.3318007 0.5814311 0 26.91039 2.001467 1000022 13 0 29.17207 4.447933 1000022 13 1 9 2736
1 0.5546474 0.5779464 0.5268154 0 13.97061 1.878127 1000022 13 0 22.19604 1.567352 1000022 13 1 9 2750
1 0.3948935 0.2325427 0.5489042 0 24.67838 2.511782 1000022 13 1 14.52672 1.28335 1000022 13 1 9 2766
0 0.5866594 0.5983355 0.5696974 0 6.25726 3.669441 1000022 13 0 36.34788 9.992222 1000022 13 1 9 2774
0 0.5416277 0.4226007 0.6101028 0 0.798927 2.745954 1000022 13 0 29.81223 1.363776 1000022 13 1 9 2785
1 0.649493 0.7260728 0.5780458 0 26.89479 1.57954 1000022 13 0 25.35377 8.853118 1000022 13 1 9 2786
1 0.4947012 0.3518164 0.5957602 1 20.10956 1.090648 1000022 13 0 21.03483 1.045113 1000022 13 1 9 2799
1 0.8809592 1.029419 0.71877 0 33.95798 1.082652 1000022 13 1 6.201514 1.058128 1000022 13 1 9 2806
0 0.5774951 0.5107735 0.5972872 0 7.722991 2.880282 1000022 13 0 2.79143 3.54748 1000022 13 1 9 2824
0 0.5282785 0.554262 0.4982984 0 1.592745 4.398153 1000022 13 0 18.56044 2.377179 1000022 13 1 9 2874
0 0.649493 0.7260728 0.5780458 0 7.631287 4.829072 1000022 13 0 16.34793 3.648977 1000022 13 1 9 2879
0 0.5287565 0.5561895 0.4975524 0 31.38327 2.316338 1000022 13 0 2.599543 7.80043 1000022 13 1 9 2901
0 0.4100112 0.6092409 0.2736143 0 8.910705 1.69119 1000022 13 0 35.3882 3.008798 1000022 13 1 9 2917
1 0.7631126 1.024915 0.5403691 0 43.24912 1.671995 1000022 13 1 5.789521 2.03067 1000022 13 1 9 2918
1 0.8225547 1.0774 0.5917727 0 21.514 1.680432 1000022 13 0 13.17148 1.382859 1000022 13 1 9 2920
1 0.5866594 0.5983355 0.5696974 0 8.644628 1.987342 1000022 13 0 3.374159 1.921155 1000022 13 1 9 2933
0 0.5866594 0.5983355 0.5696974 0 11.40149 2.987337 1000022 13 0 10.0203 9.140572 1000022 13 1 9 2942
0 0.5759591 0.4876316 0.6128632 0 26.98378 1.328239 1000022 13 0 4.307461 1.194536 1000022 13 1 9 2949
0 0.5272219 0.5691352 0.4820344 0 33.81456 8.902267 1000022 13 0 63.6397 5.926651 1000022 13 1 9 2955
0 0.5155952 0.7620206 0.3528518 0 9.372825 1.533354 1000022 13 0 0.9079599 7.961591 1000022 13 1 9 2963
0 0.5762507 0.6293275 0.5220752 0 49.46435 2.882562 1000022 13 0 3.66507 3.239107 1000022 13 1 9 2978
1 0.5964026 0.5417793 0.6069945 0 36.17294 1.844854 1000022 13 0 31.88685 1.586064 1000022 13 1 9 2989
0 0.003573192 0.0005337209 0.01990908 0 5.371608 4.201763 1000022 13 0 7.770378 1.60875 1000022 13 1 9 2999
0 0.7848549 0.9604481 0.6011686 0 76.03857 1.306569 1000022 13 0 0.6691447 2.030101 1000022 13 1 13 4018
0 0.5266237 0.5499548 0.4990422 0 2.06163 2.999302 1000022 13 0 1.399465 2.293889 1000022 13 1 13 4037
0 0.08965165 0.02592053 0.2175904 0 9.794511 2.725003 1000022 13 0 12.74648 3.295604 1000022 13 1 13 4043
1 0.6048125 0.5564877 0.6113285 0 0.1983042 1.101302 1000022 13 0 28.82297 2.718847 1000022 13 1 13 4044
0 0.6412468 0.7187812 0.5687311 0 19.90741 2.19343 1000022 13 0 14.94328 2.597 1000022 13 1 13 4060
1 0.5866594 0.5983355 0.5696974 0 5.492141 1.223544 1000022 13 1 0.6736513 2.359663 1000022 13 1 13 4062
0 0.01391071 0.002243285 0.06043945 0 23.23404 11.0473 1000022 13 0 15.41371 2.097998 1000022 13 1 13 4063
0 0.08965165 0.02592053 0.2175904 0 32.17708 16.70337 1000022 13 0 19.81177 1.944148 1000022 13 1 13 4092
1 0.5631819 0.4694994 0.6055688 0 36.81015 3.711318 1000022 13 0 34.28204 1.224433 1000022 13 1 13 4095
1 0.6086565 0.5913109 0.5998238 1 22.26799 1.162349 1000022 13 0 7.342622 2.216201 1000022 13 1 13 4119
1 0.6032551 0.5804401 0.5967605 0 9.283095 1.495369 1000022 13 1 21.89052 2.832072 1000022 13 1 13 4127
0 0.5836614 0.5931804 0.5673237 0 0.07793764 1.860478 1000022 13 0 18.39084 1.664446 1000022 13 1 13 4139
1 0.03241327 0.006380578 0.1109184 0 37.39346 2.732598 1000022 13 0 19.29267 1.198728 1000022 13 1 13 4156
1 0.2646042 0.4246775 0.1631307 0 2.40968 4.776097 1000022 13 1 15.19645 1.474254 1000022 13 1 13 4172
1 0.8205639 0.9861007 0.6425961 0 41.44854 8.829956 1000022 13 0 4.617214 3.738408 1000022 13 1 13 4174
0 0.5497594 0.569738 0.5257817 0 28.39829 2.514713 1000022 13 0 8.437165 1.616866 1000022 13 1 13 4185
1 0.6136458 0.6014555 0.6027775 0 8.689188 2.047686 1000022 13 0 12.76212 1.464722 1000022 13 1 13 4195
0 0.5290058 0.5579008 0.4965126 0 17.29313 1.921619 1000022 13 0 13.26732 2.625853 1000022 13 1 13 4203
1 0.567017 0.6240464 0.5111355 0 6.948232 3.745969 1000022 13 0 23.86091 2.007966 1000022 13 1 13 4215
1 0.612693 0.570597 0.6153595 0 5.303047 1.170577 1000022 13 0 6.605401 1.026847 1000022 13 1 13 4217
0 0.6032776 0.6076099 0.5877098 0 1.257292 2.748834 1000022 13 0 2.66161 1.489244 1000022 13 1 13 4247
0 0.6647661 0.7390303 0.5949469 0 1.714319 1.969671 1000022 13 0 14.83448 1.609983 1000022 13 1 13 4254
1 0.5718377 0.6269594 0.5167355 0 31.5805 5.665924 1000022 13 0 21.31395 1.202513 1000022 13 1 13 4263
0 0.6573245 0.7328399 0.586741 0 26.67072 1.154461 1000022 13 0 4.780024 2.942995 1000022 13 1 13 4283
1 0.5997004 0.600599 0.585084 0 3.600964 1.278025 1000022 13 0 7.895684 1.686096 1000022 13 1 13 4305
1 0.2837624 0.1357965 0.466535 0 15.99389 2.375222 1000022 13 0 3.811039 4.088639 1000022 13 1 13 4315
0 0.02161848 0.003944366 0.08027452 0 11.54986 8.28168 1000022 13 0 19.37341 1.802798 1000022 13 1 13 4331
1 0.5314228 0.5697247 0.4892392 0 5.094769 1.929703 1000022 13 0 4.52881 3.491901 1000022 13 1 13 4335
1 0.5266237 0.5499548 0.4990422 0 1.766646 1.237681 1000022 13 0 10.00731 5.122481 1000022 13 1 17 5356
0 0.7753953 0.8768815 0.6761842 0 43.36728 2.125671 1000022 13 0 24.26326 1.212915 1000022 13 1 17 5363
0 0.6412468 0.7187812 0.5687311 0 0.5875312 3.534952 1000022 13 0 2.685189 5.277057 1000022 13 1 17 5384
0 0.5167031 0.5506821 0.479012 0 5.848832 11.23689 1000022 13 0 8.601465 1.838498 1000022 13 1 17 5385
0 0.6136458 0.6014555 0.6027775 0 26.68915 1.556553 1000022 13 0 14.19665 1.96608 1000022 13 1 17 5396
1 0.2881128 0.1446569 0.4556899 0 6.314602 2.179997 1000022 13 0 28.89671 1.249857 1000022 13 1 17 5397
0 0.6048125 0.5564877 0.6113285 0 5.369227 1.896205 1000022 13 0 12.88924 3.560761 1000022 13 1 17 5434
1 0.5546474 0.5779464 0.5268154 0 45.77755 1.433773 1000022 13 0 35.97221 1.301277 1000022 13 1 17 5457
1 0.5997004 0.600599 0.585084 0 3.008025 1.259274 1000022 13 0 0.6258987 2.227961 1000022 13 1 17 5459
0 0.5997004 0.600599 0.585084 0 35.8888 2.042999 1000022 13 0 18.60729 3.097807 1000022 13 1 17 5480
1 0.55158 0.5725396 0.52633 0 2.732366 1.64412 1000022 13 0 6.023608 1.95362 1000022 13 1 17 5495
0 0.5477981 0.5668843 0.5250256 0 20.8926 2.347004 1000022 13 0 28.96042 3.431472 1000022 13 1 17 5509
0 0.2222533 0.3632958 0.1355449 0 27.97654 1.820285 1000022 13 0 4.198896 1.264046 1000022 13 1 17 5527
0 0.158545 0.05991846 0.3130569 0 11.98388 1.39775 1000022 13 0 2.325548 2.34179 1000022 13 1 17 5618
0 0.5618237 0.6205709 0.5052561 0 73.66133 2.798754 1000022 13 0 1.689575 1.904851 1000022 13 1 17 5631
1 0.1396007 0.04838719 0.2943295 0 37.60413 3.71432 1000022 13 0 0.7758939 1.173591 1000022 13 1 17 5654
0 0.612693 0.570597 0.6153595 0 16.29538 2.203839 1000022 13 0 0.2129281 1.343437 1000022 13 1 17 5667
1 0.09959436 0.02969352 0.2358939 0 8.074115 1.572284 1000022 13 0 14.01571 1.057274 1000022 13 1 17 5675
0 0.567017 0.6240464 0.5111355 0 4.990222 2.421498 1000022 13 0 6.109641 11.26563 1000022 13 1 20 6352
1 0.5618237 0.6205709 0.5052561 0 30.48127 1.708351 1000022 13 0 33.13277 1.227175 1000022 13 1 20 6353
0 0.7631126 1.024915 0.5403691 0 11.52298 2.263214 1000022 13 0 32.42637 6.45236 1000022 13 1 20 6355
0 0.5282785 0.554262 0.4982984 0 11.37782 2.24322 1000022 13 0 9.287153 12.00712 1000022 13 1 20 6369
1 0.4787497 0.3205257 0.6027815 0 1.882309 5.927703 1000022 13 0 41.60804 1.129474 1000022 13 1 20 6407
0 0.5318362 0.3930153 0.6229063 0 16.74701 1.980168 1000022 13 0 0.5197695 1.30766 1000022 13 1 20 6424
1 0.5532137 0.5752672 0.5266728 0 2.681791 1.135311 1000022 13 0 12.62831 1.182972 1000022 13 1 20 6426
0 0.1532031 0.0546767 0.3159225 0 54.47411 2.29172 1000022 13 0 31.28455 1.201279 1000022 13 1 20 6432
1 0.3499435 0.1883899 0.5229445 0 5.270346 1.44034 1000022 13 0 21.79562 6.458326 1000022 13 1 20 6436
0 0.1269531 0.04272098 0.2737629 0 14.32556 3.685676 1000022 13 0 52.59752 2.063161 1000022 13 1 20 6444
0 0.5910162 0.5567505 0.5901788 0 7.99877 6.176387 1000022 13 0 17.28765 1.709597 1000022 13 1 20 6445
1 0.5254593 0.4028046 0.5994089 0 11.189 1.581761 1000022 13 0 1.147422 1.655425 1000022 13 1 20 6454
0 0.5167031 0.5506821 0.479012 0 9.369129 4.237246 1000022 13 1 13.11504 1.088749 1000022 13 1 20 6462
0 0.1729784 0.06722977 0.3343768 0 2.194614 1.199703 1000022 13 0 0.15817 1.330525 1000022 13 1 20 6467
1 0.3948935 0.2325427 0.5489042 0 6.275083 3.095872 1000022 13 0 17.34651 1.374981 1000022 13 1 20 6492
0 0.6032776 0.6076099 0.5877098 0 8.432264 2.533699 1000022 13 0 13.6777 1.932668 1000022 13 1 20 6493
0 0.5287565 0.5561895 0.4975524 0 30.34729 2.075899 1000022 13 0 16.89352 1.726935 1000022 13 1 20 6515
0 0.2881128 0.1446569 0.4556899 0 6.773351 1.44866 1000022 13 0 12.20452 2.228079 1000022 13 1 20 6520
0 0.0369662 0.007475412 0.1230844 0 28.53345 2.71092 1000022 13 0 38.52073 4.371992 1000022 13 1 20 6525
1 0.5295258 0.5695821 0.4857943 0 1.312922 3.177749 1000022 13 0 14.98834 1.478955 1000022 13 1 20 6544
0 0.5952835 0.611509 0.5762983 0 14.62526 1.913383 1000022 13 0 0.8782329 1.961078 1000022 13 1 20 6566
1 0.08965165 0.02592053 0.2175904 0 8.193572 1.479299 1000022 13 0 11.6899 1.57155 1000022 13 1 20 6571
0 0.5836614 0.5931804 0.5673237 0 5.9686 4.06543 1000022 13 0 0.5748817 4.899545 1000022 13 1 20 6575
1 0.5762507 0.6293275 0.5220752 0 2.689403 1.169695 1000022 13 0 7.124976 1.473546 1000022 13 1 20 6576
1 0.5282785 0.554262 0.4982984 0 47.18464 1.412609 1000022 13 0 39.90453 1.608345 1000022 13 1 20 6577
0 0.6066679 0.6139975 0.5903023 0 5.917303 1.876032 1000022 13 0 4.36789 3.050866 1000022 13 1 20 6603
1 0.2451584 0.1116618 0.4192517 0 18.97051 4.073502 1000022 13 0 135.238 2.149826 1000022 13 1 20 6614
0 0.5895806 0.6030737 0.5720374 0 26.85246 1.824567 1000022 13 0 6.183674 2.487375 1000022 13 1 20 6625
0 0.5318362 0.3930153 0.6229063 0 10.55723 3.138076 1000022 13 0 3.80127 9.131713 1000022 13 1 20 6640
1 0.05729352 0.01337441 0.1665499 1 29.65886 2.011878 1000022 13 0 0.929651 2.37813 1000022 13 1 20 6658
0 0.2177773 0.496197 0.1012812 0 4.383545 1.96407 1000022 13 0 8.710602 1.775411 1000022 13 1 20 6669
0 0.5318362 0.3930153 0.6229063 0 12.43338 1.609463 1000022 13 0 1.173656 1.491618 1000022 13 1 20 6671
0 0.5618237 0.6205709 0.5052561 0 43.69828 3.340864 1000022 13 0 22.28445 4.113171 1000022 13 1 21 6683
0 0.5562873 0.6165259 0.4990861 0 12.18775 1.313469 1000022 13 1 28.44655 2.22722 1000022 13 1 21 6716
1 0.5688243 0.5852158 0.5499623 1 6.058934 1.278594 1000022 13 0 15.81336 1.985669 1000022 13 1 21 6800
1 0.5764854 0.5951216 0.5546703 0 25.80439 3.002971 1000022 13 0 0.3667202 2.584184 1000022 13 1 21 6801
0 0.5618237 0.6205709 0.5052561 0 27.28423 1.777267 1000022 13 0 4.852659 1.347142 1000022 13 1 21 6819
0 0.2047332 0.08404274 0.3795956 0 18.51012 3.194413 1000022 13 0 12.26875 1.771925 1000022 13 1 21 6850
0 0.5167031 0.5506821 0.479012 0 15.27304 3.123635 1000022 13 0 26.77386 3.299003 1000022 13 1 21 6851
0 0.612693 0.570597 0.6153595 0 37.36763 2.291946 1000022 13 0 22.27397 4.500401 1000022 13 1 21 6866
1 0.5952835 0.611509 0.5762983 0 26.74864 1.139868 1000022 13 0 28.66782 2.750665 1000022 13 1 21 6934
1 0.8205639 0.9861007 0.6425961 1 15.97629 1.328717 1000022 13 0 24.71088 9.254747 1000022 13 1 21 6948
0 0.5762507 0.6293275 0.5220752 1 7.41429 1.560229 1000022 13 0 34.14269 1.984853 1000022 13 1 21 6999
1 0.5266237 0.5499548 0.4990422 0 25.43286 2.698812 1000022 13 0 29.18482 2.768611 1000022 13 1 21 7002
0 0.5997004 0.600599 0.585084 0 10.57658 6.710195 1000022 13 0 2.721738 8.659286 1000022 13 1 21 7010
