1 0.7753953 0.8768815 0.6761842 0 82.18826 1.614784 6003113 13 0 194.7308 2.247151 6003113 13 1 31 7374
1 0.2589673 0.4640636 0.1403912 1 44.12507 1.378471 6002113 13 1 43.5505 1.802493 6002113 13 1 61 14407
1 0.2589673 0.4640636 0.1403912 1 44.12507 1.378471 6002113 13 1 43.5505 1.802493 6002113 13 1 61 14407
1 0.5836614 0.5931804 0.5673237 1 52.11758 2.258732 6003113 13 0 202.3659 2.535139 6003113 13 1 69 16409
1 0.5836614 0.5931804 0.5673237 1 52.11758 2.258732 6003113 13 0 202.3659 2.535139 6003113 13 1 69 16409
1 0.7848549 0.9604481 0.6011686 0 116.7356 1.598136 6002113 13 0 85.36284 1.42779 6002113 13 1 70 16587
1 0.5314228 0.5697247 0.4892392 0 55.9117 1.423812 6003113 13 0 481.9256 1.407064 6003113 13 1 70 16792
1 0.5546474 0.5779464 0.5268154 0 59.69306 2.033856 6002113 13 1 22.82077 1.89679 6002113 13 1 84 20079
1 0.5714342 0.5886496 0.5516996 0 52.98163 1.408248 6003113 13 0 363.2938 1.410006 6003113 13 1 125 29984
1 0.1269531 0.04272098 0.2737629 0 695.0434 2.4337 6003113 13 0 121.7694 1.626298 6003113 13 1 125 29995
1 0.4580497 0.3003624 0.5857744 1 7.043442 1.448772 6002113 13 0 72.07005 1.307341 6002113 13 1 126 30229
1 0.5477981 0.5668843 0.5250256 0 443.4321 1.445327 6003113 13 0 259.6762 1.429573 6003113 13 1 187 44809
1 0.6136458 0.6014555 0.6027775 0 112.7722 2.837626 6003113 13 0 125.5583 1.562894 6003113 13 1 188 45075
1 0.5964026 0.5417793 0.6069945 1 38.79263 1.61609 6003113 13 0 143.6829 1.582881 6003113 13 1 188 45094
1 0.6086565 0.5913109 0.5998238 0 269.2425 3.814331 6003113 13 1 57.33921 1.615738 6003113 13 1 223 53333
1 0.05729352 0.01337441 0.1665499 1 27.26018 1.76972 6002113 13 1 21.9851 1.352738 6002113 13 1 224 53657
1 0.5762507 0.6293275 0.5220752 0 267.2979 3.814782 6003113 13 0 73.20662 1.840289 6003113 13 1 224 53670
1 0.8205639 0.9861007 0.6425961 1 52.79652 1.60151 6003113 13 0 295.6865 1.594672 6003113 13 1 231 55313
1 0.8205639 0.9861007 0.6425961 1 52.79652 1.60151 6003113 13 0 295.6865 1.594672 6003113 13 1 231 55313
1 0.5714342 0.5886496 0.5516996 1 37.83333 1.551526 6002113 13 1 47.02217 1.534123 6002113 13 1 231 55334
1 0.6412468 0.7187812 0.5687311 1 21.35196 3.563438 6002113 13 1 31.70188 1.527024 6002113 13 1 231 55353
1 0.5997139 0.5230071 0.6258666 1 41.40477 1.597977 6002113 13 0 25.16262 2.61317 6002113 13 1 232 55475
1 0.6136458 0.6014555 0.6027775 1 23.49191 1.484468 6003113 13 0 1090.101 4.255621 6003113 13 1 232 55547
1 0.8525429 1.008901 0.681981 1 45.66125 1.583344 6003113 13 0 95.68867 1.392151 6003113 13 1 263 63043
1 0.5788639 0.5982325 0.5558819 1 9.739004 4.564157 6002113 13 0 56.73217 1.693747 6002113 13 1 264 63136
1 0.588144 0.5054888 0.619637 0 108.6452 1.42539 6002113 13 1 2.972992 1.424847 6002113 13 1 290 69376
1 0.3527923 0.1987178 0.5081832 0 59.22696 1.441774 6003113 13 0 950.9025 1.618472 6003113 13 1 290 69432
1 0.5895806 0.6030737 0.5720374 0 62.34853 1.514467 6003113 13 0 168.1775 2.302236 6003113 13 1 290 69457
1 0.5836614 0.5931804 0.5673237 0 132.2101 1.557105 6002113 13 0 56.63579 1.490321 6002113 13 1 318 76280
1 0.5836614 0.5931804 0.5673237 0 132.2101 1.557105 6002113 13 0 56.63579 1.490321 6002113 13 1 318 76280
1 0.5836614 0.5931804 0.5673237 0 132.2101 1.557105 6002113 13 0 56.63579 1.490321 6002113 13 1 318 76280
1 0.5974015 0.5689293 0.5935574 0 8.794645 6.986718 6002113 13 0 57.97985 1.974715 6002113 13 1 329 78739
1 0.08965165 0.02592053 0.2175904 0 739.7307 1.460341 6003113 13 0 74.92179 1.615349 6003113 13 1 329 78743
1 0.5910162 0.5567505 0.5901788 1 43.0358 1.727357 6002113 13 0 15.04571 2.146727 6002113 13 1 329 78803
1 0.5266237 0.5499548 0.4990422 0 128.9981 1.748483 6003113 13 0 97.36983 2.908621 6003113 13 1 329 78899
1 0.332514 0.1831242 0.4877928 0 131.6973 1.510969 6003113 13 0 127.0417 1.435423 6003113 13 1 377 90437
1 0.5213501 0.5671303 0.4736687 0 49.3279 1.390467 6002113 13 1 52.49018 1.54366 6002113 13 1 378 90557
1 0.5181258 0.5478516 0.4849526 0 33.33283 1.214888 6003113 13 0 303.7472 2.229972 6003113 13 1 378 90713
1 0.8795399 1.124261 0.6450055 0 136.6506 1.915501 6003113 13 0 590.5303 3.89533 6003113 13 1 21 4838
1 0.5714342 0.5886496 0.5516996 1 33.37832 1.995668 6002113 13 1 58.7072 2.429783 6002113 13 1 21 4891
1 0.5244987 0.5683367 0.4779848 1 2.849138 1.651976 6002113 13 0 59.21982 1.521022 6002113 13 1 21 5033
1 0.5726925 0.4622901 0.6298592 1 42.02987 1.400874 6002113 13 1 0.6250826 1.489209 6002113 13 1 22 5178
1 0.05072705 0.01149535 0.1514777 1 1.089575 1.565804 6002113 13 1 29.1719 1.908784 6002113 13 1 22 5208
1 0.4169807 0.2620942 0.5507454 1 12.37515 2.017166 6002113 13 1 40.62091 1.635093 6002113 13 1 26 6051
1 0.6032551 0.5804401 0.5967605 0 62.14873 1.411069 6002113 13 0 54.35436 1.511827 6002113 13 1 26 6102
1 0.5179189 0.5490608 0.4833063 1 27.63471 3.575436 6002113 13 0 125.0002 2.545326 6002113 13 1 57 13507
1 0.5179189 0.5490608 0.4833063 1 27.63471 3.575436 6002113 13 0 125.0002 2.545326 6002113 13 1 57 13507
1 0.5179189 0.5490608 0.4833063 1 27.63471 3.575436 6002113 13 0 125.0002 2.545326 6002113 13 1 57 13507
1 0.5167031 0.5506821 0.479012 0 75.99516 1.569462 6003113 13 0 74.46842 2.164554 6003113 13 1 307 73591
1 0.4947012 0.3518164 0.5957602 0 74.02699 1.685443 6002113 13 0 55.38432 1.20011 6002113 13 1 307 73637
1 0.4947012 0.3518164 0.5957602 0 74.02699 1.685443 6002113 13 0 55.38432 1.20011 6002113 13 1 307 73637
1 0.5275663 0.5521672 0.4987836 1 31.56519 1.747531 6002113 13 0 52.41173 1.413276 6002113 13 1 308 73793
1 0.01201097 0.001906234 0.05349415 1 18.99956 2.331092 6002113 13 1 40.79426 1.587723 6002113 13 1 349 83603
1 0.5895806 0.6030737 0.5720374 1 25.87771 1.601117 6002113 13 1 28.5659 1.280386 6002113 13 1 350 83851
1 0.5272219 0.5691352 0.4820344 0 512.6617 1.733451 6003113 13 0 71.70951 2.660856 6003113 13 1 350 83953
1 0.2639978 0.1232767 0.4426338 0 56.64701 1.384396 6003113 13 0 165.2858 1.946931 6003113 13 1 373 89371
1 0.517458 0.550009 0.4813292 1 17.27461 3.092632 6003113 13 0 132.5508 1.398646 6003113 13 1 373 89510
1 0.4100112 0.6092409 0.2736143 0 109.7952 1.456739 6003113 13 0 125.6508 2.008296 6003113 13 1 374 89565
1 0.3967369 0.2440586 0.532822 0 82.33255 1.41686 6003113 13 0 184.7405 1.411816 6003113 13 1 374 89595
1 0.5997139 0.5230071 0.6258666 0 119.8609 2.089296 6003113 13 0 528.1812 1.224571 6003113 13 1 384 92048
1 0.4569478 0.3122552 0.56665 0 172.7646 1.479601 6003113 13 0 67.30974 1.397216 6003113 13 1 384 92157
1 0.5974015 0.5689293 0.5935574 0 215.2921 1.511115 6003113 13 0 95.74815 1.413937 6003113 13 1 7 1450
1 0.63258 0.7110067 0.558628 0 350.1611 2.358817 6003113 13 0 87.48039 3.337679 6003113 13 1 7 1651
1 0.6048125 0.5564877 0.6113285 0 186.6489 1.64175 6003113 13 0 526.6199 1.297824 6003113 13 1 8 1730
1 0.4947012 0.3518164 0.5957602 0 32.27685 2.156701 6002113 13 0 117.5181 1.468607 6002113 13 1 8 1821
1 0.63258 0.7110067 0.558628 1 47.48071 2.81376 6002113 13 1 6.609373 3.6802 6002113 13 1 8 1858
1 0.6086565 0.5913109 0.5998238 0 25.02522 2.751995 6002113 13 1 47.267 1.756221 6002113 13 1 13 2906
1 0.5244179 0.7743813 0.3627396 0 27.7122 2.081655 6002113 13 1 52.88687 1.567584 6002113 13 1 19 4369
1 0.3499435 0.1883899 0.5229445 0 450.8321 2.261761 6003113 13 1 53.84079 1.612572 6003113 13 1 19 4419
1 0.5873008 0.5265231 0.6023225 1 35.3098 1.492285 6002113 13 1 0.962495 1.425433 6002113 13 1 20 4694
1 0.5836614 0.5931804 0.5673237 1 25.58002 1.807065 6002113 13 1 43.45129 2.867214 6002113 13 1 47 11175
1 0.5788639 0.5982325 0.5558819 0 65.30982 1.571496 6002113 13 1 31.25434 1.474397 6002113 13 1 48 11510
1 0.3736025 0.2151899 0.5285726 1 47.55954 1.441911 6003113 13 0 1092.477 1.463167 6003113 13 1 67 15884
1 0.5295258 0.5695821 0.4857943 0 32.74181 2.645076 6002113 13 1 18.87412 1.619055 6002113 13 1 115 27404
1 0.6032551 0.5804401 0.5967605 0 497.3991 1.584734 6003113 13 0 119.0686 1.885643 6003113 13 1 115 27596
1 0.5497594 0.569738 0.5257817 0 90.68434 1.508816 6003113 13 0 790.0334 1.390451 6003113 13 1 116 27683
1 0.5631819 0.4694994 0.6055688 0 94.94159 1.307873 6002113 13 0 7.190012 1.498914 6002113 13 1 185 44287
1 0.2221058 0.09363705 0.4034487 0 1615.697 14.00758 6003113 13 1 67.64143 3.231708 6003113 13 1 186 44419
1 0.2451584 0.1116618 0.4192517 1 31.52758 1.639525 6002113 13 1 9.863536 1.567895 6002113 13 1 186 44537
1 0.567017 0.6240464 0.5111355 0 60.03839 1.605973 6002113 13 1 18.51639 1.413206 6002113 13 1 248 59339
1 0.567017 0.6240464 0.5111355 0 60.03839 1.605973 6002113 13 1 18.51639 1.413206 6002113 13 1 248 59339
1 0.5213501 0.5671303 0.4736687 1 2.383916 2.317899 6002113 13 1 32.33855 1.456036 6002113 13 1 253 60640
1 0.3967369 0.2440586 0.532822 0 54.74992 6.203729 6003113 13 0 63.3442 1.682992 6003113 13 1 254 60824
1 0.0200014 0.003485674 0.07836146 0 192.341 1.652443 6003113 13 0 103.9826 3.438559 6003113 13 1 254 60883
1 0.5133753 0.3722426 0.6095979 0 66.4812 1.555926 6003113 13 0 448.3778 1.32449 6003113 13 1 254 60926
1 0.5759591 0.4876316 0.6128632 1 21.05282 1.399358 6002113 13 1 35.64756 1.471724 6002113 13 1 266 63665
1 0.5788639 0.5982325 0.5558819 1 14.56821 1.567342 6003113 13 0 95.37988 1.708878 6003113 13 1 266 63679
1 0.5254593 0.4028046 0.5994089 1 35.1403 1.588857 6002113 13 1 16.6839 1.734379 6002113 13 1 266 63689
1 0.5179189 0.5490608 0.4833063 1 42.10929 1.611111 6002113 13 0 110.6521 1.878211 6002113 13 1 281 67428
1 0.5179189 0.5490608 0.4833063 1 42.10929 1.611111 6002113 13 0 110.6521 1.878211 6002113 13 1 281 67428
1 0.6448439 0.9391438 0.4462655 1 32.062 1.746973 6003113 13 0 190.7857 2.188266 6003113 13 1 311 74449
1 0.5764854 0.5951216 0.5546703 0 59.99792 1.464632 6002113 13 0 164.4735 1.6141 6002113 13 1 355 84976
1 0.5866594 0.5983355 0.5696974 0 9.577651 4.80425 6002113 13 0 154.6924 2.058288 6002113 13 1 356 85365
1 0.588144 0.5054888 0.619637 1 14.59671 1.46373 6002113 13 0 82.49477 1.424399 6002113 13 1 376 90189
1 0.5213501 0.5671303 0.4736687 1 19.76626 2.801125 6002113 13 1 22.77581 1.684334 6002113 13 1 401 96169
1 0.649493 0.7260728 0.5780458 1 79.76089 2.326189 6003113 13 0 94.37119 1.984472 6003113 13 1 402 96475
1 0.05729352 0.01337441 0.1665499 0 188.0149 1.602899 6003113 13 0 293.0868 1.678726 6003113 13 1 408 97730
1 0.5244987 0.5683367 0.4779848 0 801.5157 1.585481 6003113 13 0 65.53662 1.456183 6003113 13 1 408 97791
1 0.5836614 0.5931804 0.5673237 0 1090.962 2.709181 6003113 13 0 234.8791 1.629375 6003113 13 1 201 48145
1 0.4169807 0.2620942 0.5507454 1 38.73957 1.919677 6003113 13 0 111.1184 1.513118 6003113 13 1 201 48195
1 0.4169807 0.2620942 0.5507454 1 38.73957 1.919677 6003113 13 0 111.1184 1.513118 6003113 13 1 201 48195
1 0.2837624 0.1357965 0.466535 0 363.5231 2.329527 6003113 13 0 225.083 1.715041 6003113 13 1 202 48384
1 0.3634303 0.5613242 0.2305602 0 511.6157 1.355812 6003113 13 0 118.4541 1.389612 6003113 13 1 245 58746
1 0.5318362 0.3930153 0.6229063 0 59.94789 1.568403 6002113 13 1 28.53142 1.886498 6002113 13 1 246 58895
1 0.5416277 0.4226007 0.6101028 0 55.69108 1.781517 6002113 13 1 22.26802 1.410507 6002113 13 1 271 64981
1 0.7622492 0.8652949 0.6588318 1 37.27776 2.10425 6002113 13 1 8.656542 1.711639 6002113 13 1 325 77809
1 0.02300672 0.0041003 0.08776114 0 38.01929 1.512294 6002113 13 0 38.32089 1.546797 6002113 13 1 326 78078
1 0.5910162 0.5567505 0.5901788 0 43.46402 1.329736 6002113 13 0 227.5341 1.778315 6002113 13 1 339 81231
1 0.567017 0.6240464 0.5111355 1 3.734769 1.398293 6003113 13 1 43.04534 1.44121 6003113 13 1 340 81594
1 0.8795399 1.124261 0.6450055 1 14.80411 1.813945 6001113 13 1 1.140297 1.597592 6001113 13 1 381 91216
1 0.4947012 0.3518164 0.5957602 0 161.4571 2.16944 6003113 13 0 107.809 1.682687 6003113 13 1 381 91400
1 0.4947012 0.3518164 0.5957602 0 161.4571 2.16944 6003113 13 0 107.809 1.682687 6003113 13 1 381 91400
1 0.55158 0.5725396 0.52633 0 516.8737 1.388461 6003113 13 0 50.42596 1.36445 6003113 13 1 382 91554
1 0.63258 0.7110067 0.558628 0 107.64 1.77207 6002113 13 1 7.960831 2.364142 6002113 13 1 415 99422
1 0.5290058 0.5579008 0.4965126 0 51.23123 1.213576 6002113 13 1 8.674831 7.366584 6002113 13 1 415 99443
1 0.06818588 0.017431 0.1831226 1 1.402816 1.919286 6002113 13 1 32.95263 1.244931 6002113 13 1 415 99459
1 0.004855447 0.000720841 0.02619279 0 43.29303 1.452674 6002113 13 1 14.32701 1.943834 6002113 13 1 415 99469
1 0.2451584 0.1116618 0.4192517 1 25.95044 2.291364 6002113 13 1 47.56152 1.827179 6002113 13 1 415 99548
1 0.2451584 0.1116618 0.4192517 1 25.95044 2.291364 6002113 13 1 47.56152 1.827179 6002113 13 1 415 99548
1 0.7631126 1.024915 0.5403691 0 104.495 1.574856 6003113 13 0 771.5342 1.628051 6003113 13 1 415 99588
1 0.5759591 0.4876316 0.6128632 0 187.9197 1.610078 6003113 13 0 60.21857 1.551838 6003113 13 1 294 70526
1 0.5759591 0.4876316 0.6128632 1 36.0093 1.843006 6002113 13 1 47.90256 1.540568 6002113 13 1 331 79383
1 0.4374391 0.2808723 0.5684127 0 987.5574 2.089731 6003113 13 0 83.43172 1.465111 6003113 13 1 332 79641
1 0.5282785 0.554262 0.4982984 0 265.9083 2.572652 6003113 13 0 122.5291 2.305158 6003113 13 1 341 81620
1 0.3634303 0.5613242 0.2305602 0 71.09151 1.445335 6003113 13 0 198.8798 1.575817 6003113 13 1 341 81652
1 0.3634303 0.5613242 0.2305602 0 71.09151 1.445335 6003113 13 0 198.8798 1.575817 6003113 13 1 341 81652
1 0.3634303 0.5613242 0.2305602 1 66.50724 2.130342 6002113 13 1 21.51905 1.781935 6002113 13 1 342 81878
1 0.5295258 0.5695821 0.4857943 1 80.16242 2.0913 6003113 13 0 177.3031 2.044686 6003113 13 1 342 81912
1 0.5873008 0.5265231 0.6023225 1 57.61032 1.553539 6003113 13 0 444.5834 1.429939 6003113 13 1 344 82483
1 0.63258 0.7110067 0.558628 0 798.4072 4.205216 6003113 13 0 208.9733 1.982248 6003113 13 1 58 13728
1 0.6412468 0.7187812 0.5687311 0 39.29553 1.376558 6002113 13 1 8.480763 2.5077 6002113 13 1 58 13812
1 0.55158 0.5725396 0.52633 0 29.78439 3.160242 6003113 13 0 147.0201 2.16631 6003113 13 1 239 57139
1 0.5573887 0.4424525 0.62027 0 82.69734 1.822099 6002113 13 1 27.40035 2.43912 6002113 13 1 241 57767
1 0.5952835 0.611509 0.5762983 1 23.77438 1.690615 6003113 13 0 142.2518 2.250493 6003113 13 1 241 57828
1 0.5295258 0.5695821 0.4857943 1 41.25584 3.289716 6003113 13 0 651.5577 1.852706 6003113 13 1 242 57880
1 0.4169807 0.2620942 0.5507454 0 193.2569 1.696913 6003113 13 0 428.7377 1.456564 6003113 13 1 242 57923
1 0.6066679 0.6139975 0.5903023 0 59.54823 1.539743 6002113 13 0 185.5176 1.422427 6002113 13 1 251 60025
1 0.5290058 0.5579008 0.4965126 0 35.87346 1.281473 6002113 13 0 5.987863 5.305873 6002113 13 1 260 62278
1 0.09959436 0.02969352 0.2358939 1 35.24121 1.737259 6002113 13 0 94.26871 1.896465 6002113 13 1 260 62300
1 0.1269531 0.04272098 0.2737629 1 13.57228 4.353199 6002113 13 1 38.72207 2.417137 6002113 13 1 283 67750
1 0.5924498 0.6074459 0.5742529 0 626.9036 1.34644 6003113 13 1 31.99419 1.862504 6003113 13 1 284 67967
1 0.5167031 0.5506821 0.479012 1 0.03354711 2.133461 6003113 13 0 139.8576 1.651558 6003113 13 1 284 68019
1 0.2102512 0.09099275 0.3742424 0 78.72568 1.540024 6002113 13 1 44.57393 1.849117 6002113 13 1 284 68058
1 0.5997139 0.5230071 0.6258666 0 743.2157 1.366989 6003113 13 0 148.5455 1.718014 6003113 13 1 297 71226
1 0.5213501 0.5671303 0.4736687 1 60.89971 3.129718 6002113 13 1 57.26617 1.896211 6002113 13 1 298 71348
1 0.3527923 0.1987178 0.5081832 0 121.6344 6.19847 6002113 13 1 76.40493 2.77543 6002113 13 1 387 92734
1 0.332514 0.1831242 0.4877928 0 103.3015 1.391354 6003113 13 0 369.2639 1.8458 6003113 13 1 388 92994
1 0.5952835 0.611509 0.5762983 0 80.5834 1.596136 6002113 13 0 108.8326 1.306285 6002113 13 1 393 94158
1 0.5546474 0.5779464 0.5268154 0 451.591 1.747218 6003113 13 1 83.04973 2.18914 6003113 13 1 393 94160
1 0.6136458 0.6014555 0.6027775 1 10.02263 1.429224 6001113 13 1 0.8905259 1.932336 6001113 13 1 395 94704
1 0.2451584 0.1116618 0.4192517 0 139.5309 2.049725 6003113 13 0 924.2 6.16678 6003113 13 1 409 98004
1 0.5546474 0.5779464 0.5268154 1 12.33556 1.484766 6002113 13 1 16.32645 1.601362 6002113 13 1 410 98290
1 0.3079744 0.1583086 0.4778822 1 40.37306 2.052863 6002113 13 0 0.3800778 3.119505 6002113 13 1 411 98442
1 0.5416277 0.4226007 0.6101028 0 203.6037 1.545074 6003113 13 1 66.74657 1.995778 6003113 13 1 411 98606
1 0.5416277 0.4226007 0.6101028 0 203.6037 1.545074 6003113 13 1 66.74657 1.995778 6003113 13 1 411 98606
1 0.4569478 0.3122552 0.56665 1 21.62118 1.693936 6002113 13 0 78.69183 1.477892 6002113 13 1 412 98758
1 0.5179189 0.5490608 0.4833063 0 652.22 2.139785 6003113 13 0 134.5578 1.82004 6003113 13 1 5 993
1 0.332514 0.1831242 0.4877928 0 413.3975 1.573839 6003113 13 0 57.55946 1.513989 6003113 13 1 5 1016
1 0.5275663 0.5521672 0.4987836 0 299.8841 1.204891 6003113 13 1 57.87643 1.952469 6003113 13 1 5 1082
1 0.5952835 0.611509 0.5762983 0 61.67001 1.536083 6003113 13 0 239.2652 1.67051 6003113 13 1 37 8813
1 0.5532137 0.5752672 0.5266728 1 36.15525 3.293828 6002113 13 1 10.69919 2.002873 6002113 13 1 37 8825
1 0.5287565 0.5561895 0.4975524 1 83.09724 2.031332 6003113 13 0 259.4646 1.171357 6003113 13 1 37 8832
1 0.158545 0.05991846 0.3130569 1 24.3127 6.511031 6003113 13 1 71.16312 2.111356 6003113 13 1 38 8894
1 0.5739795 0.5919386 0.5532731 1 7.622644 1.418123 6002113 13 0 82.42545 1.432991 6002113 13 1 38 9104
1 0.7479302 0.8530712 0.6393862 1 60.71672 2.13037 6002113 13 0 3.375341 3.460644 6002113 13 1 81 19228
1 0.5498481 0.4511571 0.5978136 0 235.3016 1.790629 6003113 13 0 92.1882 1.448579 6003113 13 1 82 19469
1 0.7479302 0.8530712 0.6393862 0 567.6929 1.555202 6003113 13 0 102.6227 2.09259 6003113 13 1 82 19607
1 0.1104112 0.03394089 0.2553055 0 68.27196 1.52616 6002113 13 1 29.21315 1.384676 6002113 13 1 167 39941
1 0.5314228 0.5697247 0.4892392 0 163.2106 1.435478 6003113 13 1 11.32106 1.477938 6003113 13 1 167 40072
1 0.5562873 0.6165259 0.4990861 0 106.4575 3.484641 6002113 13 1 57.237 1.827258 6002113 13 1 168 40196
1 0.5167031 0.5506821 0.479012 1 37.48936 2.433154 6002113 13 0 99.0885 1.756814 6002113 13 1 168 40220
1 0.5688243 0.5852158 0.5499623 0 125.8734 1.753471 6002113 13 0 64.97762 1.530028 6002113 13 1 168 40231
1 0.3285948 0.1728787 0.5003204 1 23.06605 1.559088 6002113 13 0 26.98538 1.876676 6002113 13 1 229 54922
1 0.6448439 0.9391438 0.4462655 0 734.2708 2.297223 6003113 13 0 63.85406 1.420725 6003113 13 1 230 54972
1 0.5821005 0.8557132 0.4029537 1 18.71994 1.592014 6002113 13 0 67.11552 1.550282 6002113 13 1 315 75538
1 0.2639978 0.1232767 0.4426338 0 108.6224 1.690008 6002113 13 0 2.163475 1.454005 6002113 13 1 315 75571
1 0.5958909 0.5929161 0.5824302 0 73.21226 1.534536 6003113 13 0 823.5717 1.652671 6003113 13 1 316 75800
1 0.8205639 0.9861007 0.6425961 1 54.43709 1.75009 6002113 13 0 82.34563 2.035808 6002113 13 1 321 76845
1 0.5895806 0.6030737 0.5720374 1 34.69403 2.446292 6002113 13 1 61.46597 1.828867 6002113 13 1 322 77222
1 0.5764854 0.5951216 0.5546703 0 53.32323 1.805331 6002113 13 1 27.13306 1.602514 6002113 13 1 322 77226
1 0.5167031 0.5506821 0.479012 1 44.59026 1.367203 6002113 13 1 3.323018 1.711828 6002113 13 1 322 77247
1 0.5290058 0.5579008 0.4965126 0 692.1188 2.304325 6003113 13 0 70.62747 1.377177 6003113 13 1 328 78667
1 0.4609929 0.6820365 0.3120403 1 40.74811 1.466614 6002113 13 0 56.0818 1.428031 6002113 13 1 328 78678
1 0.4609929 0.6820365 0.3120403 1 40.74811 1.466614 6002113 13 0 56.0818 1.428031 6002113 13 1 328 78678
1 0.3499435 0.1883899 0.5229445 0 614.7532 1.333551 6003113 13 0 108.1928 2.086579 6003113 13 1 328 78689
1 0.73212 0.8401718 0.6176243 1 35.65347 1.591033 6003113 13 0 241.7693 1.961072 6003113 13 1 353 84531
1 0.5290058 0.5579008 0.4965126 1 36.84449 1.368419 6002113 13 0 85.6028 2.016681 6002113 13 1 353 84560
1 0.5714342 0.5886496 0.5516996 0 69.0658 1.566247 6003113 13 0 1176.042 2.04702 6003113 13 1 359 85970
1 0.5895806 0.6030737 0.5720374 0 146.7043 1.880419 6003113 13 0 359.0656 1.467548 6003113 13 1 360 86400
1 0.5497594 0.569738 0.5257817 0 55.37558 1.608702 6002113 13 1 40.66351 3.331004 6002113 13 1 363 86910
1 0.08053406 0.0225782 0.2003654 0 483.9955 1.708823 6003113 13 0 86.15245 1.467775 6003113 13 1 364 87240
1 0.6048125 0.5564877 0.6113285 0 210.3606 1.468094 6003113 13 0 301.0517 1.342375 6003113 13 1 364 87331
1 0.5618237 0.6205709 0.5052561 1 17.18218 1.418764 6002113 13 1 45.14877 2.241596 6002113 13 1 367 87985
1 0.5618237 0.6205709 0.5052561 1 17.18218 1.418764 6002113 13 1 45.14877 2.241596 6002113 13 1 367 87985
1 0.5275663 0.5521672 0.4987836 0 360.4811 1.86245 6003113 13 0 133.4976 1.502307 6003113 13 1 79 18875
1 0.5275663 0.5521672 0.4987836 0 360.4811 1.86245 6003113 13 0 133.4976 1.502307 6003113 13 1 79 18875
1 0.4947012 0.3518164 0.5957602 0 102.8097 1.748867 6003113 13 0 1454.394 1.368477 6003113 13 1 86 20514
1 0.5562873 0.6165259 0.4990861 0 170.0202 4.364653 6003113 13 0 124.8475 2.045216 6003113 13 1 87 20788
1 0.5762507 0.6293275 0.5220752 0 374.9243 1.455666 6003113 13 0 157.9841 1.387739 6003113 13 1 87 20866
1 0.5714342 0.5886496 0.5516996 0 348.9632 1.509051 6003113 13 1 41.05561 1.883969 6003113 13 1 88 20892
1 0.0369662 0.007475412 0.1230844 0 127.6989 1.278928 6003113 13 0 377.6334 4.4075 6003113 13 1 88 21008
1 0.3967369 0.2440586 0.532822 0 12.57439 3.428145 6003113 13 0 149.1635 1.752833 6003113 13 1 88 21014
1 0.7834347 1.103071 0.5443225 1 56.39598 1.788706 6002113 13 1 23.60434 1.627767 6002113 13 1 107 25496
1 0.6032776 0.6076099 0.5877098 0 82.446 1.646843 6003113 13 0 369.6621 1.42031 6003113 13 1 392 93897
1 0.55158 0.5725396 0.52633 1 37.037 1.329696 6003113 13 0 16.51439 2.300018 6003113 13 1 392 94060
1 0.003573192 0.0005337209 0.01990908 0 188.3087 2.829237 6003113 13 1 27.8058 1.936483 6003113 13 1 404 96950
1 0.55158 0.5725396 0.52633 1 14.115 2.104073 6002113 13 0 77.86143 1.29404 6002113 13 1 1 32
1 0.5498481 0.4511571 0.5978136 0 2.139793 3.661096 6002113 13 1 47.83635 1.791641 6002113 13 1 1 212
1 0.5997004 0.600599 0.585084 0 81.56492 1.64137 6003113 13 0 1086.022 1.874153 6003113 13 1 1 239
1 0.3527923 0.1987178 0.5081832 0 91.90904 1.444032 6002113 13 0 66.57829 1.374226 6002113 13 1 2 247
1 0.5532137 0.5752672 0.5266728 1 68.43672 2.272175 6003113 13 0 454.3411 2.719727 6003113 13 1 35 8185
1 0.5181258 0.5478516 0.4849526 0 79.10193 1.286972 6002113 13 1 20.74202 5.302989 6002113 13 1 35 8395
1 0.55158 0.5725396 0.52633 1 30.01665 1.704424 6002113 13 0 26.22802 3.299952 6002113 13 1 36 8444
1 0.5244987 0.5683367 0.4779848 0 102.9691 1.424123 6003113 13 0 160.0142 1.379934 6003113 13 1 36 8478
1 0.5314228 0.5697247 0.4892392 1 46.54121 2.935527 6003113 13 0 79.55402 2.143897 6003113 13 1 159 38023
1 0.5287565 0.5561895 0.4975524 1 24.68418 2.624632 6002113 13 0 123.9148 1.765153 6002113 13 1 160 38223
1 0.7834347 1.103071 0.5443225 1 38.88712 1.858833 6002113 13 1 8.038117 1.846255 6002113 13 1 160 38233
1 0.5718377 0.6269594 0.5167355 0 70.22784 1.314878 6002113 13 1 10.75623 3.654346 6002113 13 1 169 40484
1 0.5866594 0.5983355 0.5696974 0 90.6683 1.582463 6003113 13 0 806.7924 1.359596 6003113 13 1 170 40675
1 0.7848549 0.9604481 0.6011686 0 65.52669 1.48932 6002113 13 1 40.20748 1.373608 6002113 13 1 212 50745
1 0.7753953 0.8768815 0.6761842 0 160.0315 1.923602 6003113 13 0 103.8183 2.021943 6003113 13 1 303 72662
1 0.7753953 0.8768815 0.6761842 0 160.0315 1.923602 6003113 13 0 103.8183 2.021943 6003113 13 1 303 72662
1 0.63258 0.7110067 0.558628 1 46.83897 1.580386 6002113 13 0 74.9027 2.434493 6002113 13 1 303 72680
1 0.517458 0.550009 0.4813292 1 17.908 2.114903 6002113 13 1 46.70827 2.441394 6002113 13 1 333 79742
1 0.332514 0.1831242 0.4877928 0 268.7332 1.927673 6003113 13 0 156.9938 2.216568 6003113 13 1 334 80011
1 0.06818588 0.017431 0.1831226 0 121.6563 1.778214 6003113 13 0 644.3303 3.14206 6003113 13 1 362 86717
1 0.002879208 0.0004402274 0.01668584 0 83.55801 1.462859 6003113 13 0 264.7397 1.578407 6003113 13 1 365 87512
1 0.3499435 0.1883899 0.5229445 1 60.35195 1.703447 6003113 13 0 137.8103 1.225516 6003113 13 1 365 87529
1 0.5290058 0.5579008 0.4965126 0 176.8159 1.934631 6003113 13 1 60.67171 1.654392 6003113 13 1 365 87568
1 0.5290058 0.5579008 0.4965126 0 70.2771 1.443813 6003113 13 0 494.7019 1.443291 6003113 13 1 365 87576
1 0.517458 0.550009 0.4813292 1 21.89891 1.480296 6002113 13 1 8.379197 1.74421 6002113 13 1 366 87773
1 0.2222533 0.3632958 0.1355449 1 45.32349 2.0066 6003113 13 0 334.1656 3.114365 6003113 13 1 370 88680
1 0.5295258 0.5695821 0.4857943 0 555.2205 1.415813 6003113 13 0 148.186 1.40247 6003113 13 1 370 88683
1 0.5836614 0.5931804 0.5673237 0 61.45759 1.737574 6003113 13 0 233.4801 1.796646 6003113 13 1 370 88743
1 0.4569478 0.3122552 0.56665 1 70.65093 3.35779 6003113 13 0 197.9046 1.876559 6003113 13 1 370 88781
1 0.5181258 0.5478516 0.4849526 0 539.3817 1.771496 6003113 13 0 64.54425 1.503684 6003113 13 1 9 1925
1 0.6573245 0.7328399 0.586741 0 621.4425 1.493809 6003113 13 1 18.50635 1.382759 6003113 13 1 9 1928
1 0.5295258 0.5695821 0.4857943 0 1096.37 3.744665 6003113 13 0 206.5982 1.906578 6003113 13 1 9 1990
1 0.158545 0.05991846 0.3130569 0 140.6462 1.948123 6003113 13 0 165.4836 1.831616 6003113 13 1 101 24036
1 0.5156123 0.5510817 0.476349 0 75.18673 1.526075 6002113 13 1 5.378639 1.496978 6002113 13 1 111 26438
1 0.5287565 0.5561895 0.4975524 1 39.81256 1.914039 6002113 13 0 63.37663 1.479157 6002113 13 1 112 26686
1 0.2646042 0.4246775 0.1631307 0 52.94846 1.448013 6002113 13 1 32.79528 1.662653 6002113 13 1 150 35953
1 0.5179189 0.5490608 0.4833063 0 46.47563 1.340768 6002113 13 1 37.49895 1.605605 6002113 13 1 151 36083
1 0.5179189 0.5490608 0.4833063 0 46.47563 1.340768 6002113 13 1 37.49895 1.605605 6002113 13 1 151 36083
1 0.5714342 0.5886496 0.5516996 0 305.9629 3.439707 6003113 13 0 32.52519 1.103256 6003113 13 1 151 36224
1 0.5181258 0.5478516 0.4849526 1 0.8725896 2.60083 6002113 13 0 124.7439 1.42946 6002113 13 1 152 36314
1 0.5167031 0.5506821 0.479012 1 38.64634 3.077637 6002113 13 1 42.91883 1.699935 6002113 13 1 153 36481
1 0.4758722 0.3318007 0.5814311 0 493.1268 2.498086 6003113 13 0 134.7525 1.480976 6003113 13 1 153 36491
1 0.6647661 0.7390303 0.5949469 0 813.451 1.738645 6003113 13 0 112.3301 1.488255 6003113 13 1 153 36648
1 0.5295258 0.5695821 0.4857943 1 17.11387 1.549406 6002113 13 1 56.29331 2.262867 6002113 13 1 154 36950
1 0.4947012 0.3518164 0.5957602 1 25.64826 1.731007 6002113 13 1 33.7697 2.050721 6002113 13 1 175 41849
1 0.5718377 0.6269594 0.5167355 0 134.5287 1.720102 6003113 13 0 381.2704 1.537063 6003113 13 1 176 42027
1 0.5762507 0.6293275 0.5220752 0 178.8083 1.523832 6003113 13 0 137.4436 1.278822 6003113 13 1 219 52350
1 0.612693 0.570597 0.6153595 0 858.3009 1.767107 6003113 13 0 104.5793 1.559477 6003113 13 1 255 61123
1 0.7876326 0.8878482 0.6917219 1 30.13412 1.520261 6002113 13 1 46.87673 1.846999 6002113 13 1 256 61213
1 0.2272445 0.1009137 0.3964395 0 99.93045 1.548865 6002113 13 0 125.3865 5.316195 6002113 13 1 256 61254
1 0.1221513 0.03870894 0.2758521 0 65.7926 1.631486 6002113 13 0 16.39154 1.859815 6002113 13 1 256 61335
1 0.5287565 0.5561895 0.4975524 1 57.95858 2.005771 6003113 13 0 168.5963 4.495873 6003113 13 1 301 72006
1 0.4947012 0.3518164 0.5957602 0 136.9559 1.798778 6003113 13 0 570.4152 1.676822 6003113 13 1 301 72134
1 0.5958909 0.5929161 0.5824302 0 52.0218 1.503523 6002113 13 1 10.3968 1.471999 6002113 13 1 301 72218
1 0.03952796 0.008452482 0.1246154 1 40.24195 2.050631 6002113 13 1 37.54655 1.529578 6002113 13 1 310 74304
1 0.5546474 0.5779464 0.5268154 0 101.2397 1.586098 6003113 13 0 97.82617 1.568151 6003113 13 1 310 74324
1 0.5714342 0.5886496 0.5516996 1 64.47708 2.096959 6003113 13 0 436.9748 3.492143 6003113 13 1 319 76379
1 0.8795399 1.124261 0.6450055 1 2.374989 1.330778 6002113 13 1 22.44254 1.712 6002113 13 1 319 76425
1 0.4758722 0.3318007 0.5814311 0 306.1059 1.621131 6003113 13 0 124.4477 1.59272 6003113 13 1 320 76629
1 0.332514 0.1831242 0.4877928 1 40.0065 1.991455 6002113 13 1 100.9101 7.52922 6002113 13 1 320 76707
1 0.5759591 0.4876316 0.6128632 0 736.6537 3.504621 6003113 13 1 76.32916 2.326733 6003113 13 1 320 76769
1 0.6032551 0.5804401 0.5967605 0 6.934941 13.71059 6003113 13 1 68.03871 1.849828 6003113 13 1 320 76794
1 0.612693 0.570597 0.6153595 0 12.17051 2.90993 6002113 13 1 21.81642 1.839568 6002113 13 1 323 77344
1 0.5532137 0.5752672 0.5266728 0 144.1924 1.408345 6003113 13 0 447.0576 1.504777 6003113 13 1 323 77465
1 0.05400157 0.01299014 0.1528512 1 15.09993 1.453299 6002113 13 1 31.52656 1.466632 6002113 13 1 324 77550
1 0.5997139 0.5230071 0.6258666 0 293.6847 5.755629 6003113 13 0 115.337 1.343465 6003113 13 1 337 80693
1 0.4787497 0.3205257 0.6027815 0 179.5493 1.518115 6003113 13 0 136.047 1.715906 6003113 13 1 337 80738
1 0.4787497 0.3205257 0.6027815 0 179.5493 1.518115 6003113 13 0 136.047 1.715906 6003113 13 1 337 80738
1 0.5718377 0.6269594 0.5167355 0 90.03853 1.641356 6002113 13 1 17.11279 1.983883 6002113 13 1 338 80887
1 0.5718377 0.6269594 0.5167355 0 90.03853 1.641356 6002113 13 1 17.11279 1.983883 6002113 13 1 338 80887
1 0.55158 0.5725396 0.52633 1 101.3919 16.47697 6003113 13 0 82.73884 1.513208 6003113 13 1 338 80925
1 0.7848549 0.9604481 0.6011686 1 47.07082 1.948586 6003113 13 0 218.2331 2.846797 6003113 13 1 338 80941
1 0.7876326 0.8878482 0.6917219 0 54.94563 1.45483 6002113 13 0 72.60942 1.414042 6002113 13 1 338 81111
1 0.5546474 0.5779464 0.5268154 0 58.55497 1.505828 6002113 13 1 42.60357 1.877838 6002113 13 1 345 82676
1 0.4166096 0.2507721 0.5691213 0 118.5299 2.493886 6003113 13 0 182.2604 1.924976 6003113 13 1 357 85475
1 0.5167031 0.5506821 0.479012 1 43.19518 1.744497 6002113 13 1 34.35976 1.251504 6002113 13 1 357 85572
1 0.5910162 0.5567505 0.5901788 0 55.44282 1.327693 6003113 13 0 958.2679 1.998315 6003113 13 1 358 85848
1 0.5266237 0.5499548 0.4990422 1 5.531188 2.092189 6002113 13 0 60.00745 1.642548 6002113 13 1 29 6800
1 0.5714342 0.5886496 0.5516996 0 142.2741 2.390474 6003113 13 1 37.06492 1.908224 6003113 13 1 29 6869
1 0.4374391 0.2808723 0.5684127 1 31.92217 1.444012 6002113 13 0 104.1421 1.8017 6002113 13 1 29 6891
1 0.5952835 0.611509 0.5762983 1 25.73503 1.459594 6003113 13 0 244.2306 1.669878 6003113 13 1 29 6941
1 0.567017 0.6240464 0.5111355 0 80.21223 1.374047 6002113 13 0 75.52171 1.279832 6002113 13 1 49 11553
1 0.3396021 0.7504866 0.1548572 0 466.6323 1.541301 6003113 13 0 87.46449 1.491825 6003113 13 1 49 11727
1 0.9330272 1.165662 0.6989502 0 138.8743 1.294058 6003113 13 0 456.0811 1.704579 6003113 13 1 55 13007
1 0.6573245 0.7328399 0.586741 1 23.99074 1.46222 6002113 13 0 57.65751 1.450147 6002113 13 1 56 13214
1 0.2613127 0.4399297 0.1568884 0 604.4759 1.535574 6003113 13 1 44.69335 1.484854 6003113 13 1 56 13217
1 0.5287565 0.5561895 0.4975524 0 138.5553 1.63062 6003113 13 1 49.46526 2.522564 6003113 13 1 56 13276
1 0.5764854 0.5951216 0.5546703 0 113.8154 1.580106 6003113 13 0 569.5939 2.690938 6003113 13 1 56 13306
1 0.2690341 0.1318973 0.4338007 0 28.38519 3.688829 6002113 13 0 82.50732 1.418115 6002113 13 1 73 17378
1 0.6136458 0.6014555 0.6027775 0 76.20074 1.786526 6003113 13 1 39.64203 1.444507 6003113 13 1 77 18377
1 0.5739795 0.5919386 0.5532731 1 48.05258 1.730124 6002113 13 1 38.30855 1.650297 6002113 13 1 77 18437
1 0.8809592 1.029419 0.71877 0 637.2336 1.427702 6003113 13 1 40.86643 1.676911 6003113 13 1 93 22301
1 0.5618237 0.6205709 0.5052561 0 232.5679 2.014293 6003113 13 0 335.6718 3.151995 6003113 13 1 103 24536
1 0.5746185 0.8494006 0.3960752 1 39.43488 1.760891 6002113 13 1 6.259292 3.024568 6002113 13 1 120 28624
1 0.1677999 0.06163852 0.3385446 1 42.81863 1.43455 6003113 13 0 289.1845 2.379197 6003113 13 1 133 31723
1 0.2837624 0.1357965 0.466535 1 15.14539 1.638519 6002113 13 0 79.56938 1.455805 6002113 13 1 133 31760
1 0.7122802 1.022352 0.4932415 0 215.6232 1.689049 6003113 13 0 311.9789 2.140085 6003113 13 1 133 31783
1 0.5167031 0.5506821 0.479012 0 60.41824 1.487712 6003113 13 0 701.4694 1.397874 6003113 13 1 135 32392
1 0.7631126 1.024915 0.5403691 1 72.55272 1.837371 6002113 13 1 4.374674 1.525657 6002113 13 1 146 34816
1 0.1269531 0.04272098 0.2737629 0 58.40017 1.300648 6003113 13 1 7.224456 1.892436 6003113 13 1 117 28075
1 0.4787497 0.3205257 0.6027815 1 32.29117 2.02661 6002113 13 0 46.00412 1.343972 6002113 13 1 118 28241
1 0.5618237 0.6205709 0.5052561 0 118.1877 1.666604 6002113 13 1 25.55786 1.773209 6002113 13 1 130 31112
1 0.5714342 0.5886496 0.5516996 0 250.6597 2.140937 6003113 13 0 140.9792 2.096038 6003113 13 1 132 31530
1 0.2881128 0.1446569 0.4556899 0 49.37009 1.234493 6002113 13 1 54.02091 1.841258 6002113 13 1 132 31547
1 0.2881128 0.1446569 0.4556899 0 49.37009 1.234493 6002113 13 1 54.02091 1.841258 6002113 13 1 132 31547
1 0.7479302 0.8530712 0.6393862 0 206.1566 2.401478 6003113 13 1 57.16275 2.244677 6003113 13 1 137 32736
1 0.5282785 0.554262 0.4982984 0 62.14391 2.308197 6002113 13 1 49.64593 1.599657 6002113 13 1 155 37194
1 0.332514 0.1831242 0.4877928 0 137.1602 1.564092 6003113 13 0 143.6047 2.18638 6003113 13 1 156 37253
1 0.332514 0.1831242 0.4877928 0 137.1602 1.564092 6003113 13 0 143.6047 2.18638 6003113 13 1 156 37253
1 0.08538405 0.02321139 0.2178409 1 34.77842 2.25821 6002113 13 1 5.039896 2.014433 6002113 13 1 156 37255
1 0.6032551 0.5804401 0.5967605 0 63.22806 1.566082 6002113 13 0 48.36568 1.410705 6002113 13 1 156 37388
1 0.6573245 0.7328399 0.586741 0 77.56024 4.152082 6002113 13 1 60.63457 1.967563 6002113 13 1 157 37518
1 0.7753953 0.8768815 0.6761842 0 175.2064 1.729715 6003113 13 0 174.615 1.47812 6003113 13 1 158 37688
1 0.6066679 0.6139975 0.5903023 0 90.5524 1.78897 6003113 13 0 99.17075 1.523554 6003113 13 1 158 37702
1 0.9330272 1.165662 0.6989502 0 666.8835 1.512137 6003113 13 0 63.69469 1.433384 6003113 13 1 164 39263
1 0.3396021 0.7504866 0.1548572 0 121.5636 1.331619 6003113 13 0 702.2537 1.658138 6003113 13 1 164 39330
1 0.649493 0.7260728 0.5780458 1 17.35841 1.410617 6002113 13 1 43.93848 1.377099 6002113 13 1 171 40860
1 0.6032551 0.5804401 0.5967605 1 70.31105 2.297256 6003113 13 0 353.4639 1.760705 6003113 13 1 171 40929
1 0.5179189 0.5490608 0.4833063 0 26.25911 1.222005 6002113 13 1 17.66082 1.211874 6002113 13 1 172 41140
1 0.5910162 0.5567505 0.5901788 1 56.92575 1.632252 6003113 13 0 1468.547 1.571751 6003113 13 1 172 41244
1 0.6086565 0.5913109 0.5998238 0 647.3698 2.04574 6003113 13 1 56.65955 1.778303 6003113 13 1 173 41409
1 0.5318362 0.3930153 0.6229063 1 0.06817788 2.178046 6002113 13 0 98.91929 2.077385 6002113 13 1 173 41439
1 0.5167031 0.5506821 0.479012 0 100.6228 1.936456 6003113 13 0 112.1542 2.646348 6003113 13 1 174 41546
1 0.5759591 0.4876316 0.6128632 0 146.5292 2.032626 6003113 13 1 28.31358 4.743135 6003113 13 1 174 41700
1 0.0607434 0.01506151 0.1674532 0 79.62038 1.617996 6002113 13 1 24.05789 1.637208 6002113 13 1 207 49558
1 0.0607434 0.01506151 0.1674532 0 79.62038 1.617996 6002113 13 1 24.05789 1.637208 6002113 13 1 207 49558
1 0.5895806 0.6030737 0.5720374 1 68.11866 3.587207 6003113 13 1 50.43021 4.196149 6003113 13 1 207 49584
1 0.5133753 0.3722426 0.6095979 0 302.2812 4.549819 6003113 13 0 59.78173 2.074332 6003113 13 1 207 49594
1 0.7753953 0.8768815 0.6761842 1 16.31166 1.296346 6002113 13 1 40.89932 1.504435 6002113 13 1 417 99989
1 0.0369662 0.007475412 0.1230844 1 6.293968 3.522819 6002113 13 1 57.3331 1.774666 6002113 13 1 11 2557
1 0.8795399 1.124261 0.6450055 0 573.4934 1.293553 6003113 13 0 59.83893 1.618609 6003113 13 1 23 5357
1 0.5746185 0.8494006 0.3960752 1 5.487172 1.533392 6002113 13 0 93.10545 1.471664 6002113 13 1 24 5756
1 0.5764854 0.5951216 0.5546703 0 46.70185 3.14848 6002113 13 1 42.96585 1.618427 6002113 13 1 39 9165
1 0.5167031 0.5506821 0.479012 0 195.0743 1.93682 6003113 13 1 30.04455 1.344425 6003113 13 1 39 9297
1 0.5167031 0.5506821 0.479012 0 195.0743 1.93682 6003113 13 1 30.04455 1.344425 6003113 13 1 39 9297
1 0.63258 0.7110067 0.558628 1 6.701564 1.430177 6002113 13 0 173.9583 1.769085 6002113 13 1 40 9416
1 0.5836614 0.5931804 0.5673237 0 104.9617 1.884929 6002113 13 1 49.50108 1.81634 6002113 13 1 40 9487
1 0.5497594 0.569738 0.5257817 0 270.2838 1.97164 6003113 13 0 160.2054 1.511483 6003113 13 1 46 10881
1 0.1532031 0.0546767 0.3159225 0 99.37333 1.840232 6003113 13 0 96.13427 1.41096 6003113 13 1 46 11040
1 0.1532031 0.0546767 0.3159225 0 99.37333 1.840232 6003113 13 0 96.13427 1.41096 6003113 13 1 46 11040
1 0.1532031 0.0546767 0.3159225 0 99.37333 1.840232 6003113 13 0 96.13427 1.41096 6003113 13 1 46 11040
1 0.1532031 0.0546767 0.3159225 0 99.37333 1.840232 6003113 13 0 96.13427 1.41096 6003113 13 1 46 11040
1 0.2646042 0.4246775 0.1631307 0 83.67397 1.428307 6003113 13 0 298.7153 2.27801 6003113 13 1 53 12496
1 0.6573245 0.7328399 0.586741 0 61.45418 1.419698 6002113 13 1 14.64188 1.661504 6002113 13 1 65 15434
1 0.5156123 0.5510817 0.476349 1 24.61067 1.399152 6003113 13 0 184.4891 1.47856 6003113 13 1 65 15448
1 0.01504938 0.002516407 0.06213839 0 101.4044 1.623155 6002113 13 1 12.98554 1.849259 6002113 13 1 90 21440
1 0.5181258 0.5478516 0.4849526 0 81.84503 1.455029 6002113 13 1 7.916732 1.435843 6002113 13 1 90 21534
1 0.4947012 0.3518164 0.5957602 0 102.2501 1.664169 6002113 13 1 30.84452 2.406327 6002113 13 1 95 22579
1 0.3117667 0.4907445 0.1947719 0 48.24828 5.713136 6002113 13 1 76.80286 2.707046 6002113 13 1 97 23087
1 0.5958909 0.5929161 0.5824302 1 36.71805 3.098953 6003113 13 0 131.9627 2.595061 6003113 13 1 97 23263
1 0.2881128 0.1446569 0.4556899 1 67.85405 2.33537 6003113 13 0 605.3322 3.040982 6003113 13 1 106 25281
1 0.73212 0.8401718 0.6176243 1 44.07515 1.407442 6003113 13 0 638.4938 1.488707 6003113 13 1 106 25325
1 0.6048125 0.5564877 0.6113285 0 68.72697 1.494593 6002113 13 1 11.24751 1.791479 6002113 13 1 106 25380
1 0.5156123 0.5510817 0.476349 1 45.62417 1.399534 6002113 13 1 22.03419 1.517141 6002113 13 1 110 26168
1 0.5156123 0.5510817 0.476349 1 45.62417 1.399534 6002113 13 1 22.03419 1.517141 6002113 13 1 110 26168
1 0.5895806 0.6030737 0.5720374 0 59.43141 1.560007 6002113 13 0 34.71183 3.293946 6002113 13 1 110 26365
1 0.649493 0.7260728 0.5780458 0 58.31565 1.787993 6003113 13 0 573.5949 1.560895 6003113 13 1 121 28804
1 0.517458 0.550009 0.4813292 1 43.78038 1.896934 6003113 13 0 731.9235 1.46853 6003113 13 1 191 45660
1 0.1396007 0.04838719 0.2943295 0 1511.757 2.099463 6003113 13 0 71.51003 1.557281 6003113 13 1 197 47054
1 0.55158 0.5725396 0.52633 0 96.24348 2.050626 6002113 13 0 6.809033 3.579275 6002113 13 1 197 47059
1 0.2690341 0.1318973 0.4338007 0 128.7204 2.383884 6002113 13 1 6.829026 1.29566 6002113 13 1 197 47068
1 0.9330272 1.165662 0.6989502 0 70.35631 1.439445 6002113 13 1 37.92958 1.411364 6002113 13 1 198 47334
1 0.5573887 0.4424525 0.62027 1 46.31607 1.922278 6002113 13 0 31.73763 4.676012 6002113 13 1 198 47441
1 0.5997004 0.600599 0.585084 0 11.78715 5.428876 6002113 13 0 52.1501 2.980819 6002113 13 1 200 47861
1 0.73212 0.8401718 0.6176243 0 131.8266 1.504715 6002113 13 0 46.31421 1.71162 6002113 13 1 205 49104
1 0.1104112 0.03394089 0.2553055 0 322.9193 1.29208 6003113 13 1 138.015 6.030291 6003113 13 1 210 50233
1 0.5546474 0.5779464 0.5268154 0 67.77442 1.291395 6002113 13 1 23.60521 1.54494 6002113 13 1 210 50371
1 0.5546474 0.5779464 0.5268154 0 67.77442 1.291395 6002113 13 1 23.60521 1.54494 6002113 13 1 210 50371
1 0.5774951 0.5107735 0.5972872 0 42.55184 3.197729 6002113 13 1 53.43711 2.124673 6002113 13 1 221 52875
1 0.5836614 0.5931804 0.5673237 1 6.647445 1.529593 6002113 13 1 47.04644 1.425425 6002113 13 1 221 53023
1 0.6136458 0.6014555 0.6027775 0 47.72735 1.505883 6003113 13 0 461.4597 2.73288 6003113 13 1 228 54546
1 0.73212 0.8401718 0.6176243 0 78.27335 1.67679 6003113 13 0 69.26556 1.499845 6003113 13 1 233 55855
1 0.6647661 0.7390303 0.5949469 1 61.51472 2.004759 6003113 13 0 403.1886 1.908083 6003113 13 1 233 55881
1 0.6066679 0.6139975 0.5903023 0 46.99302 1.33733 6003113 13 0 734.3768 1.660377 6003113 13 1 243 58093
1 0.5952835 0.611509 0.5762983 0 381.3468 2.277507 6003113 13 0 61.75683 1.186196 6003113 13 1 243 58254
1 0.5318362 0.3930153 0.6229063 0 43.75893 9.269243 6002113 13 0 66.55931 1.626567 6002113 13 1 243 58297
1 0.5952835 0.611509 0.5762983 0 161.0347 1.459925 6003113 13 0 479.8667 1.612373 6003113 13 1 244 58381
1 0.9061426 1.048168 0.7526054 1 31.2387 1.609886 6002113 13 0 14.16923 5.423177 6002113 13 1 406 97357
1 0.0607434 0.01506151 0.1674532 0 1204.114 1.874457 6003113 13 1 44.84816 1.532293 6003113 13 1 28 6499
1 0.158545 0.05991846 0.3130569 0 808.4499 1.548675 6003113 13 0 89.79936 1.454855 6003113 13 1 28 6703
1 0.55158 0.5725396 0.52633 0 99.05005 1.576292 6002113 13 1 17.32518 1.93043 6002113 13 1 42 9899
1 0.5290058 0.5579008 0.4965126 1 23.99924 1.846573 6002113 13 1 51.67304 6.016944 6002113 13 1 42 9971
1 0.8205639 0.9861007 0.6425961 1 53.5906 1.627494 6003113 13 0 737.688 1.811966 6003113 13 1 114 27259
1 0.2881128 0.1446569 0.4556899 0 590.7758 1.750683 6003113 13 0 69.68425 1.494904 6003113 13 1 148 35433
1 0.588144 0.5054888 0.619637 0 141.0378 2.052969 6002113 13 0 35.12645 1.813481 6002113 13 1 178 42534
1 0.588144 0.5054888 0.619637 0 141.0378 2.052969 6002113 13 0 35.12645 1.813481 6002113 13 1 178 42534
1 0.5873008 0.5265231 0.6023225 0 101.9909 1.537342 6002113 13 0 46.39812 1.311121 6002113 13 1 178 42572
1 0.01736219 0.002962011 0.06984233 1 31.27741 1.425707 6002113 13 0 49.73217 1.375966 6002113 13 1 179 42799
1 0.5924498 0.6074459 0.5742529 0 218.4239 3.422718 6003113 13 0 199.9743 2.792562 6003113 13 1 180 42962
1 0.5964026 0.5417793 0.6069945 1 26.42965 1.423953 6002113 13 0 58.45237 5.626101 6002113 13 1 180 42985
1 0.5974015 0.5689293 0.5935574 1 90.3633 4.681609 6003113 13 1 123.5367 3.51071 6003113 13 1 180 43188
1 0.5532137 0.5752672 0.5266728 0 518.9988 2.11743 6003113 13 0 58.01523 1.39207 6003113 13 1 193 46190
1 0.2221058 0.09363705 0.4034487 0 215.8215 1.914501 6003113 13 0 102.1148 1.604024 6003113 13 1 194 46420
1 0.5314228 0.5697247 0.4892392 0 72.61024 1.698233 6003113 13 0 416.3321 1.931367 6003113 13 1 194 46448
1 0.5873008 0.5265231 0.6023225 0 97.37525 1.309591 6002113 13 0 110.0154 1.349244 6002113 13 1 194 46484
1 0.5290058 0.5579008 0.4965126 0 48.96255 1.346327 6002113 13 1 19.11348 1.470832 6002113 13 1 194 46511
1 0.2690341 0.1318973 0.4338007 1 4.051474 2.542415 6002113 13 1 62.81285 1.844836 6002113 13 1 249 59758
1 0.5133753 0.3722426 0.6095979 1 95.74873 3.660779 6002113 13 0 83.38549 1.396207 6002113 13 1 295 70626
1 0.5918038 0.5846312 0.5797378 1 57.51247 1.581488 6002113 13 0 36.88186 1.395988 6002113 13 1 295 70748
1 0.73212 0.8401718 0.6176243 1 25.87932 1.893472 6002113 13 0 64.65439 1.579302 6002113 13 1 296 70892
1 0.4169807 0.2620942 0.5507454 0 63.73697 1.406726 6002113 13 1 56.4096 2.56746 6002113 13 1 305 73196
1 0.7834347 1.103071 0.5443225 0 96.39558 1.600314 6003113 13 0 154.016 2.158872 6003113 13 1 351 84035
1 0.1677999 0.06163852 0.3385446 1 31.77319 2.083646 6002113 13 1 19.29759 1.686311 6002113 13 1 351 84125
1 0.0001846425 4.244349e-05 0.0007229341 1 2.564171 1.829044 6002113 13 0 70.01937 1.564462 6002113 13 1 351 84141
1 0.7753953 0.8768815 0.6761842 1 52.57542 1.838047 6002113 13 1 42.71105 3.442972 6002113 13 1 379 90733
1 0.588144 0.5054888 0.619637 0 223.7229 1.379204 6003113 13 0 76.47735 1.546139 6003113 13 1 379 90754
1 0.5924498 0.6074459 0.5742529 1 42.60497 1.565964 6002113 13 1 15.07255 2.981152 6002113 13 1 379 90771
1 0.5759591 0.4876316 0.6128632 0 676.2664 1.63002 6003113 13 0 62.77371 1.484308 6003113 13 1 386 92525
1 0.9330272 1.165662 0.6989502 1 56.69141 2.566203 6003113 13 0 24.01791 6.664439 6003113 13 1 33 7755
1 0.9330272 1.165662 0.6989502 1 56.69141 2.566203 6003113 13 0 24.01791 6.664439 6003113 13 1 33 7755
1 0.5836614 0.5931804 0.5673237 0 76.77933 1.537376 6003113 13 1 9.603144 1.941123 6003113 13 1 33 7826
1 0.5774951 0.5107735 0.5972872 0 90.1916 1.426741 6002113 13 1 49.49068 1.572296 6002113 13 1 140 33364
1 0.5618237 0.6205709 0.5052561 0 79.705 1.854643 6002113 13 1 13.40227 1.556035 6002113 13 1 140 33387
1 0.158545 0.05991846 0.3130569 1 3.500753 1.522425 6001113 13 1 24.81052 1.324251 6001113 13 1 162 38841
1 0.2221058 0.09363705 0.4034487 0 426.7668 2.069906 6003113 13 0 100.4235 1.657363 6003113 13 1 273 65281
1 0.2837624 0.1357965 0.466535 1 28.92295 1.715218 6003113 13 0 65.65539 2.548923 6003113 13 1 274 65660
1 0.5314228 0.5697247 0.4892392 1 48.87394 2.07691 6003113 13 0 1007.417 1.486772 6003113 13 1 274 65733
1 0.5314228 0.5697247 0.4892392 1 40.38789 2.135164 6002113 13 1 76.61456 5.000747 6002113 13 1 275 65921
1 0.63258 0.7110067 0.558628 0 111.4392 1.997725 6003113 13 0 935.723 3.000887 6003113 13 1 275 65951
1 0.4947012 0.3518164 0.5957602 1 38.34962 1.486066 6002113 13 1 40.22325 1.809947 6002113 13 1 276 66078
1 0.7834347 1.103071 0.5443225 1 38.33179 2.214588 6002113 13 1 32.09654 1.705563 6002113 13 1 276 66183
1 0.6573245 0.7328399 0.586741 1 28.54465 2.989032 6002113 13 0 0.7794011 8.619206 6002113 13 1 276 66206
1 0.8795399 1.124261 0.6450055 0 39.45113 1.284228 6002113 13 0 1.502716 5.117741 6002113 13 1 276 66238
1 0.0607434 0.01506151 0.1674532 1 33.43583 3.186512 6002113 13 0 209.4088 2.240259 6002113 13 1 293 70309
1 0.5213501 0.5671303 0.4736687 0 84.85618 1.546701 6002113 13 0 48.28453 1.567095 6002113 13 1 294 70321
1 0.5573887 0.4424525 0.62027 0 160.2135 1.77791 6003113 13 0 498.3385 1.754257 6003113 13 1 33 7899
1 0.5958909 0.5929161 0.5824302 1 15.30771 1.404186 6002113 13 0 147.9698 1.552317 6002113 13 1 34 8071
1 0.5089338 0.3831331 0.5881627 0 339.6512 1.379416 6003113 13 0 239.3128 2.257004 6003113 13 1 123 29354
1 0.5477981 0.5668843 0.5250256 1 23.25927 2.634491 6002113 13 1 53.56503 1.632752 6002113 13 1 123 29443
1 0.9330272 1.165662 0.6989502 1 53.12191 1.52381 6002113 13 1 17.69409 1.98329 6002113 13 1 123 29470
1 0.5631819 0.4694994 0.6055688 0 92.65687 1.458674 6002113 13 1 30.15658 1.399975 6002113 13 1 124 29606
1 0.5089338 0.3831331 0.5881627 1 30.51054 1.689661 6002113 13 1 46.06049 2.326987 6002113 13 1 165 39430
1 0.8525429 1.008901 0.681981 0 59.24348 1.818142 6002113 13 1 24.27153 1.53009 6002113 13 1 165 39454
1 0.5295258 0.5695821 0.4857943 0 112.7949 1.388152 6002113 13 0 57.514 1.526781 6002113 13 1 189 45289
1 0.5156123 0.5510817 0.476349 0 97.90583 1.402856 6002113 13 1 7.009189 1.491928 6002113 13 1 190 45414
1 0.5272219 0.5691352 0.4820344 1 0.207037 2.079906 6002113 13 1 41.22605 1.584821 6002113 13 1 190 45530
1 0.2881128 0.1446569 0.4556899 0 87.67791 1.738748 6003113 13 0 96.65899 1.802863 6003113 13 1 196 46832
1 0.5631819 0.4694994 0.6055688 1 34.26165 1.612365 6003113 13 0 420.7364 1.470539 6003113 13 1 196 46969
1 0.5181258 0.5478516 0.4849526 1 20.20515 1.519102 6002113 13 0 64.04371 1.437493 6002113 13 1 214 51246
1 0.007089265 0.001064434 0.03540659 0 93.26596 2.873374 6003113 13 0 652.1431 1.383714 6003113 13 1 214 51253
1 0.588144 0.5054888 0.619637 0 54.56237 1.687552 6002113 13 1 14.41808 1.461362 6002113 13 1 215 51455
1 0.5532137 0.5752672 0.5266728 1 24.95765 1.792938 6002113 13 1 46.85183 1.532369 6002113 13 1 215 51552
1 0.567017 0.6240464 0.5111355 0 53.09303 1.399931 6002113 13 0 57.71528 1.432756 6002113 13 1 216 51690
1 0.567017 0.6240464 0.5111355 0 53.09303 1.399931 6002113 13 0 57.71528 1.432756 6002113 13 1 216 51690
1 0.7479302 0.8530712 0.6393862 0 88.24281 1.941625 6003113 13 0 234.336 2.628438 6003113 13 1 225 53794
1 0.5213501 0.5671303 0.4736687 0 34.29483 2.782086 6002113 13 0 82.10391 1.844849 6002113 13 1 225 53994
1 0.6048125 0.5564877 0.6113285 0 7.711702 3.336197 6003113 13 1 82.83604 2.054692 6003113 13 1 226 54005
1 0.5759591 0.4876316 0.6128632 0 560.5809 1.895064 6003113 13 0 87.57999 1.37476 6003113 13 1 238 56911
1 0.63258 0.7110067 0.558628 1 31.08882 1.451298 6003113 13 0 387.7538 2.588716 6003113 13 1 269 64415
1 0.5718377 0.6269594 0.5167355 1 48.2426 3.426638 6002113 13 1 49.85508 1.993802 6002113 13 1 270 64642
1 0.6066679 0.6139975 0.5903023 0 31.81918 3.236061 6002113 13 1 70.74147 1.785296 6002113 13 1 277 66272
1 0.5714342 0.5886496 0.5516996 1 32.63459 1.6614 6002113 13 1 11.64884 1.503487 6002113 13 1 280 66988
1 0.5573887 0.4424525 0.62027 1 33.11878 3.786013 6003113 13 1 27.63053 2.189678 6003113 13 1 280 67119
1 0.8809592 1.029419 0.71877 1 37.06295 1.946049 6003113 13 0 665.0922 1.789807 6003113 13 1 307 73506
