PDG	Ctau	CtauScaleFactor	EfficiencyOverAcceptance	StatError	RelativeStatError	PuUpEffic	PuDownEffic	TruncEffic	StatError	PuUpTruncEffic	PuDownTrunEffic	EfficiencyNeg	StatError	RelativeStatError	TrunEfficNeg	StatError
6001113	0.1	0.01		0		0.000000		-1.000000		0.000000		0.000000		0.0000		0.000000		0.000000		0.000000		0		0.000000		-1.000000		0		0.000000
6001113	0.2	0.02		0		0.000000		-1.000000		0.000000		0.000000		0.0000		0.000000		0.000000		0.000000		0		0.000000		-1.000000		0		0.000000
6001113	0.4	0.04		0		0.000000		-1.000000		0.000000		0.000000		0.0000		0.000000		0.000000		0.000000		0		0.000000		-1.000000		0		0.000000
6001113	0.6	0.06		0		0.000000		-1.000000		0.000000		0.000000		0.0000		0.000000		0.000000		0.000000		0		0.000000		-1.000000		0		0.000000
6001113	0.8	0.08		0		0.000000		-1.000000		0.000000		0.000000		0.0000		0.000000		0.000000		0.000000		0		0.000000		-1.000000		0		0.000000
6001113	1	0.1		0		0.000000		-1.000000		0.000000		0.000000		0.0000		0.000000		0.000000		0.000000		0		0.000000		-1.000000		0		0.000000
6001113	2	0.2		0		0.000000		-1.000000		0.000000		0.000000		0.0000		0.000000		0.000000		0.000000		0		0.000000		-1.000000		0		0.000000
6001113	4	0.4		0		0.000000		-1.000000		0.000000		0.000000		0.0000		0.000000		0.000000		0.000000		0		0.000000		-1.000000		0		0.000000
6001113	6	0.6		0		0.000000		-1.000000		0.000000		0.000000		0.0000		0.000000		0.000000		0.000000		0		0.000000		-1.000000		0		0.000000
6001113	8	0.8		0		0.000000		-1.000000		0.000000		0.000000		0.0000		0.000000		0.000000		0.000000		0		0.000000		-1.000000		0		0.000000
6001113	10	1		0		0.000000		-1.000000		0.000000		0.000000		0.0000		0.000000		0.000000		0.000000		0		0.000000		-1.000000		0		0.000000
6001113	20	2		0		0.000000		-1.000000		0.000000		0.000000		0.0000		0.000000		0.000000		0.000000		0		0.000000		-1.000000		0		0.000000
6001113	40	4		0		0.000000		-1.000000		0.000000		0.000000		0.0000		0.000000		0.000000		0.000000		0		0.000000		-1.000000		0		0.000000
6001113	60	6		0		0.000000		-1.000000		0.000000		0.000000		0.0000		0.000000		0.000000		0.000000		0		0.000000		-1.000000		0		0.000000
6001113	80	8		0		0.000000		-1.000000		0.000000		0.000000		0.0000		0.000000		0.000000		0.000000		0		0.000000		-1.000000		0		0.000000
6001113	100	10		0		0.000000		-1.000000		0.000000		0.000000		0.0000		0.000000		0.000000		0.000000		0		0.000000		-1.000000		0		0.000000
6001113	200	20		0		0.000000		-1.000000		0.000000		0.000000		0.0000		0.000000		0.000000		0.000000		0		0.000000		-1.000000		0		0.000000
6001113	400	40		0		0.000000		-1.000000		0.000000		0.000000		0.0000		0.000000		0.000000		0.000000		0		0.000000		-1.000000		0		0.000000
6001113	600	60		0		0.000000		-1.000000		0.000000		0.000000		0.0000		0.000000		0.000000		0.000000		0		0.000000		-1.000000		0		0.000000
6001113	800	80		0		0.000000		-1.000000		0.000000		0.000000		0.0000		0.000000		0.000000		0.000000		0		0.000000		-1.000000		0		0.000000
6001113	1e+03	1e+02		0		0.000000		-1.000000		0.000000		0.000000		0.0000		0.000000		0.000000		0.000000		0		0.000000		-1.000000		0		0.000000
6002113	1	0.01		1.188e-46		0.000000		1.350237		0.000000		0.000000		0.0000		0.000000		0.000000		0.000000		5.731e-104		0.000000		1.360088		5.731e-104		0.000000
6002113	2	0.02		1.261e-23		0.000000		1.082150		0.000000		0.000000		0.0000		0.000000		0.000000		0.000000		5.008e-52		0.000000		1.167166		5.008e-52		0.000000
6002113	4	0.04		2.471e-12		0.000000		0.807888		0.000000		0.000000		0.0000		0.000000		0.000000		0.000000		2.342e-26		0.000000		1.045258		2.342e-26		0.000000
6002113	6	0.06		1.127e-08		0.000000		0.671712		0.000000		0.000000		0.0000		0.000000		0.000000		0.000000		5.776e-18		0.000000		1.019661		5.776e-18		0.000000
6002113	8	0.08		6.964e-07		0.000000		0.577105		0.000001		0.000001		0.0000		0.000000		0.000001		0.000001		7.564e-14		0.000000		1.010846		7.564e-14		0.000000
6002113	10	0.1		7.99e-06		0.000004		0.503299		0.000009		0.000007		0.0000		0.000003		0.000009		0.000007		2.015e-11		0.000000		1.006523		2.015e-11		0.000000
6002113	20	0.2		0.001043		0.000289		0.277581		0.001110		0.000946		0.0010		0.000205		0.001124		0.000933		9.023e-07		0.000001		0.969843		9.023e-07		0.000001
6002113	40	0.4		0.01291		0.001865		0.144489		0.013157		0.012536		0.0129		0.001319		0.013307		0.012365		0.0001236		0.000093		0.754530		0.0001236		0.000066
6002113	60	0.6		0.03022		0.003276		0.108408		0.030405		0.029910		0.0302		0.002317		0.030732		0.029523		0.000572		0.000354		0.619066		0.0005721		0.000250
6002113	80	0.8		0.04722		0.004335		0.091817		0.047217		0.047172		0.0471		0.003066		0.047584		0.046483		0.001139		0.000665		0.583871		0.00114		0.000470
6002113	100	1		0.06339		0.005408		0.085316		0.063174		0.063723		0.0626		0.003810		0.063117		0.062272		0.001611		0.000940		0.583418		0.001616		0.000665
6002113	200	2		0.1381		0.026089		0.188894		0.136738		0.140476		0.1231		0.015262		0.124175		0.123190		0.002018		0.001267		0.627579		0.00217		0.000914
6002113	400	4		0.2001		0.072597		0.362783		0.196580		0.204631		0.1675		0.046984		0.170195		0.166575		0.001157		0.000794		0.686191		0.001433		0.000542
6002113	600	6		0.2131		0.090330		0.423840		0.208692		0.218304		0.1763		0.061419		0.179725		0.174975		0.0008212		0.000587		0.715037		0.001072		0.000347
6002113	800	8		0.2171		0.098376		0.453065		0.212280		0.222590		0.1787		0.068371		0.182360		0.177152		0.0006738		0.000492		0.730278		0.0008999		0.000250
6002113	1e+03	10		0.2188		0.102816		0.470001		0.213665		0.224357		0.1794		0.072305		0.183233		0.177807		0.000594		0.000439		0.739478		0.0008033		0.000194
6002113	2e+03	20		0.2204		0.110696		0.502313		0.214852		0.226217		0.1795		0.079433		0.183471		0.177749		0.0004548		0.000345		0.757693		0.0006287		0.000090
6002113	4e+03	40		0.2204		0.114112		0.517633		0.214736		0.226390		0.1789		0.082567		0.182897		0.177103		0.0003954		0.000303		0.766601		0.0005516		0.000043
6002113	6e+03	60		0.2204		0.115171		0.522613		0.214604		0.226346		0.1786		0.083542		0.182613		0.176806		0.0003771		0.000290		0.769530		0.0005275		0.000028
6002113	8e+03	80		0.2203		0.115686		0.525079		0.214521		0.226307		0.1784		0.084017		0.182455		0.176643		0.0003681		0.000284		0.770987		0.0005158		0.000021
6002113	1e+04	1e+02		0.2203		0.115991		0.526551		0.214466		0.226277		0.1783		0.084298		0.182354		0.176541		0.0003629		0.000280		0.771859		0.0005088		0.000017
6003113	10	0.01		8.744e-11		0.000000		1.067041		0.000000		0.000000		0.0000		0.000000		0.000000		0.000000		1.13e-25		0.000000		1.184272		1.13e-25		0.000000
6003113	20	0.02		7.198e-06		0.000006		0.813049		0.000007		0.000007		0.0000		0.000004		0.000008		0.000007		1.956e-13		0.000000		1.097897		1.956e-13		0.000000
6003113	40	0.04		0.001936		0.001104		0.569936		0.001996		0.001927		0.0019		0.000780		0.002026		0.001840		1.725e-07		0.000000		1.045187		1.725e-07		0.000000
6003113	60	0.06		0.01164		0.005090		0.437156		0.011861		0.011711		0.0116		0.003599		0.012037		0.011202		1.246e-05		0.000013		1.024104		1.246e-05		0.000009
6003113	80	0.08		0.02718		0.009490		0.349135		0.027329		0.027644		0.0272		0.006710		0.027757		0.026528		8.894e-05		0.000090		1.013793		8.894e-05		0.000064
6003113	100	0.1		0.04417		0.012638		0.286099		0.043859		0.045414		0.0442		0.008937		0.044617		0.043676		0.0002586		0.000261		1.007563		0.0002586		0.000184
6003113	200	0.2		0.1063		0.015331		0.144220		0.102617		0.111598		0.1063		0.010840		0.104910		0.108010		0.001313		0.001235		0.940636		0.001313		0.000873
6003113	400	0.4		0.1378		0.011968		0.086833		0.133560		0.143062		0.1378		0.008462		0.136376		0.139649		0.002001		0.001381		0.690389		0.002001		0.000977
6003113	600	0.6		0.1357		0.010216		0.075261		0.132449		0.139426		0.1357		0.007224		0.134911		0.136702		0.002114		0.001266		0.598596		0.002114		0.000895
6003113	800	0.8		0.1293		0.009354		0.072334		0.126744		0.132025		0.1293		0.006614		0.128871		0.129768		0.002083		0.001206		0.579033		0.002083		0.000852
6003113	1e+03	1		0.1232		0.008876		0.072020		0.121121		0.125352		0.1232		0.006276		0.123010		0.123396		0.002015		0.001163		0.577317		0.002015		0.000821
6003113	2e+03	2		0.1045		0.008109		0.077621		0.103221		0.105563		0.1045		0.005734		0.104649		0.104177		0.001721		0.001019		0.592039		0.001721		0.000685
6003113	4e+03	4		0.09008		0.008272		0.091824		0.089197		0.090814		0.0901		0.005849		0.090473		0.089654		0.001465		0.000888		0.606445		0.001465		0.000488
6003113	6e+03	6		0.08416		0.008672		0.103039		0.083384		0.084801		0.0842		0.006132		0.084628		0.083704		0.001358		0.000832		0.612741		0.001358		0.000372
6003113	8e+03	8		0.08095		0.008981		0.110940		0.080228		0.081552		0.0810		0.006351		0.081459		0.080485		0.0013		0.000801		0.616400		0.0013		0.000299
6003113	1e+04	10		0.07895		0.009205		0.116597		0.078252		0.079523		0.0789		0.006509		0.079476		0.078472		0.001264		0.000782		0.618818		0.001264		0.000250
6003113	2e+04	20		0.07475		0.009740		0.130300		0.074112		0.075282		0.0748		0.006887		0.075323		0.074265		0.001189		0.000742		0.624295		0.001189		0.000136
6003113	4e+04	40		0.07256		0.010048		0.138478		0.071950		0.073071		0.0726		0.007105		0.073154		0.072071		0.00115		0.000722		0.627427		0.00115		0.000071
6003113	6e+04	60		0.07182		0.010156		0.141415		0.071215		0.072321		0.0718		0.007182		0.072417		0.071327		0.001137		0.000715		0.628539		0.001137		0.000048
6003113	8e+04	80		0.07145		0.010211		0.142925		0.070846		0.071944		0.0714		0.007221		0.072047		0.070952		0.00113		0.000711		0.629109		0.00113		0.000036
6003113	1e+05	1e+02		0.07122		0.010245		0.143844		0.070623		0.071717		0.0712		0.007244		0.071823		0.070727		0.001126		0.000709		0.629455		0.001126		0.000029
