PDG	Ctau	CtauScaleFactor	EfficiencyOverAcceptance	StatError	RelativeStatError	PuUpEffic	PuDownEffic	TruncEffic	StatError	PuUpTruncEffic	PuDownTrunEffic	EfficiencyNeg	StatError	RelativeStatError	TrunEfficNeg	StatError
6001113	0.35	0.01		9.401e-80		0.000000		1.003887		0.000000		0.000000		0.0000		0.000000		0.000000		0.000000		0		0.000000		-1.000000		0		0.000000
6001113	0.7	0.02		4.504e-41		0.000000		1.001999		0.000000		0.000000		0.0000		0.000000		0.000000		0.000000		0		0.000000		-1.000000		0		0.000000
6001113	1.4	0.04		6.965e-22		0.000000		1.000538		0.000000		0.000000		0.0000		0.000000		0.000000		0.000000		0		0.000000		-1.000000		0		0.000000
6001113	2.1	0.06		1.465e-15		0.000000		0.993965		0.000000		0.000000		0.0000		0.000000		0.000000		0.000000		0		0.000000		-1.000000		0		0.000000
6001113	2.8	0.08		1.985e-12		0.000000		0.975178		0.000000		0.000000		0.0000		0.000000		0.000000		0.000000		0		0.000000		-1.000000		0		0.000000
6001113	3.5	0.1		1.461e-10		0.000000		0.944760		0.000000		0.000000		0.0000		0.000000		0.000000		0.000000		0		0.000000		-1.000000		0		0.000000
6001113	7	0.2		7.556e-07		0.000001		0.756250		0.000001		0.000001		0.0000		0.000001		0.000001		0.000001		0		0.000000		-1.000000		0		0.000000
6001113	14	0.4		6.143e-05		0.000031		0.498664		0.000063		0.000059		0.0001		0.000031		0.000063		0.000058		0		0.000000		-1.000000		0		0.000000
6001113	21	0.6		0.0003581		0.000120		0.335703		0.000365		0.000346		0.0003		0.000120		0.000358		0.000331		0		0.000000		-1.000000		0		0.000000
6001113	28	0.8		0.00106		0.000292		0.275404		0.001066		0.001040		0.0010		0.000285		0.000971		0.000929		0		0.000000		-1.000000		0		0.000000
6001113	35	1		0.002212		0.000592		0.267501		0.002211		0.002192		0.0018		0.000538		0.001834		0.001796		0		0.000000		-1.000000		0		0.000000
6001113	70	2		0.01039		0.003411		0.328409		0.010428		0.010374		0.0065		0.002130		0.006414		0.006528		0		0.000000		-1.000000		0		0.000000
6001113	140	4		0.01786		0.007249		0.405810		0.018091		0.017803		0.0112		0.003898		0.010923		0.011251		0		0.000000		-1.000000		0		0.000000
6001113	210	6		0.01888		0.008672		0.459435		0.019177		0.018788		0.0130		0.004638		0.012709		0.013130		0		0.000000		-1.000000		0		0.000000
6001113	280	8		0.01875		0.009287		0.495292		0.019080		0.018651		0.0140		0.005029		0.013630		0.014100		0		0.000000		-1.000000		0		0.000000
6001113	350	10		0.01846		0.009590		0.519525		0.018802		0.018354		0.0146		0.005269		0.014187		0.014687		0		0.000000		-1.000000		0		0.000000
6001113	700	20		0.01743		0.009980		0.572671		0.017785		0.017314		0.0157		0.005756		0.015302		0.015863		0		0.000000		-1.000000		0		0.000000
6001113	1.4e+03	40		0.01672		0.010044		0.600730		0.017078		0.016603		0.0163		0.006002		0.015856		0.016448		0		0.000000		-1.000000		0		0.000000
6001113	2.1e+03	60		0.01646		0.010044		0.610187		0.016818		0.016343		0.0165		0.006084		0.016040		0.016641		0		0.000000		-1.000000		0		0.000000
6001113	2.8e+03	80		0.01633		0.010039		0.614925		0.016684		0.016209		0.0166		0.006126		0.016131		0.016738		0		0.000000		-1.000000		0		0.000000
6001113	3.5e+03	1e+02		0.01624		0.010036		0.617770		0.016602		0.016128		0.0166		0.006150		0.016186		0.016796		0		0.000000		-1.000000		0		0.000000
6002113	3.5	0.01		5.134e-13		0.000000		0.799966		0.000000		0.000000		0.0000		0.000000		0.000000		0.000000		1.87e-87		0.000000		1.004008		1.87e-87		0.000000
6002113	7	0.02		6.813e-08		0.000000		0.723473		0.000000		0.000000		0.0000		0.000000		0.000000		0.000000		7.453e-45		0.000000		1.002050		7.453e-45		0.000000
6002113	14	0.04		2.32e-05		0.000013		0.556653		0.000022		0.000025		0.0000		0.000013		0.000022		0.000024		1.068e-23		0.000000		1.001074		1.068e-23		0.000000
6002113	21	0.06		0.000192		0.000074		0.385622		0.000180		0.000207		0.0002		0.000074		0.000182		0.000203		1.019e-16		0.000000		1.000733		1.019e-16		0.000000
6002113	28	0.08		0.0006292		0.000175		0.278912		0.000597		0.000673		0.0006		0.000175		0.000604		0.000664		2.894e-13		0.000000		1.000558		2.894e-13		0.000000
6002113	35	0.1		0.001389		0.000298		0.214852		0.001335		0.001471		0.0014		0.000298		0.001348		0.001455		3.251e-11		0.000000		1.000452		3.251e-11		0.000000
6002113	70	0.2		0.009424		0.000963		0.102145		0.009274		0.009771		0.0094		0.000963		0.009328		0.009701		3.211e-07		0.000000		0.999657		3.211e-07		0.000000
6002113	140	0.4		0.03224		0.001976		0.061295		0.031809		0.033229		0.0322		0.001976		0.031965		0.033012		2.368e-05		0.000022		0.947956		2.368e-05		0.000022
6002113	210	0.6		0.0512		0.002598		0.050739		0.050576		0.052567		0.0512		0.002598		0.050857		0.052191		9.728e-05		0.000080		0.819576		9.729e-05		0.000080
6002113	280	0.8		0.06487		0.003026		0.046653		0.064155		0.066402		0.0649		0.003029		0.064601		0.065916		0.0002048		0.000150		0.734628		0.0002049		0.000150
6002113	350	1		0.07452		0.003379		0.045337		0.073768		0.076140		0.0747		0.003389		0.074493		0.075721		0.0003233		0.000229		0.708294		0.0003243		0.000229
6002113	700	2		0.09175		0.005347		0.058282		0.091413		0.093496		0.0972		0.005478		0.096903		0.098297		0.0007255		0.000548		0.755612		0.0007722		0.000554
6002113	1.4e+03	4		0.08746		0.008923		0.102033		0.089053		0.088659		0.1081		0.008942		0.107407		0.109742		0.0008521		0.000691		0.810589		0.001074		0.000675
6002113	2.1e+03	6		0.08162		0.010667		0.130690		0.084486		0.082339		0.1113		0.010710		0.110372		0.113246		0.0008294		0.000689		0.830945		0.001166		0.000609
6002113	2.8e+03	8		0.07787		0.011543		0.148235		0.081491		0.078277		0.1128		0.011712		0.111716		0.114902		0.0008029		0.000676		0.841562		0.001208		0.000532
6002113	3.5e+03	10		0.07539		0.012045		0.159768		0.079499		0.075592		0.1137		0.012349		0.112474		0.115861		0.0007823		0.000663		0.848090		0.001231		0.000467
6002113	7e+03	20		0.07002		0.012951		0.184952		0.075161		0.069771		0.1153		0.013702		0.113877		0.117694		0.0007319		0.000631		0.861523		0.001272		0.000281
6002113	1.4e+04	40		0.06719		0.013337		0.198513		0.072857		0.066690		0.1160		0.014414		0.114520		0.118565		0.0007028		0.000610		0.868427		0.00129		0.000154
6002113	2.1e+04	60		0.06623		0.013455		0.203164		0.072075		0.065645		0.1163		0.014657		0.114725		0.118848		0.0006926		0.000603		0.870756		0.001296		0.000106
6002113	2.8e+04	80		0.06574		0.013511		0.205513		0.071682		0.065120		0.1164		0.014779		0.114826		0.118988		0.0006875		0.000599		0.871925		0.001299		0.000081
6002113	3.5e+04	1e+02		0.06545		0.013544		0.206930		0.071445		0.064804		0.1165		0.014853		0.114886		0.119072		0.0006843		0.000597		0.872628		0.0013		0.000065
6003113	35	0.01		0.002906		0.001781		0.612780		0.002858		0.002914		0.0029		0.001781		0.002918		0.002869		7.049e-33		0.000000		1.003781		7.049e-33		0.000000
6003113	70	0.02		0.01099		0.003403		0.309791		0.010682		0.011275		0.0110		0.003403		0.010917		0.011067		7.614e-18		0.000000		1.001997		7.614e-18		0.000000
6003113	140	0.04		0.02957		0.004856		0.164204		0.028697		0.030557		0.0296		0.004856		0.029241		0.030002		1.801e-10		0.000000		1.001045		1.801e-10		0.000000
6003113	210	0.06		0.04535		0.005475		0.120708		0.044190		0.046643		0.0454		0.005475		0.044913		0.045866		4.364e-08		0.000000		1.000711		4.364e-08		0.000000
6003113	280	0.08		0.05711		0.005739		0.100494		0.055777		0.058566		0.0571		0.005739		0.056597		0.057659		6.249e-07		0.000001		1.000539		6.249e-07		0.000001
6003113	350	0.1		0.06544		0.005832		0.089118		0.063988		0.067007		0.0654		0.005832		0.064867		0.066021		2.936e-06		0.000003		1.000434		2.936e-06		0.000003
6003113	700	0.2		0.08016		0.005483		0.068401		0.078497		0.081955		0.0802		0.005483		0.079509		0.080807		5.087e-05		0.000051		1.000181		5.087e-05		0.000051
6003113	1.4e+03	0.4		0.07506		0.004515		0.060152		0.073498		0.076817		0.0751		0.004515		0.074541		0.075622		0.0001532		0.000153		0.999983		0.0001532		0.000153
6003113	2.1e+03	0.6		0.06709		0.003937		0.058676		0.065667		0.068737		0.0671		0.003937		0.066646		0.067601		0.0001938		0.000194		0.999918		0.0001938		0.000194
6003113	2.8e+03	0.8		0.06128		0.003585		0.058507		0.059952		0.062830		0.0613		0.003585		0.060862		0.061761		0.0002084		0.000208		0.999896		0.0002084		0.000208
6003113	3.5e+03	1		0.05714		0.003353		0.058677		0.055879		0.058615		0.0571		0.003353		0.056733		0.057604		0.0002135		0.000213		0.999890		0.0002135		0.000213
6003113	7e+03	2		0.04729		0.002835		0.059941		0.046205		0.048581		0.0473		0.002835		0.046895		0.047740		0.0002112		0.000211		0.999904		0.0002112		0.000201
6003113	1.4e+04	4		0.04156		0.002551		0.061383		0.040582		0.042734		0.0416		0.002551		0.041157		0.042013		0.0002019		0.000202		0.999944		0.0002019		0.000157
6003113	2.1e+04	6		0.03953		0.002455		0.062093		0.038593		0.040662		0.0395		0.002455		0.039122		0.039988		0.0001973		0.000197		0.999969		0.0001973		0.000125
6003113	2.8e+04	8		0.0385		0.002407		0.062510		0.037578		0.039603		0.0385		0.002407		0.038083		0.038954		0.0001948		0.000195		0.999984		0.0001948		0.000103
6003113	3.5e+04	10		0.03787		0.002378		0.062784		0.036962		0.038961		0.0379		0.002378		0.037453		0.038327		0.0001931		0.000193		0.999995		0.0001931		0.000087
6003113	7e+04	20		0.0366		0.002320		0.063393		0.035716		0.037662		0.0366		0.002320		0.036177		0.037060		0.0001896		0.000190		1.000020		0.0001896		0.000049
6003113	1.4e+05	40		0.03596		0.002292		0.063731		0.035087		0.037005		0.0360		0.002292		0.035532		0.036419		0.0001878		0.000188		1.000035		0.0001878		0.000026
6003113	2.1e+05	60		0.03574		0.002282		0.063849		0.034876		0.036785		0.0357		0.002282		0.035316		0.036204		0.0001872		0.000187		1.000040		0.0001872		0.000018
6003113	2.8e+05	80		0.03563		0.002277		0.063910		0.034770		0.036674		0.0356		0.002277		0.035207		0.036097		0.0001868		0.000187		1.000042		0.0001868		0.000014
6003113	3.5e+05	1e+02		0.03557		0.002275		0.063946		0.034707		0.036608		0.0356		0.002275		0.035142		0.036032		0.0001866		0.000187		1.000044		0.0001866		0.000011
