PDG	Ctau	CtauScaleFactor	EfficiencyOverAcceptance	StatError	RelativeStatError	PuUpEffic	PuDownEffic	TruncEffic	StatError	PuUpTruncEffic	PuDownTrunEffic	EfficiencyNeg	StatError	RelativeStatError	TrunEfficNeg	StatError
6001113	0.35	0.01		6.622e-116		0.000000		1.373589		0.000000		0.000000		0.0000		0.000000		0.000000		0.000000		0		0.000000		-1.000000		0		0.000000
6001113	0.7	0.02		3.821e-58		0.000000		1.146944		0.000000		0.000000		0.0000		0.000000		0.000000		0.000000		0		0.000000		-1.000000		0		0.000000
6001113	1.4	0.04		1.219e-29		0.000000		1.027467		0.000000		0.000000		0.0000		0.000000		0.000000		0.000000		0		0.000000		-1.000000		0		0.000000
6001113	2.1	0.06		2.713e-20		0.000000		1.010073		0.000000		0.000000		0.0000		0.000000		0.000000		0.000000		0		0.000000		-1.000000		0		0.000000
6001113	2.8	0.08		1.105e-15		0.000000		0.994065		0.000000		0.000000		0.0000		0.000000		0.000000		0.000000		0		0.000000		-1.000000		0		0.000000
6001113	3.5	0.1		5.997e-13		0.000000		0.966774		0.000000		0.000000		0.0000		0.000000		0.000000		0.000000		0		0.000000		-1.000000		0		0.000000
6001113	7	0.2		1.381e-07		0.000000		0.780298		0.000000		0.000000		0.0000		0.000000		0.000000		0.000000		0		0.000000		-1.000000		0		0.000000
6001113	14	0.4		4.937e-05		0.000032		0.646727		0.000061		0.000039		0.0000		0.000023		0.000062		0.000038		0		0.000000		-1.000000		0		0.000000
6001113	21	0.6		0.0003471		0.000181		0.522140		0.000389		0.000306		0.0003		0.000128		0.000394		0.000303		0		0.000000		-1.000000		0		0.000000
6001113	28	0.8		0.001025		0.000447		0.436315		0.001066		0.000981		0.0010		0.000316		0.001081		0.000969		0		0.000000		-1.000000		0		0.000000
6001113	35	1		0.002155		0.000900		0.417520		0.002132		0.002174		0.0022		0.000638		0.002166		0.002149		0		0.000000		-1.000000		0		0.000000
6001113	70	2		0.01166		0.007308		0.626671		0.010668		0.012685		0.0122		0.005409		0.011356		0.013044		0		0.000000		-1.000000		0		0.000000
6001113	140	4		0.0224		0.017191		0.767351		0.020141		0.024778		0.0262		0.014127		0.024214		0.027838		0		0.000000		-1.000000		0		0.000000
6001113	210	6		0.02546		0.020613		0.809719		0.022809		0.028247		0.0315		0.017879		0.029271		0.033108		0		0.000000		-1.000000		0		0.000000
6001113	280	8		0.02661		0.022099		0.830477		0.023809		0.029565		0.0340		0.019748		0.031679		0.035425		0		0.000000		-1.000000		0		0.000000
6001113	350	10		0.02716		0.022890		0.842838		0.024282		0.030195		0.0354		0.020837		0.033040		0.036660		0		0.000000		-1.000000		0		0.000000
6001113	700	20		0.02791		0.024209		0.867367		0.024923		0.031071		0.0377		0.022896		0.035503		0.038707		0		0.000000		-1.000000		0		0.000000
6001113	1.4e+03	40		0.02811		0.024727		0.879525		0.025090		0.031315		0.0387		0.023846		0.036577		0.039495		0		0.000000		-1.000000		0		0.000000
6001113	2.1e+03	60		0.02816		0.024878		0.883559		0.025124		0.031368		0.0390		0.024148		0.036909		0.039721		0		0.000000		-1.000000		0		0.000000
6001113	2.8e+03	80		0.02817		0.024949		0.885572		0.025137		0.031389		0.0392		0.024297		0.037070		0.039827		0		0.000000		-1.000000		0		0.000000
6001113	3.5e+03	1e+02		0.02818		0.024991		0.886779		0.025143		0.031400		0.0393		0.024385		0.037165		0.039889		0		0.000000		-1.000000		0		0.000000
6002113	3.5	0.01		1.102e-11		0.000000		1.157736		0.000000		0.000000		0.0000		0.000000		0.000000		0.000000		8.823e-35		0.000000		1.157736		8.823e-35		0.000000
6002113	7	0.02		1.331e-06		0.000001		1.056294		0.000001		0.000001		0.0000		0.000001		0.000001		0.000001		3.06e-18		0.000000		1.056337		3.06e-18		0.000000
6002113	14	0.04		0.0003154		0.000320		1.015175		0.000282		0.000351		0.0003		0.000226		0.000308		0.000324		3.839e-10		0.000000		1.027243		3.839e-10		0.000000
6002113	21	0.06		0.001658		0.001539		0.928551		0.001476		0.001851		0.0017		0.001089		0.001581		0.001732		1.512e-07		0.000000		1.015832		1.512e-07		0.000000
6002113	28	0.08		0.003688		0.002890		0.783807		0.003286		0.004116		0.0037		0.002044		0.003466		0.003895		2.555e-06		0.000003		1.008153		2.555e-06		0.000002
6002113	35	0.1		0.006089		0.003858		0.633551		0.005462		0.006762		0.0061		0.002728		0.005700		0.006455		1.259e-05		0.000013		0.998652		1.259e-05		0.000009
6002113	70	0.2		0.02068		0.005365		0.259382		0.019382		0.022183		0.0207		0.003794		0.019783		0.021590		0.0002195		0.000185		0.841622		0.0002195		0.000131
6002113	140	0.4		0.053		0.005569		0.105065		0.051214		0.055171		0.0530		0.003938		0.051903		0.054144		0.001062		0.000497		0.468260		0.001062		0.000352
6002113	210	0.6		0.08049		0.005684		0.070627		0.078332		0.082960		0.0805		0.004020		0.079365		0.081558		0.00236		0.000765		0.324149		0.00236		0.000541
6002113	280	0.8		0.09907		0.005911		0.059665		0.096813		0.101498		0.0991		0.004182		0.098173		0.099826		0.003627		0.001035		0.285280		0.003629		0.000732
6002113	350	1		0.1099		0.006213		0.056514		0.107819		0.112058		0.1100		0.004400		0.109557		0.110218		0.004544		0.001265		0.278373		0.004555		0.000894
6002113	700	2		0.09281		0.020373		0.219508		0.092241		0.092931		0.1045		0.013521		0.110362		0.096929		0.004258		0.001607		0.377342		0.004891		0.001177
6002113	1.4e+03	4		0.01984		0.016203		0.816728		0.019919		0.019584		0.0325		0.022837		0.042408		0.024062		0.0008205		0.000726		0.884465		0.00142		0.000820
6002113	2.1e+03	6		0.008859		0.008158		0.920927		0.008926		0.008699		0.0154		0.013163		0.021330		0.010852		0.0003417		0.000336		0.984487		0.0006393		0.000359
6002113	2.8e+03	8		0.005819		0.005546		0.953112		0.005874		0.005699		0.0103		0.009251		0.014464		0.007105		0.0002152		0.000219		1.015797		0.0004118		0.000204
6002113	3.5e+03	10		0.004512		0.004368		0.968156		0.004559		0.004412		0.0080		0.007375		0.011356		0.005487		0.0001623		0.000167		1.030473		0.0003137		0.000136
6002113	7e+03	20		0.00271		0.002687		0.991562		0.002744		0.002641		0.0048		0.004585		0.006912		0.003259		9.176e-05		0.000097		1.053240		0.0001798		0.000046
6002113	1.4e+04	40		0.002101		0.002103		1.000888		0.002129		0.002045		0.0037		0.003590		0.005372		0.002510		6.885e-05		0.000073		1.062217		0.0001355		0.000019
6002113	2.1e+04	60		0.00193		0.001938		1.003740		0.001957		0.001878		0.0034		0.003307		0.004938		0.002300		6.255e-05		0.000067		1.064940		0.0001233		0.000012
6002113	2.8e+04	80		0.00185		0.001860		1.005124		0.001876		0.001800		0.0033		0.003173		0.004733		0.002202		5.961e-05		0.000064		1.066257		0.0001176		0.000009
6002113	3.5e+04	1e+02		0.001804		0.001815		1.005942		0.001830		0.001754		0.0032		0.003096		0.004615		0.002146		5.792e-05		0.000062		1.067033		0.0001143		0.000007
6003113	35	0.01		9.229e-06		0.000008		0.841835		0.000008		0.000010		0.0000		0.000005		0.000010		0.000009		6.086e-18		0.000000		1.141832		6.086e-18		0.000000
6003113	70	0.02		0.002513		0.001595		0.634683		0.002401		0.002671		0.0025		0.001128		0.002606		0.002383		1.048e-09		0.000000		1.066187		1.048e-09		0.000000
6003113	140	0.04		0.034		0.014163		0.416535		0.033887		0.034852		0.0340		0.010015		0.035863		0.032079		8.26e-06		0.000008		1.019438		8.26e-06		0.000006
6003113	210	0.06		0.07517		0.022941		0.305168		0.075718		0.075875		0.0752		0.016222		0.079461		0.070788		0.0001264		0.000124		0.980967		0.0001264		0.000088
6003113	280	0.08		0.1075		0.026209		0.243822		0.108820		0.107441		0.1075		0.018533		0.113405		0.101355		0.0004444		0.000414		0.930883		0.0004444		0.000293
6003113	350	0.1		0.1297		0.026715		0.205959		0.131783		0.128711		0.1297		0.018891		0.136483		0.122568		0.0008932		0.000787		0.880664		0.0008932		0.000556
6003113	700	0.2		0.1592		0.020361		0.127901		0.163265		0.155102		0.1592		0.014398		0.165901		0.151755		0.002597		0.001936		0.745600		0.002597		0.001369
6003113	1.4e+03	0.4		0.1302		0.011985		0.092034		0.133921		0.126044		0.1302		0.008474		0.134768		0.124920		0.002613		0.001762		0.674503		0.002613		0.001246
6003113	2.1e+03	0.6		0.1059		0.008876		0.083809		0.108765		0.102658		0.1059		0.006277		0.109355		0.101858		0.002216		0.001371		0.618605		0.002216		0.000969
6003113	2.8e+03	0.8		0.09099		0.007456		0.081943		0.093286		0.088375		0.0910		0.005272		0.093817		0.087658		0.001985		0.001167		0.587852		0.001985		0.000824
6003113	3.5e+03	1		0.0813		0.006682		0.082195		0.083257		0.079105		0.0813		0.004725		0.083744		0.078444		0.001844		0.001068		0.579376		0.001844		0.000754
6003113	7e+03	2		0.0605		0.005352		0.088464		0.061832		0.059106		0.0605		0.003785		0.062066		0.058728		0.001545		0.000948		0.613549		0.001545		0.000637
6003113	1.4e+04	4		0.04928		0.004855		0.098531		0.050357		0.048220		0.0493		0.003433		0.050263		0.048212		0.001361		0.000896		0.658324		0.001361		0.000492
6003113	2.1e+04	6		0.04537		0.004761		0.104946		0.046375		0.044412		0.0454		0.003367		0.046127		0.044586		0.00129		0.000872		0.676320		0.00129		0.000390
6003113	2.8e+04	8		0.04338		0.004739		0.109241		0.044351		0.042470		0.0434		0.003351		0.044018		0.042748		0.001251		0.000858		0.685803		0.001251		0.000320
6003113	3.5e+04	10		0.04217		0.004735		0.112273		0.043126		0.041293		0.0422		0.003348		0.042739		0.041637		0.001227		0.000849		0.691646		0.001227		0.000271
6003113	7e+04	20		0.03974		0.004752		0.119587		0.040651		0.038913		0.0397		0.003360		0.040153		0.039397		0.001177		0.000828		0.703688		0.001177		0.000152
6003113	1.4e+05	40		0.03851		0.004774		0.123977		0.039402		0.037710		0.0385		0.003376		0.038846		0.038269		0.001151		0.000817		0.709896		0.001151		0.000080
6003113	2.1e+05	60		0.0381		0.004783		0.125563		0.038984		0.037307		0.0381		0.003382		0.038409		0.037891		0.001142		0.000813		0.711996		0.001142		0.000055
6003113	2.8e+05	80		0.03789		0.004788		0.126380		0.038775		0.037105		0.0379		0.003386		0.038190		0.037702		0.001137		0.000811		0.713051		0.001137		0.000041
6003113	3.5e+05	1e+02		0.03777		0.004792		0.126878		0.038649		0.036984		0.0378		0.003388		0.038058		0.037589		0.001135		0.000810		0.713686		0.001135		0.000033
