1 1.192805 1.083559 1.213989 1 11.16488 1.498464 6002113 13 1 39.57888 1.062564 6002113 13 1 273 65331
1 1.054444 1.13827 0.9640688 1 47.18924 1.049454 6003113 13 1 66.28732 1.043536 6003113 13 1 273 65333
1 1.56971 1.920896 1.202337 1 17.06038 1.361711 6002113 13 1 1.489317 1.446034 6002113 13 1 347 83202
1 0.1080031 0.02598027 0.3057024 1 5.171361 1.105872 6002113 13 1 15.74226 1.499597 6002113 13 1 358 85847
1 0.008972122 0.001331868 0.04754584 1 117.8294 1.635434 6003113 13 1 15.46859 1.208042 6003113 13 1 358 85876
1 0.9894024 0.7036328 1.19152 1 38.32861 1.386945 6003113 13 1 1.519375 1.163598 6003113 13 1 369 88477
1 0.8748782 0.5617447 1.136825 1 152.3404 1.076815 6003113 13 1 71.53511 2.413102 6003113 13 1 369 88559
1 1.190567 1.223018 1.152597 1 39.44169 1.214391 6003113 13 1 108.7606 1.054999 6003113 13 1 368 88219
1 1.209625 1.112975 1.222657 1 70.47807 1.144812 6003113 13 1 15.32309 1.248399 6003113 13 1 372 89212
1 1.192805 1.083559 1.213989 1 5.373209 1.72917 6002113 13 1 15.37858 1.231398 6002113 13 1 372 89239
1 1.147959 1.183877 1.106546 1 68.67165 2.264608 6003113 13 1 147.9345 1.096987 6003113 13 1 372 89273
1 1.137649 1.170432 1.099925 1 14.58034 1.543491 6002113 13 1 44.27786 1.062297 6002113 13 1 370 88770
1 1.182032 1.113501 1.180358 1 8.324103 1.994657 6002113 13 1 14.53553 1.265793 6002113 13 1 388 93078
1 1.641128 1.972201 1.285192 1 22.14466 1.615183 6003113 13 1 44.87415 1.0648 6003113 13 1 388 93112
1 1.405111 1.934095 0.9833891 1 18.16494 1.137253 6003113 13 1 34.93102 1.185254 6003113 13 1 393 94182
1 1.46424 1.680344 1.235249 0 393.639 1.878762 6003113 13 1 81.56779 1.086683 6003113 13 1 408 97826
1 1.10316 1.145079 1.05266 1 47.90598 1.331723 6003113 13 1 188.53 2.009257 6003113 13 1 412 98669
1 1.225386 1.141194 1.230719 1 4.02844 1.439646 6002113 13 1 22.20131 1.092525 6002113 13 1 7 1604
1 1.157728 1.196465 1.111764 1 104.3315 1.061254 6003113 13 1 9.467391 1.070016 6003113 13 1 13 2950
1 1.017868 0.7662661 1.176325 1 47.09301 1.137969 6003113 13 0 132.2022 4.346026 6003113 13 1 13 2951
1 1.152971 1.190243 1.109341 0 466.3658 1.055131 6003113 13 1 81.73986 1.071945 6003113 13 1 13 3000
1 0.1014541 0.02299071 0.3029553 0 11.52336 1.380018 6002113 13 1 9.730728 1.051043 6002113 13 1 13 3066
1 1.137649 1.170432 1.099925 1 14.51813 1.332116 6002113 13 1 10.80847 1.096631 6002113 13 1 35 8296
1 1.645109 2.1548 1.183545 1 45.79041 1.349755 6003113 13 1 7.681648 3.012202 6003113 13 1 104 24828
1 1.142868 1.177299 1.103399 1 52.44198 1.131135 6003113 13 1 99.63863 1.084506 6003113 13 1 104 24905
1 1.033406 1.101364 0.958024 1 14.78112 1.49124 6002113 13 1 1.96236 1.017136 6002113 13 1 117 28080
1 0.4544891 0.2018274 0.792879 1 18.26027 1.033703 6002113 13 1 10.11189 1.563735 6002113 13 1 141 33763
1 1.164201 1.711426 0.8059074 1 16.65148 1.213972 6003113 13 0 402.9094 1.10797 6003113 13 1 149 35697
1 1.056557 1.108524 0.9965968 0 174.1329 1.06241 6003113 13 1 18.29037 1.128024 6003113 13 1 150 35966
1 1.106427 1.150534 1.053346 0 50.55654 1.713495 6003113 13 1 132.2248 1.228478 6003113 13 1 414 99295
1 1.031225 1.102163 0.9526981 1 12.87212 1.030426 6002113 13 1 2.346942 1.120203 6002113 13 1 417 99883
1 0.2792014 0.09677438 0.588659 1 2.456531 1.074533 6002113 13 1 10.90499 1.11138 6002113 13 1 22 5159
1 1.033406 1.101364 0.958024 1 50.41945 1.085535 6003113 13 0 182.5414 1.126997 6003113 13 1 40 9450
1 1.035838 1.098122 0.9666125 1 146.2306 1.08667 6003113 13 1 19.42048 1.378967 6003113 13 1 40 9477
1 0.5380682 0.2637946 0.8676014 1 3.93363 1.14358 6003113 13 1 80.8749 1.536821 6003113 13 1 30 6980
1 1.812285 2.096335 1.505211 1 85.11 1.166838 6003113 13 1 45.99548 1.138043 6003113 13 1 30 7043
1 1.031225 1.102163 0.9526981 1 39.26588 1.721231 6003113 13 0 36.75924 1.069029 6003113 13 1 30 7051
1 1.050919 0.8056091 1.198818 1 35.52014 1.050778 6002113 13 1 5.66431 1.16577 6002113 13 1 30 7117
1 1.575265 1.775696 1.383444 1 27.27714 1.17714 6003113 13 0 93.63752 5.51501 6003113 13 1 44 10384
1 1.56971 1.920896 1.202337 1 66.17763 1.040849 6003113 13 1 122.2908 1.437966 6003113 13 1 44 10502
1 1.20651 1.16088 1.193521 1 15.12149 1.06032 6002113 13 1 2.982121 1.097686 6002113 13 1 68 16101
1 1.031225 1.102163 0.9526981 1 11.49096 1.060542 6002113 13 1 17.82105 1.344556 6002113 13 1 68 16244
1 0.9160994 0.6007248 1.171549 1 4.56384 1.749842 6002113 13 1 23.71046 1.062223 6002113 13 1 72 17276
1 1.083255 0.8452013 1.220206 1 17.27239 1.17709 6002113 13 1 2.50055 1.054093 6002113 13 1 130 31142
1 1.176288 1.010978 1.239274 1 35.55826 1.049077 6003113 13 1 65.12497 1.160416 6003113 13 1 142 34022
1 0.004946925 0.0007649757 0.02896901 0 47.78415 5.093585 6003113 13 1 12.70078 1.238898 6003113 13 1 145 34569
1 1.034916 1.100018 0.9626585 1 45.21827 2.917968 6002113 13 1 22.35265 1.179588 6002113 13 1 145 34611
1 1.152501 1.258655 1.04415 1 17.07402 1.632604 6003113 13 1 143.5126 1.490583 6003113 13 1 146 34849
1 1.190567 1.223018 1.152597 1 60.03778 1.695017 6003113 13 1 35.53397 1.148018 6003113 13 1 146 34930
1 1.217313 1.182622 1.199648 1 62.30389 1.054729 6003113 13 1 26.68233 1.083787 6003113 13 1 167 40003
1 0.9517445 0.6636014 1.162862 0 31.7312 3.624836 6003113 13 1 47.25467 1.127512 6003113 13 1 167 40019
1 1.56971 1.920896 1.202337 1 13.1017 1.068686 6002113 13 1 10.36946 2.045637 6002113 13 1 168 40150
1 0.3355998 0.123277 0.6770892 1 51.87052 1.580254 6003113 13 1 18.19147 1.191494 6003113 13 1 168 40155
1 1.055133 1.104334 0.9975671 1 53.88243 2.023811 6003113 13 1 65.28195 1.068147 6003113 13 1 168 40213
1 0.6571895 0.3457574 1.000641 0 2.78214 2.354517 6002113 13 1 18.92133 1.048159 6002113 13 1 168 40284
1 0.6998869 0.3767799 1.045889 1 0.4712179 1.082062 6002113 13 1 13.21773 1.07874 6002113 13 1 204 48775
1 1.054444 1.13827 0.9640688 1 5.213798 1.060688 6002113 13 1 10.98876 1.762872 6002113 13 1 204 48794
1 1.106427 1.150534 1.053346 1 53.60905 1.608073 6003113 13 1 59.54751 1.127973 6003113 13 1 204 48867
1 1.289688 1.878288 0.892531 1 44.67519 1.064616 6003113 13 1 12.84879 1.087988 6003113 13 1 218 52087
1 1.099519 1.139476 1.051563 1 93.03265 1.098745 6003113 13 1 3.077439 1.069824 6003113 13 1 218 52246
1 0.1793033 0.05184105 0.4351809 1 3.303834 1.792476 6003113 13 1 65.73489 1.191557 6003113 13 1 225 53895
1 1.142868 1.177299 1.103399 0 214.5515 1.121679 6003113 13 1 23.21325 1.067079 6003113 13 1 234 56016
1 1.641128 1.972201 1.285192 1 47.80078 2.243883 6003113 13 1 51.79009 1.385956 6003113 13 1 264 63263
1 1.866054 2.331325 1.3979 1 40.85678 1.110991 6002113 13 0 8.174412 2.137111 6002113 13 1 264 63323
1 1.46424 1.680344 1.235249 1 89.97948 1.058722 6003113 13 1 37.44548 1.245363 6003113 13 1 265 63402
1 1.182032 1.113501 1.180358 1 48.32261 1.123502 6003113 13 0 115.5491 1.840155 6003113 13 1 265 63470
1 1.56971 1.920896 1.202337 1 4.632996 2.346227 6002113 13 1 29.31518 1.135378 6002113 13 1 265 63570
1 0.9894024 0.7036328 1.19152 1 65.17023 1.164612 6003113 13 1 67.38602 1.091848 6003113 13 1 276 66096
1 1.0427 1.134261 0.9473373 1 96.80331 1.095153 6003113 13 1 105.3397 1.081187 6003113 13 1 276 66153
1 1.0427 1.134261 0.9473373 1 96.80331 1.095153 6003113 13 1 105.3397 1.081187 6003113 13 1 276 66153
1 1.0427 1.134261 0.9473373 1 105.1708 1.327324 6003113 13 1 21.35249 1.065533 6003113 13 1 276 66187
1 0.8748782 0.5617447 1.136825 1 110.008 1.895274 6003113 13 1 7.114433 1.101432 6003113 13 1 46 10955
1 1.056557 1.108524 0.9965968 1 87.17604 1.068723 6003113 13 1 40.42878 1.806101 6003113 13 1 46 11010
1 1.705086 2.017803 1.363962 1 14.2628 1.482804 6002113 13 1 8.629557 1.354319 6002113 13 1 188 44929
1 1.137649 1.170432 1.099925 1 21.1764 1.213918 6002113 13 1 0.2073976 2.907893 6002113 13 1 2 259
1 1.199428 1.046014 1.251733 0 171.8648 17.02942 6003113 13 1 87.26884 1.163216 6003113 13 1 2 338
1 0.6571895 0.3457574 1.000641 0 266.7529 2.370015 6003113 13 1 27.49271 1.373971 6003113 13 1 2 419
1 1.031225 1.102163 0.9526981 1 79.04401 1.049438 6003113 13 1 35.20134 1.090474 6003113 13 1 17 3844
1 0.114587 0.02674881 0.3330998 1 4.044565 1.199788 6003113 13 1 25.31002 1.061995 6003113 13 1 17 3849
1 1.145385 0.9245803 1.259718 1 19.13459 1.093036 6003113 13 1 91.8923 1.165173 6003113 13 1 17 3900
1 1.143675 1.253919 1.033471 1 12.02626 1.127136 6003113 13 0 18.71695 3.156422 6003113 13 1 17 3914
1 0.9574994 0.6410515 1.205563 1 64.05085 1.130973 6003113 13 1 6.416075 3.457866 6003113 13 1 18 4086
1 1.174602 1.053046 1.204645 1 69.67592 1.372283 6003113 13 1 49.48345 2.438887 6003113 13 1 18 4195
1 1.225386 1.141194 1.230719 1 19.50422 1.322056 6002113 13 1 32.1374 1.181099 6002113 13 1 18 4239
1 1.017868 0.7662661 1.176325 1 166.2046 1.523542 6003113 13 1 50.45074 1.06839 6003113 13 1 23 5490
1 1.191782 1.185832 1.16486 1 137.8202 1.082421 6003113 13 1 31.08414 1.066426 6003113 13 1 25 5824
1 0.05673886 0.0108806 0.1995393 1 25.17064 1.04923 6002113 13 1 4.311906 1.337473 6002113 13 1 25 5882
1 1.182032 1.113501 1.180358 1 0.3001015 1.561363 6002113 13 1 20.56082 1.202048 6002113 13 1 24 5549
1 0.4205023 0.1819855 0.7484848 1 91.29803 2.060845 6003113 13 1 19.93419 1.081324 6003113 13 1 24 5594
1 1.206555 1.21522 1.17542 1 15.7772 1.084646 6002113 13 1 12.91426 2.151451 6002113 13 1 24 5670
1 0.7934737 0.4881172 1.065644 1 15.60336 1.459973 6002113 13 1 20.15872 1.154283 6002113 13 1 36 8430
1 1.054444 1.13827 0.9640688 1 38.98658 1.346379 6002113 13 1 2.141923 1.470736 6002113 13 1 36 8580
1 1.152501 1.258655 1.04415 1 22.09846 1.352572 6002113 13 1 29.88804 2.176256 6002113 13 1 38 8930
1 1.26516 1.422013 1.117256 0 7.386938 1.677909 6002113 13 1 18.40987 1.073194 6002113 13 1 38 9082
1 1.282494 1.437562 1.137462 1 52.39443 1.402197 6003113 13 1 65.33847 2.183513 6003113 13 1 38 9117
1 1.282494 1.437562 1.137462 1 52.39443 1.402197 6003113 13 1 65.33847 2.183513 6003113 13 1 38 9117
1 1.062846 1.139449 0.9784784 1 19.87546 2.992821 6003113 13 1 47.73788 1.174716 6003113 13 1 58 13829
1 1.055133 1.104334 0.9975671 1 84.51004 1.05119 6003113 13 1 44.93032 1.050035 6003113 13 1 60 14267
1 0.1793033 0.05184105 0.4351809 0 312.5387 1.100483 6003113 13 1 34.85493 1.116954 6003113 13 1 114 27181
1 1.75908 2.248522 1.290011 1 1.694254 1.045148 6002113 13 1 16.91989 1.152832 6002113 13 1 114 27203
1 1.298986 1.452146 1.156092 1 10.20737 2.683426 6003113 13 1 97.86241 1.128316 6003113 13 1 114 27263
1 1.031225 1.102163 0.9526981 1 21.37243 1.160089 6002113 13 1 26.72611 1.277375 6002113 13 1 125 29949
1 1.191782 1.185832 1.16486 1 43.91919 1.788053 6003113 13 0 297.3974 1.278569 6003113 13 1 125 29976
1 1.095596 1.133769 1.050051 1 2.913248 1.526132 6002113 13 1 12.5337 1.174991 6002113 13 1 178 42569
1 1.109295 1.155893 1.053631 1 24.41178 1.068705 6003113 13 1 51.08027 1.403893 6003113 13 1 178 42591
1 1.217313 1.182622 1.199648 1 37.62131 1.045629 6003113 13 1 44.4739 1.389389 6003113 13 1 158 37896
1 1.46424 1.680344 1.235249 1 38.199 1.881961 6003113 13 1 27.72876 2.408631 6003113 13 1 159 38111
1 1.031225 1.102163 0.9526981 1 20.29784 1.592546 6002113 13 1 15.89232 1.307321 6002113 13 1 229 54728
1 1.050919 0.8056091 1.198818 1 16.42749 1.54782 6002113 13 1 17.9298 1.083231 6002113 13 1 229 54854
1 1.114777 0.884905 1.24054 1 13.99385 1.164298 6002113 13 1 11.45923 1.555647 6002113 13 1 229 54872
1 1.42456 2.044705 0.9864829 1 6.606486 1.807436 6003113 13 1 55.27956 4.43887 6003113 13 1 229 54917
1 1.179161 1.206147 1.144075 1 4.527917 1.059367 6002113 13 1 19.22787 1.047578 6002113 13 1 229 54957
1 0.04957241 0.009268439 0.1791508 0 278.9113 1.136872 6003113 13 1 51.98719 1.25183 6003113 13 1 236 56489
1 1.1849 1.214892 1.148506 1 60.42192 1.761851 6003113 13 0 42.07576 3.985312 6003113 13 1 310 74248
1 0.04957241 0.009268439 0.1791508 1 43.78519 1.853587 6002113 13 1 4.146755 1.184993 6002113 13 1 318 76139
1 0.04957241 0.009268439 0.1791508 1 43.78519 1.853587 6002113 13 1 4.146755 1.184993 6002113 13 1 318 76139
1 1.134034 1.248093 1.022271 1 26.55895 1.537614 6003113 13 1 158.9191 1.308149 6003113 13 1 383 91739
1 1.179161 1.206147 1.144075 1 50.84146 1.273847 6003113 13 1 52.62391 3.284756 6003113 13 1 244 58399
1 1.179161 1.206147 1.144075 1 50.84146 1.273847 6003113 13 1 52.62391 3.284756 6003113 13 1 244 58399
1 0.2792014 0.09677438 0.588659 1 0.4263035 1.305989 6002113 13 1 13.19706 1.851856 6002113 13 1 269 64474
1 0.6571895 0.3457574 1.000641 1 48.81165 1.1144 6003113 13 1 137.9489 1.797978 6003113 13 1 269 64549
1 1.149237 1.698801 0.7921503 1 20.77417 1.106481 6002113 13 1 10.26216 1.251454 6002113 13 1 271 64842
1 1.083255 0.8452013 1.220206 1 75.73975 1.161736 6003113 13 1 47.73434 1.110887 6003113 13 1 282 67497
1 1.126364 0.9389989 1.211138 1 136.467 1.932969 6003113 13 0 210.5653 1.14925 6003113 13 1 298 71331
1 0.9574994 0.6410515 1.205563 1 70.76166 2.140573 6003113 13 1 54.58203 1.644576 6003113 13 1 291 69785
1 1.190567 1.223018 1.152597 1 54.54626 2.146921 6003113 13 1 3.100597 1.278192 6003113 13 1 291 69835
1 1.812285 2.096335 1.505211 1 2.029441 1.084745 6003113 13 1 64.14246 1.2273 6003113 13 1 292 69892
1 1.123647 1.241142 1.010512 1 61.85128 1.092741 6003113 13 0 311.8344 3.720725 6003113 13 1 387 92668
1 1.123647 1.241142 1.010512 1 1.616825 1.152276 6002113 13 1 23.34123 1.137537 6002113 13 1 389 93129
1 1.126364 0.9389989 1.211138 1 58.76157 1.129822 6003113 13 1 15.60953 3.137675 6003113 13 1 410 98221
1 1.053247 1.09991 0.9980844 1 12.72991 1.307275 6003113 13 1 102.8132 1.674925 6003113 13 1 410 98369
1 1.526225 2.04983 1.080738 1 19.67703 1.391624 6002113 13 1 17.03835 1.068801 6002113 13 1 9 2018
1 1.298986 1.452146 1.156092 1 36.32784 1.711815 6003113 13 1 18.90135 2.315538 6003113 13 1 20 4563
1 1.20651 1.16088 1.193521 1 9.873174 1.107184 6002113 13 1 22.37951 2.078317 6002113 13 1 12 2823
1 1.063672 0.7860307 1.245813 1 70.15846 2.442532 6003113 13 1 12.76584 1.713313 6003113 13 1 21 5002
1 1.123647 1.241142 1.010512 1 43.16835 1.087682 6003113 13 1 98.27583 1.278974 6003113 13 1 16 3620
1 1.036252 1.095703 0.9699052 0 0.1482665 2.436622 6002113 13 1 15.55711 1.12827 6002113 13 1 16 3660
1 1.134034 1.248093 1.022271 1 7.887908 1.215069 6003113 13 1 82.25664 1.062158 6003113 13 1 19 4416
1 1.46424 1.680344 1.235249 1 9.270111 1.183526 6003113 13 1 92.19287 1.072474 6003113 13 1 33 7699
1 0.008972122 0.001331868 0.04754584 1 15.71742 1.96491 6003113 13 1 17.46193 1.078258 6003113 13 1 33 7848
1 1.058012 1.115802 0.9930252 1 39.46461 1.5829 6003113 13 1 53.30494 1.408285 6003113 13 1 33 7853
1 1.035838 1.098122 0.9666125 1 0.3561572 1.581219 6002113 13 1 25.93767 1.138233 6002113 13 1 39 9209
1 1.190567 1.223018 1.152597 1 21.46275 1.087292 6002113 13 1 10.73255 1.082231 6002113 13 1 41 9700
1 1.812285 2.096335 1.505211 1 10.6487 1.119871 6002113 13 1 7.617394 1.256714 6002113 13 1 45 10693
1 1.157728 1.196465 1.111764 1 43.22208 1.898002 6003113 13 1 32.84037 1.135952 6003113 13 1 65 15451
1 1.183608 1.169262 1.159476 1 0.3353662 1.107742 6002113 13 1 12.11236 3.301607 6002113 13 1 66 15738
1 1.329532 1.478061 1.189894 1 8.702929 2.452948 6002113 13 1 26.88188 1.264126 6002113 13 1 69 16350
1 1.20651 1.16088 1.193521 0 114.1795 4.093744 6003113 13 1 36.77501 1.30371 6003113 13 1 70 16688
1 1.524498 1.73059 1.317664 1 5.862343 1.07429 6003113 13 1 23.63006 1.079707 6003113 13 1 74 17700
1 0.03472439 0.005924022 0.1396847 0 311.5092 3.576677 6003113 13 1 49.70508 1.127714 6003113 13 1 76 18186
1 1.167323 1.186361 1.134647 1 11.08791 1.049106 6002113 13 1 49.06085 1.490165 6002113 13 1 77 18282
1 1.20651 1.16088 1.193521 1 27.8437 1.139235 6002113 13 0 1.369424 1.178626 6002113 13 1 77 18334
1 0.2792014 0.09677438 0.588659 1 2.564753 1.457987 6002113 13 1 51.48181 1.191981 6002113 13 1 77 18401
1 0.4442115 0.1872741 0.8068974 1 17.93791 1.055754 6003113 13 1 111.44 1.148594 6003113 13 1 174 41625
1 1.10316 1.145079 1.05266 1 5.86591 1.233037 6002113 13 1 24.97781 1.020553 6002113 13 1 174 41684
1 1.227292 1.202911 1.205555 1 61.2809 1.202705 6003113 13 0 68.62132 3.630031 6003113 13 1 186 44463
1 0.789787 0.4650854 1.097808 1 16.60054 1.235272 6002113 13 1 8.166753 1.09141 6002113 13 1 186 44532
1 1.199401 1.201198 1.170168 1 0.8096734 1.734718 6002113 13 1 16.88317 1.105551 6002113 13 1 216 51707
1 1.20651 1.16088 1.193521 1 74.13082 1.140321 6003113 13 1 48.75984 3.186118 6003113 13 1 216 51745
1 0.9160994 0.6007248 1.171549 1 36.52434 1.683367 6003113 13 0 18.58455 1.820507 6003113 13 1 231 55209
1 1.059052 1.139164 0.9715886 1 11.42971 1.15937 6002113 13 0 11.04544 5.264333 6002113 13 1 231 55221
1 0.7934737 0.4881172 1.065644 1 15.38662 2.559532 6002113 13 1 7.905864 1.816405 6002113 13 1 231 55311
1 1.176288 1.010978 1.239274 1 23.99535 1.762144 6002113 13 1 2.294736 1.075073 6002113 13 1 231 55435
1 1.057513 1.112379 0.9951048 1 4.931552 1.069769 6002113 13 1 34.10665 1.392143 6002113 13 1 339 81353
1 1.062846 1.139449 0.9784784 1 13.38088 1.329422 6003113 13 1 98.64577 1.070803 6003113 13 1 197 47188
1 1.137649 1.170432 1.099925 1 48.80342 1.06161 6003113 13 1 40.08415 1.362217 6003113 13 1 197 47219
1 1.137649 1.170432 1.099925 1 48.80342 1.06161 6003113 13 1 40.08415 1.362217 6003113 13 1 197 47219
1 1.031225 1.102163 0.9526981 0 31.32877 1.124746 6002113 13 1 5.286287 1.890188 6002113 13 1 200 47804
1 1.142868 1.177299 1.103399 0 14.41116 5.07152 6002113 13 1 60.16793 1.17413 6002113 13 1 200 47836
1 0.6998869 0.3767799 1.045889 0 177.7784 3.878197 6003113 13 1 35.70734 1.388331 6003113 13 1 240 57447
1 1.575265 1.775696 1.383444 1 67.32564 2.938565 6003113 13 1 103.7129 1.330892 6003113 13 1 240 57595
1 1.143675 1.253919 1.033471 1 4.811239 1.279106 6002113 13 1 17.49055 1.093566 6002113 13 1 241 57622
1 0.5675248 0.271593 0.9330701 1 22.25593 1.100756 6002113 13 1 9.664778 1.042845 6002113 13 1 152 36367
1 1.083255 0.8452013 1.220206 1 76.82233 1.337079 6003113 13 1 60.56996 1.089747 6003113 13 1 156 37244
1 0.4094664 0.1680855 0.7591912 1 44.95422 1.054322 6003113 13 1 37.36515 1.054245 6003113 13 1 156 37284
1 1.026751 0.7444853 1.219196 1 73.78031 1.061901 6003113 13 0 281.1424 1.17267 6003113 13 1 157 37479
1 0.7934737 0.4881172 1.065644 1 2.089175 1.241577 6002113 13 1 11.82082 1.05994 6002113 13 1 161 38578
1 1.143675 1.253919 1.033471 1 132.0894 2.691247 6003113 13 1 56.66114 1.276569 6003113 13 1 164 39194
1 1.167323 1.186361 1.134647 1 43.44831 1.328295 6003113 13 1 23.55504 1.185828 6003113 13 1 164 39240
1 1.217313 1.182622 1.199648 1 93.67808 1.228732 6003113 13 1 34.72218 1.765476 6003113 13 1 175 41768
1 1.0427 1.134261 0.9473373 0 223.9142 3.438835 6003113 13 1 54.32686 1.13853 6003113 13 1 175 41882
1 1.058012 1.115802 0.9930252 1 2.906201 1.135065 6002113 13 1 45.29313 1.186688 6002113 13 1 199 47576
1 1.26516 1.422013 1.117256 1 15.78833 2.388047 6003113 13 1 33.23429 1.116052 6003113 13 1 199 47595
1 1.282494 1.437562 1.137462 1 17.95654 1.048867 6003113 13 0 245.064 1.060398 6003113 13 1 199 47658
1 0.9219857 1.364073 0.6240806 1 2.101445 1.33727 6002113 13 1 27.14985 1.075347 6002113 13 1 217 51983
1 0.4903168 0.2233237 0.8385035 1 88.01279 1.797795 6003113 13 1 65.51426 1.27017 6003113 13 1 219 52484
1 1.149237 1.698801 0.7921503 1 19.40733 3.046753 6002113 13 1 33.7469 1.237759 6002113 13 1 222 53094
1 1.152971 1.190243 1.109341 1 33.23099 1.141022 6002113 13 1 63.71124 1.202646 6002113 13 1 222 53120
1 0.665028 0.3662483 0.9755856 1 13.71857 1.764707 6002113 13 1 16.51325 1.408055 6002113 13 1 222 53173
1 1.812285 2.096335 1.505211 1 58.98354 1.219229 6003113 13 1 13.30391 1.17246 6003113 13 1 253 60576
1 0.1014541 0.02299071 0.3029553 1 69.83607 1.351158 6003113 13 1 34.4924 1.088553 6003113 13 1 253 60696
1 0.1014541 0.02299071 0.3029553 1 69.83607 1.351158 6003113 13 1 34.4924 1.088553 6003113 13 1 253 60696
1 0.9894024 0.7036328 1.19152 1 2.887993 1.39277 6002113 13 1 12.5053 1.259341 6002113 13 1 253 60717
1 1.143675 1.253919 1.033471 1 25.01087 1.140133 6003113 13 0 345.2738 3.690033 6003113 13 1 254 60922
1 1.048997 1.136673 0.9559695 1 9.755813 1.28711 6002113 13 1 21.40149 1.065085 6002113 13 1 257 61503
1 1.048997 1.136673 0.9559695 1 9.755813 1.28711 6002113 13 1 21.40149 1.065085 6002113 13 1 257 61503
1 1.054444 1.13827 0.9640688 1 17.69522 1.095559 6003113 13 1 23.48416 1.232441 6003113 13 1 257 61520
1 0.9574994 0.6410515 1.205563 1 11.5599 2.221401 6003113 13 0 257.7687 1.057518 6003113 13 1 257 61534
1 1.059052 1.139164 0.9715886 1 134.6868 1.129771 6003113 13 1 26.1804 1.480847 6003113 13 1 288 69075
1 1.059052 1.139164 0.9715886 1 134.6868 1.129771 6003113 13 1 26.1804 1.480847 6003113 13 1 288 69075
1 1.179161 1.206147 1.144075 1 36.40025 1.849501 6003113 13 1 33.24007 1.249842 6003113 13 1 296 70946
1 1.026751 0.7444853 1.219196 1 39.00285 1.172871 6003113 13 1 106.9425 1.550033 6003113 13 1 296 71032
1 1.152971 1.190243 1.109341 1 38.37482 1.276018 6002113 13 1 21.66384 1.215333 6002113 13 1 379 90957
1 0.2208223 0.06788179 0.510611 0 68.85145 3.633094 6003113 13 1 52.41847 1.049238 6003113 13 1 367 87930
1 1.26516 1.422013 1.117256 1 35.50533 1.403051 6002113 13 1 20.86033 1.138676 6002113 13 1 371 88820
1 0.1793033 0.05184105 0.4351809 1 119.9975 1.065435 6003113 13 1 112.9721 1.238761 6003113 13 1 371 89000
1 1.033406 1.101364 0.958024 1 68.37831 1.254589 6003113 13 0 334.7521 1.043589 6003113 13 1 106 25219
1 1.192805 1.083559 1.213989 0 161.3932 1.067967 6003113 13 1 84.26981 1.934883 6003113 13 1 106 25224
1 1.183608 1.169262 1.159476 1 19.03969 2.808578 6002113 13 1 7.120138 1.351267 6002113 13 1 108 25721
1 0.2304392 0.07526134 0.508429 1 0.7926685 1.070907 6002113 13 1 25.66605 1.859961 6002113 13 1 111 26422
1 1.183608 1.169262 1.159476 1 18.77367 1.163538 6002113 13 1 9.938014 2.129947 6002113 13 1 112 26698
1 1.059052 1.139164 0.9715886 1 37.16297 1.820349 6003113 13 1 115.6268 1.104508 6003113 13 1 112 26716
1 1.059052 1.139164 0.9715886 1 56.98149 1.189022 6002113 13 1 0.1841074 1.221395 6002113 13 1 143 34303
1 1.050919 0.8056091 1.198818 1 50.50884 1.253119 6003113 13 1 114.2365 1.393701 6003113 13 1 154 36762
1 1.083255 0.8452013 1.220206 0 40.87176 4.894044 6003113 13 1 29.672 1.21538 6003113 13 1 154 36781
1 1.75908 2.248522 1.290011 1 15.78205 1.099743 6002113 13 1 1.846634 1.058891 6002113 13 1 165 39403
1 0.277155 0.4798076 0.1597663 1 9.617784 1.053648 6002113 13 1 26.88372 1.175262 6002113 13 1 165 39427
1 0.9219857 1.364073 0.6240806 0 222.8592 1.753747 6003113 13 1 12.06636 1.10092 6003113 13 1 165 39525
1 1.157728 1.196465 1.111764 1 9.12344 2.326477 6002113 13 1 22.50921 1.111968 6002113 13 1 166 39603
1 1.761918 2.058838 1.43754 1 39.88721 1.252986 6003113 13 0 190.7992 1.379824 6003113 13 1 171 41031
1 1.099696 0.9023142 1.195627 1 19.03781 1.202321 6003113 13 1 16.9838 3.536186 6003113 13 1 176 42053
1 1.329532 1.478061 1.189894 0 243.6667 5.143888 6003113 13 1 25.97464 1.756755 6003113 13 1 212 50682
1 1.705086 2.017803 1.363962 1 59.07323 1.404459 6003113 13 1 119.6423 1.614684 6003113 13 1 212 50783
1 1.056557 1.108524 0.9965968 1 52.53624 1.136696 6003113 13 1 148.0666 1.162636 6003113 13 1 212 50826
1 1.194803 1.137859 1.187115 1 26.04982 1.340011 6002113 13 1 10.48249 1.708239 6002113 13 1 213 51075
1 1.1849 1.214892 1.148506 0 244.6597 1.593608 6003113 13 1 36.8674 1.060376 6003113 13 1 214 51126
1 1.055133 1.104334 0.9975671 1 5.311934 2.095681 6002113 13 1 16.53379 1.093476 6002113 13 1 215 51493
1 0.9894024 0.7036328 1.19152 1 11.0996 2.022567 6002113 13 1 27.33366 1.085883 6002113 13 1 215 51553
1 1.114777 0.884905 1.24054 0 33.77212 3.476258 6003113 13 1 69.42368 1.096484 6003113 13 1 215 51581
1 1.282494 1.437562 1.137462 1 18.46879 1.097381 6003113 13 1 13.65229 1.063734 6003113 13 1 262 62804
1 1.225386 1.141194 1.230719 0 66.27171 4.440136 6003113 13 1 87.97817 1.420266 6003113 13 1 284 68011
1 1.157728 1.196465 1.111764 0 58.6069 1.131239 6003113 13 1 57.0275 1.708722 6003113 13 1 307 73476
1 1.199428 1.046014 1.251733 1 99.06744 1.061066 6003113 13 1 57.52746 1.438875 6003113 13 1 307 73641
1 1.10316 1.145079 1.05266 1 16.53368 1.102276 6003113 13 1 10.21411 3.792948 6003113 13 1 344 82430
1 1.866054 2.331325 1.3979 1 45.05841 1.214559 6003113 13 1 44.63434 1.191534 6003113 13 1 351 84005
1 1.056557 1.108524 0.9965968 0 267.2451 3.023033 6003113 13 1 19.32208 1.293494 6003113 13 1 352 84311
1 1.157728 1.196465 1.111764 1 8.003194 1.278868 6002113 13 1 40.8268 1.067228 6002113 13 1 352 84334
1 1.033406 1.101364 0.958024 0 377.863 1.177001 6003113 13 1 56.583 1.112377 6003113 13 1 380 91111
1 0.4094664 0.1680855 0.7591912 1 62.07108 1.058476 6003113 13 1 141.8149 1.540331 6003113 13 1 392 94063
1 1.192805 1.083559 1.213989 1 34.15009 1.234813 6003113 13 1 93.40753 1.052743 6003113 13 1 395 94571
1 1.114777 0.884905 1.24054 1 0.9069304 1.078505 6002113 13 1 10.39882 1.049113 6002113 13 1 395 94596
1 0.8748782 0.5617447 1.136825 1 17.59371 1.061687 6002113 13 1 6.766782 1.045792 6002113 13 1 395 94742
1 1.524498 1.73059 1.317664 1 6.923031 1.120598 6002113 13 1 1.383164 1.34804 6002113 13 1 395 94788
1 1.192805 1.083559 1.213989 0 166.6536 1.889191 6003113 13 1 65.28262 1.849211 6003113 13 1 398 95467
1 1.099519 1.139476 1.051563 1 26.13933 1.145748 6002113 13 1 64.07718 1.05834 6002113 13 1 398 95492
1 1.034916 1.100018 0.9626585 1 6.856476 1.089637 6003113 13 1 32.07798 2.320058 6003113 13 1 398 95516
1 1.206555 1.21522 1.17542 1 46.01252 1.289282 6003113 13 1 62.48595 1.067866 6003113 13 1 403 96521
1 1.112575 1.233052 0.9981722 1 9.140924 1.537255 6003113 13 1 103.7563 1.054684 6003113 13 1 403 96541
1 1.058012 1.115802 0.9930252 1 15.32298 1.312088 6002113 13 1 23.78404 1.250405 6002113 13 1 403 96700
1 1.036252 1.095703 0.9699052 1 107.5124 1.095974 6003113 13 1 46.45965 2.145615 6003113 13 1 360 86389
1 1.054444 1.13827 0.9640688 1 11.74298 1.098511 6002113 13 1 1.515894 1.25057 6002113 13 1 363 87037
1 0.5279956 0.2465533 0.8852676 1 78.18438 1.097723 6003113 13 1 15.88193 1.541862 6003113 13 1 50 11780
1 1.142868 1.177299 1.103399 1 89.81447 1.351298 6003113 13 1 91.28726 1.46567 6003113 13 1 50 11935
1 1.112575 1.233052 0.9981722 0 208.94 1.129071 6003113 13 1 73.46896 1.087305 6003113 13 1 50 11954
1 1.191782 1.185832 1.16486 1 58.05803 1.295834 6003113 13 1 100.9062 1.217275 6003113 13 1 50 11983
1 0.01785031 0.00275673 0.0833977 1 31.99808 1.186949 6003113 13 1 30.95848 1.697023 6003113 13 1 75 17768
1 0.01785031 0.00275673 0.0833977 1 31.99808 1.186949 6003113 13 1 30.95848 1.697023 6003113 13 1 75 17768
1 1.866054 2.331325 1.3979 1 24.48616 1.537945 6003113 13 1 41.50293 1.122615 6003113 13 1 75 17947
1 1.033406 1.101364 0.958024 1 3.509932 1.128401 6002113 13 1 21.16618 1.353331 6002113 13 1 81 19386
1 1.109295 1.155893 1.053631 1 74.40332 1.178761 6003113 13 1 0.5655875 1.28036 6003113 13 1 81 19398
1 1.645109 2.1548 1.183545 1 53.29884 1.166322 6003113 13 0 228.0562 1.245212 6003113 13 1 169 40429
1 1.031225 1.102163 0.9526981 1 6.984334 2.174576 6002113 13 1 15.89184 1.098551 6002113 13 1 169 40544
1 1.109295 1.155893 1.053631 1 87.08408 1.388469 6003113 13 1 21.15739 2.419658 6003113 13 1 63 14886
1 1.099696 0.9023142 1.195627 1 43.32917 1.084861 6003113 13 0 30.8983 1.263003 6003113 13 1 63 15109
1 0.7242169 1.085561 0.4754195 1 26.00461 1.398302 6003113 13 1 100.4919 1.106876 6003113 13 1 64 15197
1 1.176288 1.010978 1.239274 0 60.77208 2.322231 6003113 13 1 66.93184 1.313562 6003113 13 1 90 21536
1 1.063672 0.7860307 1.245813 1 15.48175 3.305549 6002113 13 1 12.47448 1.068769 6002113 13 1 118 28183
1 1.058012 1.115802 0.9930252 1 5.717015 1.676219 6002113 13 1 13.5354 1.585425 6002113 13 1 118 28227
1 1.20651 1.16088 1.193521 1 35.04893 1.05122 6003113 13 1 44.90768 1.05331 6003113 13 1 191 45677
1 1.114777 0.884905 1.24054 0 239.6579 2.538829 6003113 13 1 75.07191 1.259764 6003113 13 1 191 45713
1 1.152971 1.190243 1.109341 0 2.036138 1.238402 6003113 13 1 32.50283 1.116482 6003113 13 1 170 40798
1 1.134034 1.248093 1.022271 1 9.011971 1.127125 6002113 13 1 33.80195 1.418933 6002113 13 1 203 48482
1 1.134034 1.248093 1.022271 1 9.011971 1.127125 6002113 13 1 33.80195 1.418933 6002113 13 1 203 48482
1 1.048997 1.136673 0.9559695 0 130.8223 4.262268 6003113 13 1 41.48354 1.170702 6003113 13 1 203 48551
1 1.112575 1.233052 0.9981722 1 14.09559 1.110874 6002113 13 1 3.862823 1.071384 6002113 13 1 226 54018
1 0.1707681 0.04642279 0.4356818 1 23.41607 1.472157 6002113 13 1 53.77628 1.16079 6002113 13 1 226 54054
1 1.194803 1.137859 1.187115 0 61.48345 2.077489 6003113 13 1 24.36416 1.127858 6003113 13 1 258 61798
1 1.033406 1.101364 0.958024 1 61.32028 1.045305 6002113 13 1 1.361281 2.298357 6002113 13 1 261 62409
1 1.176288 1.010978 1.239274 1 26.7854 2.461288 6002113 13 1 26.76819 1.178948 6002113 13 1 285 68257
1 0.5292084 0.8493549 0.3262614 1 25.07414 1.183763 6003113 13 1 52.36469 1.390888 6003113 13 1 285 68346
1 1.227292 1.202911 1.205555 1 93.73894 1.064407 6003113 13 1 46.22179 1.199 6003113 13 1 299 71705
1 1.227292 1.202911 1.205555 1 93.73894 1.064407 6003113 13 1 46.22179 1.199 6003113 13 1 299 71705
1 1.550791 1.753763 1.352368 1 76.91847 1.193341 6003113 13 1 25.06577 1.011457 6003113 13 1 299 71710
1 0.05673886 0.0108806 0.1995393 1 1.485025 1.868934 6003113 13 1 46.40329 1.066342 6003113 13 1 300 71811
1 1.031225 1.102163 0.9526981 1 50.13228 1.594197 6003113 13 1 21.90399 1.074486 6003113 13 1 309 74136
1 1.062846 1.139449 0.9784784 1 24.45861 1.059378 6003113 13 1 11.12685 2.074582 6003113 13 1 346 82997
1 1.050919 0.8056091 1.198818 1 102.8443 1.127817 6003113 13 0 39.64516 4.838125 6003113 13 1 373 89486
1 1.179161 1.206147 1.144075 1 20.95941 1.072166 6002113 13 1 1.631024 1.105404 6002113 13 1 377 90247
1 1.157728 1.196465 1.111764 1 78.07875 1.370713 6003113 13 1 38.31008 1.07612 6003113 13 1 377 90381
1 1.054444 1.13827 0.9640688 1 41.24115 1.080877 6003113 13 1 21.61321 1.363368 6003113 13 1 378 90593
1 1.157728 1.196465 1.111764 1 19.15634 3.595232 6002113 13 1 56.93271 1.112668 6002113 13 1 396 94824
1 1.191782 1.185832 1.16486 1 192.3537 1.24675 6003113 13 1 29.40784 3.145513 6003113 13 1 5 1095
1 1.49586 1.706142 1.278772 1 61.44072 1.129434 6003113 13 1 11.29839 1.303954 6003113 13 1 4 750
1 1.49586 1.706142 1.278772 1 61.44072 1.129434 6003113 13 1 11.29839 1.303954 6003113 13 1 4 750
1 1.033406 1.101364 0.958024 0 338.3765 1.075069 6003113 13 1 44.89582 1.070872 6003113 13 1 4 820
1 1.190567 1.223018 1.152597 1 145.3463 1.604793 6003113 13 0 78.55722 9.340837 6003113 13 1 4 875
1 1.174602 1.053046 1.204645 0 1.487959 3.786773 6003113 13 1 195.5338 1.228033 6003113 13 1 4 898
1 1.182032 1.113501 1.180358 1 0.1423592 1.59383 6002113 13 1 12.07447 1.365642 6002113 13 1 4 943
1 1.035838 1.098122 0.9666125 0 222.9755 1.054026 6003113 13 1 54.30883 1.052951 6003113 13 1 255 61133
1 1.289688 1.878288 0.892531 1 19.16543 1.436254 6003113 13 1 55.82903 1.527598 6003113 13 1 15 3416
1 1.289688 1.878288 0.892531 0 228.6027 1.465404 6003113 13 1 68.68477 1.131088 6003113 13 1 56 13429
1 1.033406 1.101364 0.958024 1 20.7114 1.494508 6002113 13 1 22.18761 1.48637 6002113 13 1 57 13464
1 1.036252 1.095703 0.9699052 0 203.8317 1.413434 6003113 13 1 98.74788 1.061942 6003113 13 1 57 13518
1 1.194803 1.137859 1.187115 1 49.2212 1.620275 6003113 13 1 80.17769 1.147605 6003113 13 1 115 27420
1 1.167323 1.186361 1.134647 1 32.20459 1.481193 6003113 13 1 90.98497 2.066873 6003113 13 1 115 27438
1 1.167323 1.186361 1.134647 1 32.20459 1.481193 6003113 13 1 90.98497 2.066873 6003113 13 1 115 27438
1 0.7268606 1.122648 0.4611204 1 20.68291 1.40169 6003113 13 1 32.70354 1.136182 6003113 13 1 172 41073
1 1.10316 1.145079 1.05266 0 147.0771 2.509822 6003113 13 1 36.38513 1.128223 6003113 13 1 172 41169
1 1.174602 1.053046 1.204645 1 57.71288 1.25904 6003113 13 0 12.8734 3.963202 6003113 13 1 224 53549
1 0.4094664 0.1680855 0.7591912 0 153.6975 1.208676 6003113 13 1 17.14451 1.143291 6003113 13 1 252 60245
1 0.2304392 0.07526134 0.508429 0 4.950989 3.886792 6002113 13 1 19.77757 1.288496 6002113 13 1 238 56979
1 1.055133 1.104334 0.9975671 0 574.0312 3.139961 6003113 13 1 38.97994 1.182487 6003113 13 1 246 58857
1 1.645109 2.1548 1.183545 1 18.81889 1.068799 6002113 13 1 25.66064 1.611635 6002113 13 1 246 58863
1 0.3170899 0.1198369 0.6261138 1 13.96273 1.078531 6003113 13 0 228.7837 1.058344 6003113 13 1 247 59073
1 1.048836 1.548763 0.7254791 1 45.76949 1.045248 6003113 13 1 50.57594 1.0558 6003113 13 1 247 59092
1 0.1014541 0.02299071 0.3029553 1 6.809275 1.15392 6003113 13 1 33.11002 1.304803 6003113 13 1 256 61244
1 1.225386 1.141194 1.230719 1 25.60827 1.404705 6003113 13 1 33.75616 1.144073 6003113 13 1 256 61323
1 1.298986 1.452146 1.156092 1 21.28319 1.407881 6003113 13 1 75.69208 1.212342 6003113 13 1 263 62964
1 0.7055845 0.3974356 1.016366 1 54.67269 1.075471 6002113 13 1 0.2647821 1.049118 6002113 13 1 263 63014
1 1.314649 1.46568 1.173482 1 1.278323 1.690271 6002113 13 1 9.584105 1.455094 6002113 13 1 266 63671
1 1.106427 1.150534 1.053346 1 27.02155 1.151944 6002113 13 1 15.89975 1.1105 6002113 13 1 266 63762
1 1.15499 1.021547 1.194574 0 34.57897 1.460995 6003113 13 1 111.6634 1.129053 6003113 13 1 181 43218
1 1.192805 1.083559 1.213989 1 48.33094 1.927786 6003113 13 1 86.35134 1.216837 6003113 13 1 182 43629
1 0.5226254 0.8798594 0.3137767 1 18.85283 1.996448 6002113 13 1 18.44909 1.107354 6002113 13 1 192 45863
1 1.179161 1.206147 1.144075 0 133.7088 5.130308 6003113 13 1 92.83393 1.231681 6003113 13 1 192 45951
1 1.050919 0.8056091 1.198818 1 9.267187 1.199089 6002113 13 1 21.20406 1.121726 6002113 13 1 195 46580
1 1.209625 1.112975 1.222657 1 33.13256 1.26481 6003113 13 1 17.12612 1.156035 6003113 13 1 220 52736
1 1.063672 0.7860307 1.245813 1 1.985198 2.577369 6002113 13 1 20.26955 1.187983 6002113 13 1 220 52753
1 0.6342273 1.05356 0.3835326 1 95.33774 4.096747 6003113 13 1 186.9824 1.766409 6003113 13 1 221 52826
1 1.209625 1.112975 1.222657 1 83.43876 1.055291 6003113 13 1 65.70583 1.32575 6003113 13 1 221 52963
1 1.75908 2.248522 1.290011 1 11.99796 1.081808 6002113 13 1 12.62787 1.0772 6002113 13 1 221 52996
1 1.176288 1.010978 1.239274 1 67.83471 1.06949 6003113 13 1 92.0811 1.427167 6003113 13 1 221 53001
1 1.036252 1.095703 0.9699052 1 123.0249 1.095595 6003113 13 1 42.73255 2.582298 6003113 13 1 251 60204
1 1.524498 1.73059 1.317664 0 253.4601 1.676998 6003113 13 1 73.93762 1.170983 6003113 13 1 289 69136
1 1.182032 1.113501 1.180358 1 47.49811 1.833954 6003113 13 0 1.535449 3.458235 6003113 13 1 270 64575
1 1.164201 1.711426 0.8059074 1 62.1785 1.084109 6003113 13 1 47.56014 1.080608 6003113 13 1 270 64728
1 1.282494 1.437562 1.137462 1 40.02762 1.439687 6003113 13 1 81.2733 1.259028 6003113 13 1 316 75786
1 1.314649 1.46568 1.173482 1 12.86925 1.109912 6002113 13 1 15.56403 1.079441 6002113 13 1 359 85982
1 1.134034 1.248093 1.022271 1 59.17055 1.07087 6003113 13 1 11.62131 1.268413 6003113 13 1 10 2206
1 1.134034 1.248093 1.022271 1 59.17055 1.07087 6003113 13 1 11.62131 1.268413 6003113 13 1 10 2206
1 0.3767309 0.1505117 0.7131262 0 46.8342 1.126103 6003113 13 1 44.49777 1.334398 6003113 13 1 11 2446
1 0.1363718 0.034862 0.3662451 1 16.41472 3.559674 6002113 13 1 7.053539 1.259023 6002113 13 1 32 7455
1 0.5179346 0.9281273 0.2807825 0 9.091177 1.090452 6003113 13 1 46.1573 1.143988 6003113 13 1 32 7553
1 1.142868 1.177299 1.103399 1 11.88153 1.261976 6002113 13 1 3.208703 1.151289 6002113 13 1 32 7581
1 1.058012 1.115802 0.9930252 0 73.22546 1.775124 6003113 13 1 32.9809 1.139023 6003113 13 1 32 7616
1 1.405111 1.934095 0.9833891 1 17.91657 1.094391 6002113 13 1 8.64088 2.662933 6002113 13 1 42 10034
1 1.0427 1.134261 0.9473373 1 19.01672 1.065931 6002113 13 1 0.8240131 1.151744 6002113 13 1 52 12342
1 1.182032 1.113501 1.180358 1 22.96396 1.165482 6002113 13 0 8.602221 1.080772 6002113 13 1 53 12533
1 1.206555 1.21522 1.17542 1 101.5501 2.160896 6003113 13 1 22.05529 1.648225 6003113 13 1 61 14540
1 0.02782141 0.00448657 0.1208789 1 21.8754 1.298544 6003113 13 1 65.48972 1.087967 6003113 13 1 61 14551
1 1.199428 1.046014 1.251733 1 40.71085 1.054866 6003113 13 1 20.42206 1.045412 6003113 13 1 359 86107
1 0.8748782 0.5617447 1.136825 1 54.31155 1.162799 6003113 13 1 82.76403 2.02059 6003113 13 1 359 86154
1 0.1214868 0.03012302 0.3349064 1 14.60087 1.069083 6002113 13 1 5.414932 1.263756 6002113 13 1 362 86672
1 1.174602 1.053046 1.204645 0 453.6805 1.076802 6003113 13 1 41.00569 1.086771 6003113 13 1 362 86771
1 1.227292 1.202911 1.205555 1 22.38088 1.064635 6003113 13 1 2.421659 1.401285 6003113 13 1 400 95857
1 1.056557 1.108524 0.9965968 1 82.45087 1.748449 6003113 13 1 11.58805 1.094155 6003113 13 1 400 95979
1 0.2443026 0.07741789 0.5517042 0 327.5433 2.821142 6003113 13 1 33.03405 1.151653 6003113 13 1 407 97583
1 0.3064061 0.1093534 0.631845 1 54.71727 1.26115 6003113 13 1 39.00449 1.182256 6003113 13 1 411 98442
1 1.062846 1.139449 0.9784784 1 8.474059 1.046587 6003113 13 1 84.61971 2.250418 6003113 13 1 411 98616
1 1.053247 1.09991 0.9980844 1 12.7847 1.142869 6002113 13 0 13.12529 9.382696 6002113 13 1 413 99085
1 1.213336 1.227995 1.180605 1 36.08076 2.772981 6003113 13 1 155.1978 1.953744 6003113 13 1 415 99595
1 0.8200224 1.218482 0.5472287 1 16.76025 1.045593 6002113 13 1 19.52476 1.074745 6002113 13 1 28 6634
1 1.054444 1.13827 0.9640688 1 2.449439 1.066966 6002113 13 1 13.73828 1.052789 6002113 13 1 109 26079
1 0.6571895 0.3457574 1.000641 1 3.413915 1.082696 6002113 13 1 29.30062 1.7269 6002113 13 1 109 26092
1 1.329532 1.478061 1.189894 1 26.83846 1.068769 6002113 13 1 19.36294 1.357272 6002113 13 1 109 26130
1 0.004252809 0.0006661682 0.02512871 1 52.90344 1.061883 6003113 13 1 53.85337 2.266809 6003113 13 1 110 26275
1 0.04601344 0.008200601 0.1755223 1 21.67345 1.135621 6002113 13 1 5.098179 1.416987 6002113 13 1 190 45458
1 1.142868 1.177299 1.103399 1 33.8105 1.138984 6003113 13 1 14.69802 1.988163 6003113 13 1 190 45461
1 1.182032 1.113501 1.180358 1 5.970068 2.670971 6003113 13 1 72.45688 1.105228 6003113 13 1 190 45473
1 1.190567 1.223018 1.152597 1 1.80545 1.081375 6002113 13 1 18.42388 1.141952 6002113 13 1 267 63953
1 0.01417853 0.002128869 0.07081318 1 10.53546 2.431013 6003113 13 1 28.76516 1.091952 6003113 13 1 267 63983
1 0.8748782 0.5617447 1.136825 1 7.781269 1.316087 6003113 13 1 202.9223 1.221687 6003113 13 1 205 49099
1 1.050919 0.8056091 1.198818 1 7.587093 1.905345 6002113 13 1 37.45346 2.150726 6002113 13 1 237 56839
1 1.20651 1.16088 1.193521 0 121.2418 1.176878 6003113 13 1 65.579 1.640826 6003113 13 1 237 56878
1 1.56971 1.920896 1.202337 1 8.772865 1.584083 6002113 13 1 23.92455 1.133409 6002113 13 1 242 57923
1 1.053247 1.09991 0.9980844 0 43.80757 18.12095 6003113 13 1 50.98162 1.344245 6003113 13 1 242 57998
1 1.109295 1.155893 1.053631 0 286.9506 1.049786 6003113 13 1 87.42066 1.076571 6003113 13 1 281 67229
1 1.10316 1.145079 1.05266 0 7.240101 4.714778 6002113 13 1 28.08284 1.122145 6002113 13 1 281 67439
1 0.03009876 0.005032814 0.1242768 1 71.96867 2.200757 6003113 13 0 934.4558 1.615438 6003113 13 1 281 67440
1 1.217313 1.182622 1.199648 1 48.90499 1.522162 6003113 13 1 68.4688 1.0742 6003113 13 1 287 68846
1 1.217313 1.182622 1.199648 1 48.90499 1.522162 6003113 13 1 68.4688 1.0742 6003113 13 1 287 68846
1 0.9160994 0.6007248 1.171549 1 35.29402 1.166798 6002113 13 1 0.8664092 1.728678 6002113 13 1 287 68851
1 1.26516 1.422013 1.117256 0 112.9259 1.682247 6003113 13 1 63.72131 1.93743 6003113 13 1 287 68860
1 1.199401 1.201198 1.170168 1 12.70925 1.178017 6002113 13 1 3.726401 1.242977 6002113 13 1 290 69424
1 1.192805 1.083559 1.213989 1 15.33553 1.058019 6002113 13 1 13.0785 1.182356 6002113 13 1 290 69447
1 1.199401 1.201198 1.170168 1 9.832751 1.087973 6002113 13 1 31.60766 1.725498 6002113 13 1 294 70352
1 1.199401 1.201198 1.170168 1 9.832751 1.087973 6002113 13 1 31.60766 1.725498 6002113 13 1 294 70352
1 1.152971 1.190243 1.109341 1 12.37383 1.135723 6002113 13 0 5.179288 1.10499 6002113 13 1 294 70498
1 1.099696 0.9023142 1.195627 1 10.56929 1.048743 6003113 13 0 22.68996 1.078204 6003113 13 1 295 70662
1 1.179161 1.206147 1.144075 1 53.87185 1.076479 6003113 13 1 33.20601 2.632156 6003113 13 1 295 70711
1 1.095596 1.133769 1.050051 1 18.93369 1.151722 6002113 13 1 10.17641 1.048502 6002113 13 1 297 71114
1 1.179161 1.206147 1.144075 0 56.64021 1.965526 6003113 13 1 34.85561 1.109101 6003113 13 1 314 75241
1 1.209625 1.112975 1.222657 0 277.1444 1.068147 6003113 13 1 49.87271 1.114207 6003113 13 1 333 79715
1 1.048997 1.136673 0.9559695 1 58.85397 1.701234 6003113 13 1 16.07344 1.258054 6003113 13 1 336 80442
1 1.179161 1.206147 1.144075 1 15.46452 1.134912 6002113 13 1 9.182669 1.302589 6002113 13 1 336 80615
1 1.56971 1.920896 1.202337 1 105.1705 1.071251 6003113 13 1 157.0976 1.913933 6003113 13 1 336 80633
1 1.524498 1.73059 1.317664 1 8.196056 1.19811 6002113 13 0 3.118338 3.964463 6002113 13 1 354 84840
1 1.095596 1.133769 1.050051 0 88.66647 3.071534 6003113 13 1 79.69971 3.047936 6003113 13 1 29 6808
1 0.5279956 0.2465533 0.8852676 1 3.723295 1.053987 6002113 13 1 28.51442 1.136373 6002113 13 1 29 6951
1 1.20651 1.16088 1.193521 1 73.78494 1.050715 6003113 13 1 42.8603 1.04851 6003113 13 1 34 7953
1 1.183608 1.169262 1.159476 1 28.99317 1.580667 6002113 13 1 19.6607 1.063207 6002113 13 1 34 8047
1 1.183608 1.169262 1.159476 0 299.2421 1.065877 6003113 13 1 85.20397 1.503661 6003113 13 1 34 8053
1 1.099519 1.139476 1.051563 1 86.27833 2.144489 6002113 13 1 17.0678 2.144988 6002113 13 1 34 8125
1 0.665028 0.3662483 0.9755856 1 10.98807 1.051827 6002113 13 1 13.34586 1.164246 6002113 13 1 189 45146
1 0.665028 0.3662483 0.9755856 1 10.98807 1.051827 6002113 13 1 13.34586 1.164246 6002113 13 1 189 45146
1 1.190567 1.223018 1.152597 1 35.46577 2.938133 6002113 13 1 13.15044 1.479492 6002113 13 1 189 45314
1 0.5762256 0.2893137 0.9113798 1 25.82013 1.146379 6002113 13 1 1.937281 1.051816 6002113 13 1 47 11170
1 1.206555 1.21522 1.17542 1 34.06732 1.727787 6002113 13 1 6.952707 1.337327 6002113 13 1 47 11171
1 1.056557 1.108524 0.9965968 0 22.71189 1.341555 6003113 13 0 141.3321 1.437659 6003113 13 1 48 11291
1 1.017868 0.7662661 1.176325 1 20.30108 1.055298 6002113 13 1 17.91201 1.113485 6002113 13 1 48 11379
1 0.2304392 0.07526134 0.508429 1 38.23034 1.275791 6003113 13 1 40.23156 1.244996 6003113 13 1 183 43758
1 1.099696 0.9023142 1.195627 0 9.334047 3.695449 6002113 13 1 13.17319 1.15755 6002113 13 1 185 44248
1 0.9160994 0.6007248 1.171549 1 23.76852 1.152289 6003113 13 1 105.1087 1.188306 6003113 13 1 194 46359
1 0.9160994 0.6007248 1.171549 1 23.76852 1.152289 6003113 13 1 105.1087 1.188306 6003113 13 1 194 46359
1 0.1214868 0.03012302 0.3349064 1 0.6937492 1.152441 6003113 13 1 25.26946 1.253229 6003113 13 1 194 46409
1 1.145385 0.9245803 1.259718 1 10.15929 1.096319 6002113 13 1 9.724247 1.629972 6002113 13 1 194 46431
1 1.194803 1.137859 1.187115 1 24.46911 1.438732 6003113 13 1 64.26176 1.953736 6003113 13 1 198 47298
1 0.5380682 0.2637946 0.8676014 1 121.8668 1.069424 6003113 13 1 37.43813 1.70859 6003113 13 1 275 65777
1 0.5380682 0.2637946 0.8676014 1 121.8668 1.069424 6003113 13 1 37.43813 1.70859 6003113 13 1 275 65777
1 0.9138955 0.6245104 1.1333 1 37.27208 1.157054 6003113 13 1 44.27423 1.337317 6003113 13 1 275 65851
1 1.109295 1.155893 1.053631 1 115.4442 1.060102 6003113 13 1 62.72896 1.500896 6003113 13 1 277 66252
1 1.058012 1.115802 0.9930252 1 8.661824 1.35287 6003113 13 1 30.99808 1.073339 6003113 13 1 277 66456
1 1.49586 1.706142 1.278772 1 6.538479 1.066369 6002113 13 1 14.01348 1.164736 6002113 13 1 277 66466
1 1.550791 1.753763 1.352368 1 5.843034 1.321622 6002113 13 1 10.13614 1.371497 6002113 13 1 277 66473
1 0.3767309 0.1505117 0.7131262 1 17.96431 1.212158 6002113 13 0 6.093783 1.440628 6002113 13 1 305 73050
1 0.4442115 0.1872741 0.8068974 1 30.13962 1.176988 6003113 13 1 203.2791 2.883557 6003113 13 1 305 73077
1 1.192805 1.083559 1.213989 0 39.57502 1.534795 6003113 13 1 20.37375 1.088036 6003113 13 1 305 73095
1 1.26516 1.422013 1.117256 1 23.37459 1.254431 6002113 13 1 20.2375 1.04091 6002113 13 1 305 73130
1 1.282494 1.437562 1.137462 0 65.08307 2.519999 6003113 13 1 12.62681 1.059566 6003113 13 1 293 70248
1 1.151918 0.9752633 1.225726 1 16.6093 1.906836 6002113 13 1 1.454479 1.076394 6002113 13 1 306 73339
1 1.194803 1.137859 1.187115 1 49.99137 1.044249 6003113 13 1 9.541113 1.183534 6003113 13 1 303 72581
1 0.01217822 0.001818087 0.06209253 0 189.1842 1.477674 6003113 13 1 74.27849 1.480695 6003113 13 1 315 75433
1 0.1080031 0.02598027 0.3057024 1 15.89082 1.371044 6002113 13 1 5.178586 1.941602 6002113 13 1 315 75463
1 1.176288 1.010978 1.239274 1 32.80208 1.210842 6003113 13 0 6.610498 1.130502 6003113 13 1 315 75492
1 1.134034 1.248093 1.022271 1 12.2257 1.140823 6002113 13 1 9.357185 1.335429 6002113 13 1 323 77373
1 1.206555 1.21522 1.17542 1 20.45017 1.03984 6002113 13 0 4.782799 1.367641 6002113 13 1 323 77465
1 1.031225 1.102163 0.9526981 1 55.12142 1.29443 6003113 13 1 17.15955 1.526555 6003113 13 1 320 76746
1 1.053247 1.09991 0.9980844 0 188.0769 1.258993 6003113 13 1 21.19588 1.093997 6003113 13 1 320 76782
1 1.134034 1.248093 1.022271 1 17.93474 1.047667 6003113 13 1 39.77459 1.06842 6003113 13 1 328 78636
1 1.134034 1.248093 1.022271 1 17.93474 1.047667 6003113 13 1 39.77459 1.06842 6003113 13 1 328 78636
1 1.282494 1.437562 1.137462 1 7.513172 1.33472 6002113 13 1 45.70269 1.147449 6002113 13 1 324 77546
1 1.062846 1.139449 0.9784784 0 18.99601 2.89524 6002113 13 1 10.48942 1.164807 6002113 13 1 324 77630
1 1.217313 1.182622 1.199648 1 45.19395 1.407083 6003113 13 1 164.5588 2.955869 6003113 13 1 324 77738
1 1.033406 1.101364 0.958024 1 123.3872 1.33615 6003113 13 1 9.931107 1.428427 6003113 13 1 343 82177
1 1.46424 1.680344 1.235249 1 93.24733 1.329651 6003113 13 0 37.23944 2.741666 6003113 13 1 329 78799
1 1.063672 0.7860307 1.245813 0 24.24015 1.909227 6002113 13 1 18.6997 2.269971 6002113 13 1 331 79238
1 1.282494 1.437562 1.137462 1 10.70174 1.218157 6002113 13 1 21.5004 1.600966 6002113 13 1 331 79251
1 0.4442115 0.1872741 0.8068974 1 33.95629 1.073948 6003113 13 1 80.39274 1.828709 6003113 13 1 331 79426
1 1.059052 1.139164 0.9715886 1 26.92475 1.396396 6003113 13 0 283.4084 1.02373 6003113 13 1 341 81621
1 0.1527629 0.0402692 0.399808 1 23.64907 1.143783 6003113 13 1 75.23438 1.060206 6003113 13 1 348 83385
1 0.1527629 0.0402692 0.399808 1 23.64907 1.143783 6003113 13 1 75.23438 1.060206 6003113 13 1 348 83385
1 0.3355998 0.123277 0.6770892 1 60.02176 1.044208 6003113 13 1 24.81448 1.338967 6003113 13 1 345 82715
1 1.761918 2.058838 1.43754 1 28.3558 1.293906 6003113 13 1 101.6294 1.055607 6003113 13 1 353 84494
1 1.761918 2.058838 1.43754 1 28.3558 1.293906 6003113 13 1 101.6294 1.055607 6003113 13 1 353 84494
1 1.194803 1.137859 1.187115 1 8.882659 1.048251 6002113 13 1 3.862014 1.108161 6002113 13 1 353 84671
1 1.033406 1.101364 0.958024 1 44.83213 1.142188 6003113 13 0 242.6794 3.02954 6003113 13 1 353 84688
1 1.645109 2.1548 1.183545 0 203.6411 1.186941 6003113 13 1 50.38034 1.066957 6003113 13 1 355 85049
1 1.054444 1.13827 0.9640688 1 12.05712 1.306573 6002113 13 1 5.82393 1.695779 6002113 13 1 355 85170
1 1.524498 1.73059 1.317664 1 77.11026 1.158469 6003113 13 1 100.2105 1.814678 6003113 13 1 365 87513
1 1.199401 1.201198 1.170168 1 99.04661 1.084355 6003113 13 1 77.59442 1.137581 6003113 13 1 365 87593
1 1.227292 1.202911 1.205555 1 83.85861 1.05566 6003113 13 1 98.31126 1.227128 6003113 13 1 356 85354
1 1.095596 1.133769 1.050051 1 84.66108 1.042386 6003113 13 1 9.47838 1.061315 6003113 13 1 356 85420
1 0.747205 0.4303799 1.057145 1 9.778416 1.647205 6002113 13 1 9.832622 1.065501 6002113 13 1 374 89523
1 0.7268606 1.122648 0.4611204 1 24.44539 1.885234 6003113 13 1 31.73974 1.411138 6003113 13 1 374 89635
1 0.07905591 0.01690496 0.2492307 0 71.08234 7.452312 6003113 13 1 35.30101 1.164273 6003113 13 1 374 89646
1 1.183608 1.169262 1.159476 1 15.5468 1.098019 6003113 13 1 20.12317 2.302011 6003113 13 1 374 89757
1 0.01417853 0.002128869 0.07081318 1 64.84161 1.05481 6003113 13 1 135.5475 1.362326 6003113 13 1 381 91222
1 1.083255 0.8452013 1.220206 1 95.51408 1.737123 6003113 13 1 57.042 1.184512 6003113 13 1 381 91348
1 0.1527629 0.0402692 0.399808 1 21.7923 1.076232 6002113 13 1 18.98908 1.165868 6002113 13 1 8 1717
1 1.053247 1.09991 0.9980844 0 315.1502 1.348216 6003113 13 1 46.92781 1.110898 6003113 13 1 80 19092
1 1.062846 1.139449 0.9784784 1 25.62646 1.070152 6003113 13 1 56.87123 1.075176 6003113 13 1 80 19172
1 1.20651 1.16088 1.193521 1 24.25907 1.567046 6002113 13 1 17.3372 1.438043 6002113 13 1 78 18675
1 0.789787 0.4650854 1.097808 1 11.43004 1.609426 6002113 13 1 17.72696 1.062887 6002113 13 1 79 18752
1 1.123647 1.241142 1.010512 1 12.8551 1.168439 6002113 13 1 35.81696 1.054614 6002113 13 1 79 18775
1 1.123647 1.241142 1.010512 1 12.8551 1.168439 6002113 13 1 35.81696 1.054614 6002113 13 1 79 18775
1 1.017868 0.7662661 1.176325 1 3.091944 1.333825 6002113 13 1 20.50694 1.036266 6002113 13 1 79 18837
1 0.9138955 0.6245104 1.1333 1 26.87239 1.176468 6002113 13 1 17.61963 1.198893 6002113 13 1 102 24443
1 1.183608 1.169262 1.159476 1 65.59566 1.515876 6003113 13 1 59.90948 1.078097 6003113 13 1 103 24568
1 1.183608 1.169262 1.159476 1 65.59566 1.515876 6003113 13 1 59.90948 1.078097 6003113 13 1 103 24568
1 1.142868 1.177299 1.103399 1 0.5324158 3.001505 6002113 13 1 19.00745 1.028866 6002113 13 1 103 24602
1 1.035838 1.098122 0.9666125 1 8.321336 1.40673 6002113 13 1 14.40254 1.147411 6002113 13 1 139 33216
1 1.152971 1.190243 1.109341 1 8.016128 1.059454 6002113 13 1 7.828925 1.102656 6002113 13 1 223 53390
1 1.152971 1.190243 1.109341 1 8.016128 1.059454 6002113 13 1 7.828925 1.102656 6002113 13 1 223 53390
1 1.035838 1.098122 0.9666125 1 25.29204 1.060836 6003113 13 1 109.0979 1.059669 6003113 13 1 223 53397
1 1.048836 1.548763 0.7254791 1 11.00374 1.08076 6002113 13 1 8.966254 1.521012 6002113 13 1 227 54372
1 1.298986 1.452146 1.156092 0 434.6737 1.187003 6003113 13 1 44.18381 1.09637 6003113 13 1 227 54470
1 1.048997 1.136673 0.9559695 1 24.66536 1.051696 6003113 13 0 210.9438 1.073228 6003113 13 1 326 78067
1 1.213336 1.227995 1.180605 1 35.3928 1.180889 6003113 13 0 185.2105 1.203639 6003113 13 1 326 78086
1 1.15499 1.021547 1.194574 1 19.93891 1.156417 6003113 13 1 53.02293 1.070321 6003113 13 1 249 59612
1 0.6571895 0.3457574 1.000641 1 15.58574 1.066142 6002113 13 1 1.274013 1.330778 6002113 13 1 250 59792
1 1.26516 1.422013 1.117256 0 8.952274 2.483011 6002113 13 1 29.33308 1.16175 6002113 13 1 279 66767
1 0.4442115 0.1872741 0.8068974 1 55.74613 1.036414 6002113 13 1 14.78144 1.127375 6002113 13 1 286 68461
1 0.6235333 0.981489 0.3895437 0 37.65844 2.477115 6003113 13 1 28.78751 1.156117 6003113 13 1 321 76831
1 1.298986 1.452146 1.156092 1 28.46577 1.097094 6003113 13 1 98.96371 2.480714 6003113 13 1 334 80013
1 0.01417853 0.002128869 0.07081318 1 31.98779 1.078484 6002113 13 1 6.116119 2.295975 6002113 13 1 335 80185
1 1.152501 1.258655 1.04415 1 72.71138 2.803349 6003113 13 1 32.77448 2.361747 6003113 13 1 335 80262
1 1.050919 0.8056091 1.198818 1 28.59453 1.070511 6003113 13 1 33.9554 1.907549 6003113 13 1 335 80278
1 1.183608 1.169262 1.159476 1 10.57823 1.138424 6002113 13 1 6.342013 1.19067 6002113 13 1 335 80297
1 0.4445066 0.7265916 0.2710897 1 23.88106 1.341224 6002113 13 1 32.44477 1.086317 6002113 13 1 338 80894
1 1.151918 0.9752633 1.225726 1 7.363268 1.151071 6002113 13 1 3.512555 1.824237 6002113 13 1 338 80954
1 1.126364 0.9389989 1.211138 1 41.41192 1.040589 6003113 13 1 205.9479 1.868041 6003113 13 1 338 80991
1 0.4442115 0.1872741 0.8068974 1 80.1084 3.296402 6003113 13 1 126.2678 1.180149 6003113 13 1 342 81994
1 0.665028 0.3662483 0.9755856 1 54.81253 1.196399 6003113 13 1 33.72877 1.3039 6003113 13 1 350 83962
1 1.10316 1.145079 1.05266 1 15.90837 1.134097 6003113 13 1 29.69367 1.094134 6003113 13 1 405 97093
1 0.5279956 0.2465533 0.8852676 1 35.08538 1.191438 6003113 13 0 319.5919 5.447471 6003113 13 1 376 90075
1 1.10316 1.145079 1.05266 1 25.34421 1.288408 6003113 13 0 367.6658 1.110292 6003113 13 1 376 90141
