1 1.10316 1.145079 1.05266 1 44.48895 1.336144 6003113 13 0 202.5069 2.517103 6003113 11 1 104 35001
1 1.575265 1.775696 1.383444 0 55.47679 1.93009 6002113 11 1 67.72312 1.790866 6002113 13 1 116 38763
1 1.566869 2.206142 1.088645 0 117.3926 2.919972 6002113 11 1 74.6283 1.811616 6002113 13 1 72 24017
1 1.282494 1.437562 1.137462 1 45.34603 1.905687 6003113 13 0 389.3884 2.134803 6003113 11 1 84 28306
1 0.1707681 0.04642279 0.4356818 0 627.9484 2.904634 6003113 11 1 40.93998 2.018423 6003113 13 1 65 21742
1 0.6235333 0.981489 0.3895437 0 132.1303 1.514874 6003113 13 0 954.1567 2.141189 6003113 11 1 29 9477
1 1.058012 1.115802 0.9930252 0 56.67827 1.43404 6002113 13 0 20.05733 1.235602 6002113 11 1 167 56177
1 1.031225 1.102163 0.9526981 1 2.511091 1.564795 6002113 11 1 36.62558 1.074914 6002113 13 1 273 91803
1 1.152501 1.258655 1.04415 1 38.2312 1.0294 6002113 11 1 81.70013 1.171279 6002113 13 1 208 69925
1 1.10316 1.145079 1.05266 0 80.20952 1.898049 6003113 13 1 608.8976 3.114686 6003113 11 1 295 99284
1 1.157728 1.196465 1.111764 0 5.787449 9.44376 6001113 11 1 14.27787 2.631993 6001113 13 1 17 5420
1 1.524498 1.73059 1.317664 1 33.99682 1.379408 6002113 13 1 86.53331 1.776439 6002113 11 1 40 13181
1 1.099519 1.139476 1.051563 0 69.79904 9.028543 6003113 11 1 28.27862 2.096761 6003113 13 1 68 22850
1 1.058012 1.115802 0.9930252 1 118.4279 1.886721 6003113 13 0 803.0427 4.903069 6003113 11 1 102 34129
1 0.7934737 0.4881172 1.065644 1 1.823165 1.884964 6002113 11 0 50.58084 1.522253 6002113 13 1 169 56881
1 0.1991887 0.05938704 0.4717879 0 46.02273 1.211403 6002113 11 1 55.74195 1.500359 6002113 13 1 70 23532
1 1.109295 1.155893 1.053631 0 57.41478 2.501383 6002113 11 1 18.55767 2.211489 6002113 13 1 14 4417
1 1.15499 1.021547 1.194574 1 17.25554 1.010049 6002113 13 0 77.23049 1.07018 6002113 11 1 245 82464
1 0.01217822 0.001818087 0.06209253 1 104.1094 1.566289 6003113 13 1 36.348 1.741351 6003113 11 1 120 40130
1 1.49586 1.706142 1.278772 0 167.0031 1.853497 6002113 11 1 43.11124 1.680341 6002113 13 1 115 38657
1 1.123647 1.241142 1.010512 0 27.04636 5.289693 6002113 11 0 39.65098 1.786439 6002113 13 1 173 58220
1 0.006131473 0.0009213082 0.03465866 0 29.72608 1.950117 6002113 11 1 31.28013 1.171843 6002113 13 1 206 69381
1 1.095596 1.133769 1.050051 0 5.64191 2.235528 6003113 11 1 84.83707 1.51317 6003113 13 1 135 45373
1 1.099696 0.9023142 1.195627 1 50.30641 1.900164 6002113 13 0 72.88795 3.340679 6002113 11 1 7 2276
1 0.4903168 0.2233237 0.8385035 0 90.4282 5.607955 6002113 11 0 27.90832 2.886276 6002113 13 1 272 91567
1 1.099696 0.9023142 1.195627 0 60.14311 47.42913 6002113 11 0 48.59462 4.798732 6002113 13 1 105 35243
1 1.142868 1.177299 1.103399 1 102.448 2.568498 6003113 13 0 927.1343 2.580185 6003113 11 1 105 35270
1 1.56971 1.920896 1.202337 1 71.90356 2.624664 6003113 13 0 1383.496 4.648304 6003113 11 1 122 40984
1 1.42456 2.044705 0.9864829 0 116.3786 2.452635 6003113 13 0 114.5058 2.529533 6003113 11 1 283 95275
1 1.49586 1.706142 1.278772 1 124.0163 1.63493 6003113 13 0 289.9481 1.912365 6003113 11 1 227 76354
1 0.4205023 0.1819855 0.7484848 1 92.17458 2.838649 6002113 13 0 20.17469 2.794165 6002113 11 1 227 76375
1 1.1849 1.214892 1.148506 0 27.63503 1.482048 6003113 11 1 77.63788 1.389473 6003113 13 1 15 4876
1 1.114777 0.884905 1.24054 1 36.60627 2.849185 6002113 13 1 149.205 1.683738 6002113 11 1 55 18244
1 1.761918 2.058838 1.43754 0 13.29272 2.244163 6002113 11 1 102.5274 1.729146 6002113 13 1 23 7431
1 1.206555 1.21522 1.17542 0 70.52526 1.484834 6002113 11 1 36.10748 1.192044 6002113 13 1 23 7592
1 1.036252 1.095703 0.9699052 0 36.31772 2.114193 6002113 13 0 44.98153 1.430118 6002113 11 1 292 98308
1 1.199401 1.201198 1.170168 1 49.32396 1.723916 6003113 13 0 265.934 1.973071 6003113 11 1 37 12219
1 1.152971 1.190243 1.109341 0 1.02947 1.543094 6001113 11 1 42.84819 1.066062 6001113 13 1 24 7947
1 1.095596 1.133769 1.050051 0 71.61052 2.687033 6002113 11 0 75.41573 3.06898 6002113 13 1 33 10929
1 1.56971 1.920896 1.202337 1 66.16766 1.323075 6002113 11 1 79.06808 1.170374 6002113 13 1 38 12711
1 0.00526219 0.000796892 0.0301381 0 568.8986 3.458584 6003113 11 1 27.23305 2.49829 6003113 13 1 288 97053
1 0.5762256 0.2893137 0.9113798 0 1.480857 1.358892 6002113 11 1 69.12589 1.366094 6002113 13 1 98 32801
1 1.142868 1.177299 1.103399 0 49.74282 3.53603 6002113 13 0 66.96342 4.751337 6002113 11 1 50 16674
1 1.112575 1.233052 0.9981722 1 101.609 1.151539 6002113 13 0 21.20694 4.130808 6002113 11 1 203 68210
