1 1.058012 1.115802 0.9930252 1 21.39181 1.539567 1000022 13 1 23.6602 1.239383 1000022 13 1 39 7664
1 1.209625 1.112975 1.222657 1 10.17241 1.125708 1000022 13 1 4.701934 1.424066 1000022 13 1 44 8784
1 0.665028 0.3662483 0.9755856 1 47.97889 1.156787 1000022 13 1 51.81313 5.153812 1000022 13 1 38 7522
1 1.167323 1.186361 1.134647 1 19.09571 1.618067 1000022 13 1 17.15548 1.42756 1000022 13 1 41 8120
1 1.157728 1.196465 1.111764 1 25.60862 2.211295 1000022 13 1 33.73448 50.67126 1000022 13 1 46 9190
1 0.1793033 0.05184105 0.4351809 1 17.26234 1.621154 1000022 13 1 30.35313 1.693036 1000022 13 1 47 9271
1 1.050919 0.8056091 1.198818 1 43.53537 1.176376 1000022 13 1 1.299211 1.128196 1000022 13 1 20 4018
1 0.8339615 0.5241884 1.101491 1 12.66693 1.369973 1000022 13 1 8.286183 1.470401 1000022 13 1 7 1316
1 0.9219857 1.364073 0.6240806 1 26.32481 1.445922 1000022 13 1 34.99349 1.61075 1000022 13 1 13 2443
1 0.3355998 0.123277 0.6770892 1 24.3164 1.45138 1000022 13 0 8.48051 2.302949 1000022 13 1 15 2956
1 1.033406 1.101364 0.958024 1 70.02488 1.519236 1000022 13 1 22.29091 1.354197 1000022 13 1 16 3113
1 1.059052 1.139164 0.9715886 1 19.88594 1.476395 1000022 13 1 15.24826 1.150017 1000022 13 1 18 3505
1 1.641128 1.972201 1.285192 1 9.333897 1.115377 1000022 13 1 16.2634 1.145427 1000022 13 1 18 3610
1 1.282494 1.437562 1.137462 1 2.414867 1.851363 1000022 13 1 29.39679 1.296384 1000022 13 1 18 3611
1 1.298986 1.452146 1.156092 1 29.63867 2.431189 1000022 13 1 40.11384 1.261717 1000022 13 1 5 890
1 1.209625 1.112975 1.222657 1 31.01858 1.30043 1000022 13 1 11.1387 3.447038 1000022 13 1 8 1470
1 1.048997 1.136673 0.9559695 1 9.500627 1.028522 1000022 13 1 27.6004 1.08392 1000022 13 1 9 1628
1 1.217313 1.182622 1.199648 1 42.13689 1.272508 1000022 13 1 0.5652685 3.737274 1000022 13 1 9 1772
1 1.031225 1.102163 0.9526981 1 12.50928 2.904394 1000022 13 1 11.45223 1.214665 1000022 13 1 21 4073
1 1.566869 2.206142 1.088645 1 25.61556 1.919603 1000022 13 1 52.98232 1.224066 1000022 13 1 24 4662
1 0.747205 0.4303799 1.057145 1 6.762623 2.720429 1000022 13 1 50.57412 1.185852 1000022 13 1 28 5542
1 1.566869 2.206142 1.088645 1 46.99024 1.247394 1000022 13 1 1.988509 1.566286 1000022 13 1 29 5740
1 1.152971 1.190243 1.109341 1 19.08826 1.719696 1000022 13 1 12.53723 1.871048 1000022 13 1 29 5788
1 1.329532 1.478061 1.189894 1 41.70967 1.333968 1000022 13 1 3.960876 1.112946 1000022 13 1 30 6004
1 1.149237 1.698801 0.7921503 1 12.64778 2.095873 1000022 13 1 1.152673 1.429858 1000022 13 1 30 6005
1 0.114587 0.02674881 0.3330998 1 14.117 1.317267 1000022 13 1 18.86144 1.985769 1000022 13 1 31 6208
1 1.524498 1.73059 1.317664 1 27.10158 1.138393 1000022 13 1 40.42991 1.59734 1000022 13 1 33 6558
1 1.099696 0.9023142 1.195627 1 38.58863 1.114368 1000022 13 1 6.916142 1.12914 1000022 13 1 34 6813
1 1.109295 1.155893 1.053631 1 18.46292 1.228295 1000022 13 1 12.18282 1.288295 1000022 13 1 35 6976
1 1.206555 1.21522 1.17542 1 27.91983 1.993916 1000022 13 1 0.9248388 1.356335 1000022 13 1 45 8947
