1 1.550791 1.753763 1.352368 1 45.59316 2.311887 6003113 13 1 88.33454 4.26077 6003113 11 1 10 2375
1 1.106427 1.150534 1.053346 1 46.23315 1.44519 6002113 13 1 0.3056181 1.821949 6002113 11 1 102 24261
1 1.182032 1.113501 1.180358 1 20.82395 1.420187 6002113 11 1 70.12139 1.63479 6002113 13 1 102 24313
1 1.099519 1.139476 1.051563 1 33.26427 1.514741 6002113 13 1 29.77335 1.580498 6002113 11 1 111 26513
1 1.183608 1.169262 1.159476 1 12.08551 1.93537 6001113 13 1 12.3843 3.552021 6001113 11 1 111 26519
1 1.213336 1.227995 1.180605 1 224.1261 2.403992 6003113 13 1 269.2291 4.283905 6003113 11 1 149 35576
1 1.048997 1.136673 0.9559695 1 13.77805 1.402466 6002113 11 1 12.43761 1.483735 6002113 13 1 149 35725
1 0.5380682 0.2637946 0.8676014 1 130.0206 1.25535 6002113 11 1 71.77326 1.819662 6002113 13 1 150 35916
1 1.152501 1.258655 1.04415 1 73.76441 1.619955 6002113 11 1 19.53539 1.824663 6002113 13 1 151 36121
1 1.149237 1.698801 0.7921503 1 43.19721 1.197969 6002113 13 1 5.652737 2.636219 6002113 11 1 152 36274
1 1.036252 1.095703 0.9699052 1 67.01253 1.856284 6003113 11 1 46.55703 3.792247 6003113 13 1 152 36320
1 1.866054 2.331325 1.3979 1 56.88027 1.340178 6003113 13 1 86.88321 2.028692 6003113 11 1 205 48989
1 1.209625 1.112975 1.222657 1 26.74457 1.497279 6002113 11 1 21.73483 1.415328 6002113 13 1 205 49140
1 1.761918 2.058838 1.43754 1 56.92347 1.420949 6003113 13 0 1309.702 1.764369 6003113 11 1 206 49328
1 0.7242169 1.085561 0.4754195 1 117.3369 1.804388 6002113 11 1 35.31615 1.512517 6002113 13 1 210 50198
1 1.145385 0.9245803 1.259718 0 41.26411 9.645449 6002113 11 1 33.00179 1.993569 6002113 13 1 210 50283
1 1.191782 1.185832 1.16486 1 41.54712 2.245183 6002113 13 1 61.6881 1.778911 6002113 11 1 210 50376
1 1.176288 1.010978 1.239274 1 30.45613 2.17933 6002113 13 0 9.024406 5.730062 6002113 11 1 222 53138
1 0.789787 0.4650854 1.097808 1 60.59757 2.35079 6002113 13 1 0.9541717 1.278472 6002113 11 1 222 53158
1 1.048997 1.136673 0.9559695 1 60.50202 1.470245 6002113 11 1 21.25932 1.680074 6002113 13 1 227 54300
1 1.056557 1.108524 0.9965968 1 7.191549 1.240927 6002113 13 1 18.95445 2.024487 6002113 11 1 227 54388
1 1.206555 1.21522 1.17542 1 76.415 2.44649 6002113 13 1 85.72062 1.551235 6002113 11 1 227 54415
1 1.20651 1.16088 1.193521 1 24.17499 1.437037 6002113 13 1 31.76747 1.787078 6002113 11 1 228 54509
1 0.8332192 0.5015442 1.138243 1 65.87529 3.235403 6002113 11 1 38.62191 2.672844 6002113 13 1 233 55700
1 1.641128 1.972201 1.285192 1 103.8736 2.02322 6003113 13 1 31.6094 3.106702 6003113 11 1 233 55769
1 1.176288 1.010978 1.239274 1 66.33099 1.45566 6002113 13 1 28.46421 1.468194 6002113 11 1 233 55778
1 0.3767309 0.1505117 0.7131262 1 56.13438 1.4909 6002113 11 1 52.3915 1.630447 6002113 13 1 233 55863
1 1.206555 1.21522 1.17542 1 115.053 1.369579 6002113 11 1 88.21525 2.161843 6002113 13 1 233 55872
1 0.9517445 0.6636014 1.162862 1 74.43781 2.520678 6003113 11 1 57.55983 1.358646 6003113 13 1 233 55907
1 1.03119 1.524041 0.7057037 1 13.12566 1.681731 6002113 11 1 34.44777 1.490767 6002113 13 1 233 55911
1 1.114777 0.884905 1.24054 1 65.05478 1.778929 6002113 11 1 26.61566 1.413874 6002113 13 1 234 55954
1 1.550791 1.753763 1.352368 1 47.22327 1.473059 6002113 11 1 27.66566 1.606498 6002113 13 1 234 56014
1 1.035838 1.098122 0.9666125 0 24.8831 1.99718 6002113 11 1 16.96259 1.41132 6002113 13 1 234 56076
1 0.4903168 0.2233237 0.8385035 1 17.54572 1.412791 6002113 13 1 32.10826 2.569958 6002113 11 1 243 58106
1 1.143675 1.253919 1.033471 1 80.7877 1.822102 6003113 13 1 153.2516 2.414847 6003113 11 1 243 58173
1 0.6235333 0.981489 0.3895437 1 26.16104 1.424826 6002113 11 1 29.9864 1.449807 6002113 13 1 243 58234
1 1.575265 1.775696 1.383444 1 44.00352 1.467542 6002113 11 1 32.5955 1.47234 6002113 13 1 243 58250
1 1.112575 1.233052 0.9981722 1 26.31382 1.444153 6002113 11 1 74.78664 1.487644 6002113 13 1 244 58347
1 0.4903168 0.2233237 0.8385035 1 40.25753 1.701955 6002113 13 1 10.79466 1.852195 6002113 11 1 244 58456
1 1.112575 1.233052 0.9981722 1 57.15373 1.466517 6003113 13 0 718.8761 1.405876 6003113 11 1 244 58479
1 0.1014541 0.02299071 0.3029553 1 30.40731 1.607169 6002113 11 1 25.43532 1.436942 6002113 13 1 244 58480
1 1.059052 1.139164 0.9715886 1 9.001256 1.418076 6002113 13 1 50.23064 1.471597 6002113 11 1 405 96989
1 1.034916 1.100018 0.9626585 1 57.51628 1.814683 6002113 11 1 19.93467 1.66024 6002113 13 1 405 96996
1 1.099519 1.139476 1.051563 1 33.9733 1.392615 6002113 11 1 11.70752 1.496278 6002113 13 1 405 97087
1 1.15499 1.021547 1.194574 1 29.13036 3.903996 6003113 11 1 63.97043 2.410716 6003113 13 1 405 97153
1 0.1610681 0.04515641 0.4007308 1 9.878016 1.511783 6001113 13 1 0.4320023 1.320905 6001113 11 1 405 97167
1 0.747205 0.4303799 1.057145 1 13.20723 1.661017 6002113 11 1 66.72596 1.74335 6002113 13 1 406 97235
1 1.056557 1.108524 0.9965968 1 14.24288 2.400013 6002113 13 1 12.22488 1.267962 6002113 11 1 406 97268
1 0.2792014 0.09677438 0.588659 1 32.49414 1.200986 6002113 13 1 19.13022 1.704322 6002113 11 1 406 97299
1 1.812285 2.096335 1.505211 0 921.4398 1.987718 6003113 11 1 80.16962 1.511505 6003113 13 1 29 6774
1 0.1363718 0.034862 0.3662451 1 26.51696 1.530548 6002113 11 1 87.8749 1.550542 6002113 13 1 29 6811
1 1.050919 0.8056091 1.198818 1 26.8828 1.722294 6002113 11 1 24.77648 1.420353 6002113 13 1 29 6899
1 0.01536516 0.002346602 0.07345495 0 829.3632 1.530601 6003113 11 1 35.64618 1.79504 6003113 13 1 29 6911
1 1.0427 1.134261 0.9473373 1 100.9528 1.439476 6002113 11 1 57.30577 1.319 6002113 13 1 30 7026
1 1.167323 1.186361 1.134647 1 31.17309 1.384704 6002113 13 1 23.43195 1.738513 6002113 11 1 30 7052
1 1.036252 1.095703 0.9699052 1 102.8978 1.74413 6003113 13 0 787.8011 1.613681 6003113 11 1 49 11619
1 1.033406 1.101364 0.958024 1 36.90714 2.113487 6002113 11 1 67.37821 1.839053 6002113 13 1 49 11738
1 1.10316 1.145079 1.05266 1 10.98202 1.78844 6002113 11 1 33.72151 1.66316 6002113 13 1 50 11805
1 1.035838 1.098122 0.9666125 1 16.649 2.229764 6003113 13 1 98.73738 1.597324 6003113 11 1 50 11902
1 1.645109 2.1548 1.183545 1 15.45276 1.471413 6001113 13 1 0.6551847 1.691904 6001113 11 1 50 11907
1 1.149237 1.698801 0.7921503 1 101.4374 1.563487 6002113 11 1 58.02024 1.557742 6002113 13 1 50 11921
1 1.314649 1.46568 1.173482 1 21.84398 1.445463 6001113 13 1 2.023111 1.797587 6001113 11 1 50 11968
1 1.75908 2.248522 1.290011 1 28.72801 1.427608 6003113 13 0 2092.05 1.367 6003113 11 1 55 13012
1 1.0427 1.134261 0.9473373 1 110.6996 1.643319 6002113 11 1 49.26736 1.702042 6002113 13 1 74 17608
1 0.1610681 0.04515641 0.4007308 1 38.94248 1.555208 6002113 13 1 4.959382 1.535948 6002113 11 1 74 17634
1 1.058012 1.115802 0.9930252 1 113.2772 1.647003 6002113 11 1 16.85684 1.709501 6002113 13 1 74 17675
1 0.665028 0.3662483 0.9755856 1 51.89156 1.648342 6002113 11 1 111.3168 1.247164 6002113 13 1 74 17738
1 0.3170899 0.1198369 0.6261138 1 35.97072 3.297276 6002113 13 0 9.234484 4.713381 6002113 11 1 78 18587
1 0.01649731 0.002495913 0.08064243 1 12.13001 1.431699 6002113 13 1 77.2402 1.587455 6002113 11 1 78 18596
1 1.053247 1.09991 0.9980844 1 66.3368 2.151432 6003113 13 0 956.4378 2.046556 6003113 11 1 78 18620
1 1.050919 0.8056091 1.198818 1 47.22869 1.457791 6003113 13 1 306.4245 2.078759 6003113 11 1 93 22286
1 1.143675 1.253919 1.033471 1 12.49992 1.595086 6002113 13 1 145.0688 1.442873 6002113 11 1 94 22329
1 1.034916 1.100018 0.9626585 1 3.949136 1.829414 6001113 11 1 7.398141 1.73975 6001113 13 1 94 22484
1 1.566869 2.206142 1.088645 1 25.75495 1.570409 6002113 13 1 73.74931 1.90625 6002113 11 1 103 24489
1 1.152501 1.258655 1.04415 1 22.55593 1.520308 6003113 13 0 3773.161 1.760344 6003113 11 1 103 24617
1 1.123647 1.241142 1.010512 1 98.14542 1.666251 6003113 13 1 81.50164 1.768964 6003113 11 1 104 24801
1 1.15499 1.021547 1.194574 1 227.8817 2.338854 6003113 11 1 77.57185 1.755343 6003113 13 1 104 24890
1 1.213336 1.227995 1.180605 1 26.24576 1.400452 6002113 13 1 25.35711 1.504481 6002113 11 1 104 24914
1 0.9138955 0.6245104 1.1333 1 5.872577 2.513039 6002113 11 1 43.23695 1.599593 6002113 13 1 119 28347
1 0.665028 0.3662483 0.9755856 1 109.8961 3.262395 6002113 11 1 39.92483 1.829628 6002113 13 1 119 28432
1 1.26516 1.422013 1.117256 1 101.9961 2.143094 6002113 11 1 38.66958 1.855039 6002113 13 1 119 28513
1 1.036252 1.095703 0.9699052 1 57.62545 1.382365 6002113 11 1 76.40656 1.431839 6002113 13 1 119 28533
1 1.062846 1.139449 0.9784784 0 613.9862 1.773174 6003113 11 1 193.6906 2.019321 6003113 13 1 120 28641
1 1.056557 1.108524 0.9965968 1 122.1122 1.343363 6002113 13 1 6.192631 2.001936 6002113 11 1 120 28725
1 0.3170899 0.1198369 0.6261138 1 77.70581 2.317915 6003113 11 1 162.6723 2.280928 6003113 13 1 133 31697
1 1.031225 1.102163 0.9526981 1 78.76333 1.789116 6003113 13 1 26.98116 3.153326 6003113 11 1 134 32055
1 1.314649 1.46568 1.173482 1 19.90587 1.602127 6002113 13 1 24.55435 2.476033 6002113 11 1 134 32078
1 1.099519 1.139476 1.051563 1 47.60328 2.132113 6002113 13 1 67.74986 1.803473 6002113 11 1 134 32148
1 1.063672 0.7860307 1.245813 1 162.0303 1.215151 6003113 11 1 78.83709 2.119235 6003113 13 1 135 32194
1 1.866054 2.331325 1.3979 1 71.11067 1.992478 6002113 13 1 10.67242 2.934167 6002113 11 1 135 32354
1 0.9517445 0.6636014 1.162862 1 69.26187 1.412283 6002113 13 1 19.3198 1.440886 6002113 11 1 136 32466
1 1.036252 1.095703 0.9699052 1 270.8439 2.56605 6003113 11 1 20.91141 2.675214 6003113 13 1 136 32575
1 1.145385 0.9245803 1.259718 1 120.7267 1.743544 6003113 11 1 41.04184 1.531765 6003113 13 1 136 32633
1 1.199428 1.046014 1.251733 1 45.72678 2.093628 6003113 13 1 248.4748 2.249564 6003113 11 1 145 34596
1 1.095596 1.133769 1.050051 1 90.36618 1.477303 6003113 13 1 376.1288 1.391161 6003113 11 1 146 34828
1 0.2208223 0.06788179 0.510611 1 1.457227 1.415105 6001113 11 1 21.86741 1.408783 6001113 13 1 146 34844
1 0.1793033 0.05184105 0.4351809 1 35.05911 1.759552 6002113 11 1 43.88152 2.236516 6002113 13 1 146 34876
1 1.192805 1.083559 1.213989 1 41.79594 3.900758 6002113 13 0 24.0577 5.012021 6002113 11 1 146 34887
1 0.003151584 0.0005086883 0.01887308 1 305.7725 2.075283 6003113 11 1 18.44989 3.482784 6003113 13 1 146 34991
1 1.167323 1.186361 1.134647 1 8.749347 1.293353 6001113 13 1 0.1091389 1.720054 6001113 11 1 155 37117
1 1.282494 1.437562 1.137462 1 1.084111 2.329622 6002113 11 1 14.86991 1.608915 6002113 13 1 155 37126
1 1.227292 1.202911 1.205555 1 336.024 1.535115 6003113 11 1 72.72428 1.541383 6003113 13 1 156 37273
1 1.191782 1.185832 1.16486 1 36.69121 1.735138 6002113 13 1 6.063514 1.345173 6002113 11 1 156 37311
1 1.035838 1.098122 0.9666125 1 13.91932 1.42982 6003113 11 1 87.18954 1.497301 6003113 13 1 157 37572
1 1.191782 1.185832 1.16486 0 23.32006 2.956963 6002113 11 1 14.13207 1.513095 6002113 13 1 157 37596
1 1.550791 1.753763 1.352368 1 94.97004 1.815391 6003113 13 1 26.736 4.34215 6003113 11 1 157 37634
1 0.789787 0.4650854 1.097808 1 216.4693 1.50776 6003113 11 1 42.39863 1.608897 6003113 13 1 158 37691
1 1.157728 1.196465 1.111764 1 57.94269 2.034706 6002113 11 1 20.00758 1.52437 6002113 13 1 158 37786
1 1.035838 1.098122 0.9666125 0 6.951198 3.151574 6002113 11 1 46.25756 1.623824 6002113 13 1 158 37824
1 0.02605346 0.004275305 0.110374 1 58.60605 1.598346 6002113 11 1 35.53806 1.322341 6002113 13 1 163 38993
1 0.7242169 1.085561 0.4754195 1 24.99993 1.659482 6002113 11 1 69.77198 1.32158 6002113 13 1 164 39311
1 1.199428 1.046014 1.251733 1 65.35519 1.891057 6002113 13 1 5.468075 1.413854 6002113 11 1 171 40999
1 1.225386 1.141194 1.230719 1 41.18105 1.762566 6002113 13 1 81.50222 2.120438 6002113 11 1 172 41045
1 0.9574994 0.6410515 1.205563 1 10.70876 1.801914 6003113 13 0 750.535 1.579053 6003113 11 1 172 41053
1 1.095596 1.133769 1.050051 1 15.28765 2.027892 6001113 13 1 1.083002 2.410155 6001113 11 1 172 41202
1 1.114777 0.884905 1.24054 1 39.1107 2.479475 6002113 13 1 1.751188 2.578115 6002113 11 1 172 41227
1 0.2208223 0.06788179 0.510611 1 93.58022 1.642326 6002113 13 1 23.34918 1.570631 6002113 11 1 173 41361
1 1.182032 1.113501 1.180358 1 43.00908 1.515171 6002113 13 1 26.50731 1.556673 6002113 11 1 173 41423
1 1.031225 1.102163 0.9526981 1 19.08348 1.617924 6002113 13 1 14.77411 2.264432 6002113 11 1 173 41520
1 1.152971 1.190243 1.109341 1 60.76758 2.399064 6002113 13 1 2.780262 1.97394 6002113 11 1 174 41533
1 1.191782 1.185832 1.16486 1 85.76533 1.51239 6003113 11 1 114.7924 2.126289 6003113 13 1 174 41697
1 1.282494 1.437562 1.137462 1 71.55124 1.708247 6003113 13 1 342.933 1.615 6003113 11 1 174 41721
1 0.9894024 0.7036328 1.19152 1 38.7164 1.396972 6003113 13 1 31.45914 1.461266 6003113 11 1 174 41732
1 1.182032 1.113501 1.180358 1 487.3057 1.635697 6003113 11 1 49.84893 1.540001 6003113 13 1 174 41752
1 0.3355998 0.123277 0.6770892 1 68.54751 1.501871 6002113 13 1 6.231862 1.808727 6002113 11 1 174 41755
1 0.3355998 0.123277 0.6770892 1 103.2875 1.391699 6003113 11 1 77.01896 1.496229 6003113 13 1 207 49615
1 0.9574994 0.6410515 1.205563 1 62.19055 2.659226 6002113 13 1 81.48112 1.440083 6002113 11 1 208 49907
1 1.213336 1.227995 1.180605 1 2.829036 1.401951 6003113 11 1 68.49028 1.417677 6003113 13 1 79 18722
1 0.1214868 0.03012302 0.3349064 1 80.48273 1.091016 6003113 11 1 107.7234 1.910039 6003113 13 1 79 18775
1 0.003659205 0.00058146 0.02178344 1 57.45627 1.434194 6003113 13 1 411.3055 1.670642 6003113 11 1 79 18806
1 1.062846 1.139449 0.9784784 1 23.01498 1.544779 6002113 13 1 13.65527 1.778842 6002113 11 1 79 18948
1 0.2304392 0.07526134 0.508429 1 13.00477 2.999133 6002113 11 1 34.69395 1.473151 6002113 13 1 80 19132
1 0.4903168 0.2233237 0.8385035 1 73.86019 1.997643 6003113 13 1 122.0902 1.537059 6003113 11 1 86 20488
1 1.057513 1.112379 0.9951048 0 1052.496 2.828055 6003113 11 1 68.22456 2.742884 6003113 13 1 87 20653
1 1.099696 0.9023142 1.195627 1 99.83331 1.685405 6003113 13 0 1261.504 1.781626 6003113 11 1 87 20655
1 1.058012 1.115802 0.9930252 1 22.49071 2.242215 6002113 11 1 36.66976 1.974102 6002113 13 1 107 25537
1 1.033406 1.101364 0.958024 1 4.540671 1.807098 6002113 11 1 24.34568 3.339757 6002113 13 1 107 25634
1 1.167323 1.186361 1.134647 1 12.54206 1.930334 6001113 13 1 20.77925 2.198261 6001113 11 1 108 25877
1 1.050919 0.8056091 1.198818 1 39.59142 1.310186 6002113 13 0 2.376588 1.822234 6002113 11 1 118 28306
1 1.053247 1.09991 0.9980844 1 48.70798 4.982484 6002113 13 1 14.88397 4.241035 6002113 11 1 129 30726
1 1.10316 1.145079 1.05266 1 10.61747 1.584123 6002113 11 1 108.3285 1.424701 6002113 13 1 129 30781
1 0.4094664 0.1680855 0.7591912 1 26.69446 1.692754 6002113 13 1 134.9878 1.533955 6002113 11 1 279 66768
1 1.095596 1.133769 1.050051 1 69.70914 2.397555 6002113 13 1 67.22178 4.252084 6002113 11 1 279 66819
1 0.7934737 0.4881172 1.065644 1 42.45413 3.892742 6002113 11 1 16.99367 1.470127 6002113 13 1 279 66902
1 1.083255 0.8452013 1.220206 1 90.86726 1.755802 6003113 13 1 104.8294 1.960055 6003113 11 1 280 67018
1 0.1610681 0.04515641 0.4007308 1 41.31104 2.079786 6002113 13 1 12.51227 1.321474 6002113 11 1 280 67023
1 1.152501 1.258655 1.04415 1 65.84415 1.530375 6002113 13 1 126.1386 1.398965 6002113 11 1 307 73443
1 1.106427 1.150534 1.053346 1 41.92797 1.478567 6003113 13 1 27.98254 1.905257 6003113 11 1 307 73466
1 1.053247 1.09991 0.9980844 0 337.2389 1.415351 6003113 11 1 76.45544 1.617867 6003113 13 1 307 73502
1 0.01045493 0.001554879 0.05437054 1 10.60942 1.804302 6001113 13 1 0.6858035 1.703442 6001113 11 1 307 73527
1 1.126364 0.9389989 1.211138 0 1020.45 2.881218 6003113 11 1 149.2356 1.695301 6003113 13 1 307 73638
1 1.575265 1.775696 1.383444 1 44.55042 2.107439 6002113 13 1 23.68978 3.417467 6002113 11 1 308 73688
1 1.147959 1.183877 1.106546 1 14.23255 1.311634 6002113 11 1 29.18981 1.307417 6002113 13 1 308 73713
1 1.017868 0.7662661 1.176325 1 22.25151 1.564383 6002113 11 1 28.11235 2.017398 6002113 13 1 308 73764
1 1.10316 1.145079 1.05266 1 219.449 3.412816 6003113 11 1 223.5886 2.056022 6003113 13 1 308 73768
1 1.063672 0.7860307 1.245813 0 21.38263 6.36046 6002113 11 1 53.65069 1.696499 6002113 13 1 308 73775
1 1.173319 1.196671 1.139395 1 57.70889 1.614645 6002113 13 1 85.80284 1.969943 6002113 11 1 308 73852
1 1.167323 1.186361 1.134647 1 2.581499 2.15527 6002113 11 1 68.43353 1.754924 6002113 13 1 308 73897
1 1.566869 2.206142 1.088645 1 6.567472 2.236265 6002113 11 1 19.4651 3.307954 6002113 13 1 349 83629
1 0.1014541 0.02299071 0.3029553 1 46.87991 1.429039 6002113 13 0 43.65828 1.50204 6002113 11 1 349 83692
1 0.7242169 1.085561 0.4754195 1 8.818124 1.686707 6002113 11 1 31.57099 1.645652 6002113 13 1 374 89570
1 0.1707681 0.04642279 0.4356818 0 65.87949 1.395994 6003113 11 1 180.4061 1.407978 6003113 13 1 384 92060
1 1.137649 1.170432 1.099925 1 135.4605 1.439703 6003113 11 1 28.75951 1.483425 6003113 13 1 384 92085
1 0.9517445 0.6636014 1.162862 1 167.8821 3.991659 6003113 11 1 46.19712 3.147489 6003113 13 1 384 92103
1 0.8200224 1.218482 0.5472287 1 64.47252 1.416491 6003113 13 0 592.3777 1.422501 6003113 11 1 27 6265
1 1.035838 1.098122 0.9666125 1 21.43069 1.681269 6002113 11 1 31.30236 1.709141 6002113 13 1 27 6412
1 1.524498 1.73059 1.317664 1 78.94297 1.554672 6002113 13 0 11.93657 1.638376 6002113 11 1 41 9756
1 1.199428 1.046014 1.251733 1 230.0151 2.064302 6003113 11 1 57.3178 1.601434 6003113 13 1 41 9766
1 0.2208223 0.06788179 0.510611 1 9.594755 7.21095 6002113 11 1 31.46644 1.557828 6002113 13 1 42 10034
1 1.10316 1.145079 1.05266 1 4.918568 2.681595 6002113 11 1 91.01392 1.942831 6002113 13 1 113 26929
1 1.058012 1.115802 0.9930252 1 21.01344 1.612052 6002113 11 1 18.13293 2.24833 6002113 13 1 113 26948
1 1.199428 1.046014 1.251733 1 115.2726 2.79394 6003113 11 1 60.41489 1.818269 6003113 13 1 113 26960
1 1.106427 1.150534 1.053346 1 10.00381 1.564726 6002113 11 1 36.2226 1.48949 6002113 13 1 114 27269
1 0.6998869 0.3767799 1.045889 1 7.534689 1.392668 6001113 13 0 0.04610044 1.825699 6001113 11 1 114 27283
1 0.9894024 0.7036328 1.19152 1 30.46074 1.999816 6002113 11 1 48.80547 8.731602 6002113 13 1 147 35122
1 1.063672 0.7860307 1.245813 0 719.4882 1.461811 6003113 11 1 60.2592 1.36598 6003113 13 1 147 35206
1 0.9894024 0.7036328 1.19152 1 53.06404 1.452544 6002113 13 1 52.02478 2.025445 6002113 11 1 177 42258
1 0.9574994 0.6410515 1.205563 1 0.3658981 1.427825 6001113 11 1 9.722158 1.407022 6001113 13 1 177 42298
1 1.114777 0.884905 1.24054 1 96.81005 1.501348 6002113 13 1 59.2862 1.499087 6002113 11 1 177 42418
1 1.227292 1.202911 1.205555 1 129.5774 1.431826 6002113 13 1 87.44428 2.399944 6002113 11 1 177 42424
1 1.026751 0.7444853 1.219196 1 71.2508 2.040047 6002113 11 1 24.64045 1.647349 6002113 13 1 177 42433
1 1.191782 1.185832 1.16486 1 116.8693 1.776432 6003113 13 0 278.9503 3.838472 6003113 11 1 178 42495
1 0.0400028 0.006971349 0.1567229 1 58.57215 1.681059 6002113 13 1 6.615454 3.124849 6002113 11 1 178 42706
1 1.645109 2.1548 1.183545 1 6.875833 1.371207 6001113 11 1 8.377723 1.53093 6001113 13 1 179 42728
1 1.0427 1.134261 0.9473373 1 32.04573 2.889131 6002113 13 1 5.141275 2.610657 6002113 11 1 179 42733
1 1.036252 1.095703 0.9699052 1 120.5871 1.543557 6003113 13 0 527.4117 1.395584 6003113 11 1 179 42936
1 1.142868 1.177299 1.103399 1 35.23975 5.216674 6002113 11 1 62.06916 2.878286 6002113 13 1 180 43125
1 1.152501 1.258655 1.04415 1 0.09249126 3.104882 6003113 11 1 74.43193 3.002968 6003113 13 1 180 43129
1 0.6571895 0.3457574 1.000641 1 283.8135 3.292733 6003113 11 1 115.1566 1.78931 6003113 13 1 193 46171
1 1.167323 1.186361 1.134647 1 49.04821 1.522004 6002113 13 1 27.99949 1.464336 6002113 11 1 193 46283
1 1.143675 1.253919 1.033471 1 13.39281 1.447471 6002113 11 1 25.60785 1.699747 6002113 13 1 203 48677
1 1.034916 1.100018 0.9626585 1 103.3014 1.476582 6002113 13 1 28.44971 1.39095 6002113 11 1 204 48734
1 1.059052 1.139164 0.9715886 1 5.534182 1.510509 6002113 11 1 62.37919 1.567073 6002113 13 1 204 48789
1 0.747205 0.4303799 1.057145 1 190.3893 2.391919 6003113 11 1 65.85916 1.595383 6003113 13 1 204 48924
1 0.6235333 0.981489 0.3895437 1 79.21482 1.427011 6003113 11 1 77.73929 1.388536 6003113 13 1 204 48926
1 1.059052 1.139164 0.9715886 1 159.6406 2.088164 6003113 13 1 406.272 1.529784 6003113 11 1 249 59596
1 1.524498 1.73059 1.317664 1 52.36589 1.601172 6002113 11 1 77.18317 1.698328 6002113 13 1 249 59600
1 0.4355545 0.9923941 0.2025623 1 25.41884 1.450107 6002113 13 1 19.52826 1.364829 6002113 11 1 249 59621
1 1.75908 2.248522 1.290011 1 528.1923 1.587686 6003113 11 1 113.4435 1.637968 6003113 13 1 249 59629
1 1.812285 2.096335 1.505211 1 193.4659 1.951026 6003113 11 1 22.73433 1.603969 6003113 13 1 249 59702
1 1.112575 1.233052 0.9981722 0 36.50359 3.462319 6002113 11 1 18.88559 1.927201 6002113 13 1 249 59741
1 0.5675248 0.271593 0.9330701 1 14.70575 1.465605 6002113 11 1 65.22324 1.524248 6002113 13 1 250 59861
1 1.157728 1.196465 1.111764 1 102.6098 2.686121 6002113 13 0 0.2636173 7.376102 6002113 11 1 250 59924
1 1.179161 1.206147 1.144075 1 99.90726 1.556722 6002113 11 1 23.26556 2.896082 6002113 13 1 295 70565
1 1.152501 1.258655 1.04415 1 34.98463 2.273783 6002113 11 1 69.09674 2.894092 6002113 13 1 295 70681
1 0.7268606 1.122648 0.4611204 1 66.81942 2.030943 6002113 11 1 34.94352 1.331347 6002113 13 1 295 70729
1 1.157728 1.196465 1.111764 1 158.8931 1.730901 6003113 13 1 324.8063 1.521502 6003113 11 1 295 70753
1 1.151918 0.9752633 1.225726 1 150.2186 1.719381 6002113 13 1 23.84958 3.014656 6002113 11 1 295 70774
1 0.02402195 0.003812468 0.1069883 1 101.0707 2.082242 6002113 13 1 39.2249 1.412766 6002113 11 1 305 73000
1 1.167323 1.186361 1.134647 1 136.4888 1.609106 6003113 13 1 58.01968 1.50586 6003113 11 1 305 73073
1 0.9219857 1.364073 0.6240806 1 67.92542 1.339605 6003113 13 1 607.2656 1.795493 6003113 11 1 305 73189
1 0.6571895 0.3457574 1.000641 1 60.56579 1.381065 6003113 11 1 53.08849 1.48315 6003113 13 1 306 73252
1 0.004946925 0.0007649757 0.02896901 1 21.67257 2.130481 6002113 11 1 25.68176 1.412045 6002113 13 1 306 73347
1 0.2443026 0.07741789 0.5517042 1 28.66408 1.508185 6002113 13 1 11.29179 1.496586 6002113 11 1 351 84104
1 0.2443026 0.07741789 0.5517042 1 91.37801 1.425697 6002113 13 1 52.37082 1.495775 6002113 11 1 351 84199
1 0.9574994 0.6410515 1.205563 1 68.36198 1.444639 6003113 13 0 632.3986 1.432831 6003113 11 1 351 84208
1 0.4445066 0.7265916 0.2710897 1 38.09027 1.764185 6002113 11 1 40.47324 3.04287 6002113 13 1 352 84250
1 1.183608 1.169262 1.159476 1 81.42176 1.357056 6002113 13 1 11.56812 1.739237 6002113 11 1 407 97514
1 1.329532 1.478061 1.189894 1 0.7943981 2.053816 6002113 11 1 45.74158 1.557003 6002113 13 1 407 97575
1 1.314649 1.46568 1.173482 1 46.61149 2.421344 6002113 13 1 24.28587 1.525222 6002113 11 1 408 97684
1 1.405111 1.934095 0.9833891 1 52.18141 1.53369 6002113 13 1 68.437 1.647756 6002113 11 1 408 97818
1 0.3170899 0.1198369 0.6261138 0 6.487307 2.14187 6002113 11 1 19.70769 1.481176 6002113 13 1 33 7712
1 0.5380682 0.2637946 0.8676014 1 81.94725 1.736611 6002113 13 1 30.03895 1.493158 6002113 11 1 33 7746
1 1.550791 1.753763 1.352368 1 91.18993 1.442233 6002113 11 1 32.54471 1.43045 6002113 13 1 34 8062
1 0.1014541 0.02299071 0.3029553 1 47.72276 2.694965 6003113 13 0 1156.578 1.659391 6003113 11 1 124 29623
1 1.057513 1.112379 0.9951048 1 9.40185 1.257499 6001113 13 1 1.502729 3.560951 6001113 11 1 124 29648
1 1.123647 1.241142 1.010512 1 14.24284 1.711519 6002113 13 1 22.31702 1.463381 6002113 11 1 124 29675
1 0.7934737 0.4881172 1.065644 0 11.83703 2.899629 6002113 11 1 25.51979 1.780648 6002113 13 1 124 29701
1 1.03119 1.524041 0.7057037 1 3.492355 1.935987 6002113 11 1 35.07977 1.244615 6002113 13 1 124 29747
1 1.031225 1.102163 0.9526981 1 18.38557 1.442294 6002113 13 1 9.388477 1.370584 6002113 11 1 124 29760
1 0.04601344 0.008200601 0.1755223 1 35.16881 1.729926 6002113 13 1 3.813674 2.019534 6002113 11 1 127 30245
1 1.054444 1.13827 0.9640688 0 192.6188 1.532546 6003113 11 1 23.45859 1.411843 6003113 13 1 127 30270
1 1.123647 1.241142 1.010512 1 63.24057 1.409805 6002113 11 1 40.79836 1.592829 6002113 13 1 127 30387
1 0.4094664 0.1680855 0.7591912 1 71.30124 1.982935 6002113 13 0 40.06833 1.817708 6002113 11 1 127 30396
1 0.5762256 0.2893137 0.9113798 1 20.42483 4.099568 6002113 11 1 67.82688 1.75853 6002113 13 1 127 30457
1 1.114777 0.884905 1.24054 1 41.82898 1.337702 6002113 11 1 46.59029 1.486497 6002113 13 1 128 30581
1 1.191782 1.185832 1.16486 1 42.61586 1.534554 6002113 13 1 34.23815 1.834988 6002113 11 1 128 30694
1 1.109295 1.155893 1.053631 1 28.99676 1.411686 6003113 11 1 98.40296 2.354397 6003113 13 1 336 80565
1 1.42456 2.044705 0.9864829 0 418.1697 7.177823 6003113 11 1 202.3097 4.125033 6003113 13 1 339 81238
1 0.1793033 0.05184105 0.4351809 1 72.96984 1.482268 6003113 13 0 1447.893 1.64324 6003113 11 1 339 81262
1 1.26516 1.422013 1.117256 1 111.1773 1.477225 6003113 13 0 654.523 1.629175 6003113 11 1 339 81288
1 1.017868 0.7662661 1.176325 1 58.46817 1.979362 6002113 13 1 15.70253 1.506666 6002113 11 1 339 81309
1 1.137649 1.170432 1.099925 1 18.67643 1.412013 6002113 13 1 0.4812882 1.416815 6002113 11 1 339 81353
1 0.1991887 0.05938704 0.4717879 1 50.72136 1.677113 6002113 13 1 2.351454 2.24369 6002113 11 1 339 81357
1 0.04601344 0.008200601 0.1755223 1 137.0505 1.476431 6002113 13 1 122.4393 1.689895 6002113 11 1 340 81525
1 1.191782 1.185832 1.16486 1 39.08332 1.408171 6002113 13 1 36.65031 1.519047 6002113 11 1 381 91339
1 1.524498 1.73059 1.317664 1 8.931441 1.418392 6002113 11 1 21.96936 1.759654 6002113 13 1 381 91363
1 1.209625 1.112975 1.222657 1 0.6972257 2.460927 6001113 11 1 14.42144 1.564089 6001113 13 1 381 91430
1 1.1849 1.214892 1.148506 1 27.09234 1.344684 6002113 11 1 16.93476 2.562707 6002113 13 1 382 91587
1 1.147959 1.183877 1.106546 1 89.50378 1.745607 6003113 11 1 43.70625 1.783515 6003113 13 1 415 99396
1 1.566869 2.206142 1.088645 1 37.55507 1.363995 6002113 11 1 39.94956 1.440357 6002113 13 1 415 99435
1 1.705086 2.017803 1.363962 1 46.36079 1.414948 6002113 13 1 30.04708 1.465982 6002113 11 1 415 99479
1 1.329532 1.478061 1.189894 1 16.57643 1.555594 6002113 11 1 63.63173 1.478118 6002113 13 1 415 99582
1 1.405111 1.934095 0.9833891 1 202.7097 2.052246 6003113 13 0 1152.212 1.658848 6003113 11 1 416 99632
1 1.282494 1.437562 1.137462 1 47.8714 1.437007 6002113 11 1 95.34499 1.415946 6002113 13 1 416 99709
1 1.054444 1.13827 0.9640688 1 185.6043 1.981576 6003113 11 1 133.3901 1.74622 6003113 13 1 416 99743
1 0.7242169 1.085561 0.4754195 1 61.93518 1.471275 6002113 13 1 56.13485 1.39846 6002113 11 1 416 99773
1 0.6998869 0.3767799 1.045889 1 66.73923 1.724572 6003113 13 1 250.3356 1.572137 6003113 11 1 416 99834
1 1.031225 1.102163 0.9526981 1 39.17904 1.404434 6002113 13 1 4.244264 1.415908 6002113 11 1 9 2013
1 1.109295 1.155893 1.053631 1 13.86595 1.533281 6001113 13 0 0.6402822 2.934635 6001113 11 1 165 39560
1 1.137649 1.170432 1.099925 1 33.6807 1.936698 6002113 13 1 13.81752 1.293623 6002113 11 1 165 39600
1 1.112575 1.233052 0.9981722 1 73.6076 1.355358 6002113 13 1 8.086478 1.484826 6002113 11 1 166 39754
1 1.112575 1.233052 0.9981722 1 9.403553 1.504662 6002113 11 1 37.51088 1.752936 6002113 13 1 189 45160
1 1.152501 1.258655 1.04415 1 80.92072 1.594562 6002113 11 1 18.41389 1.751999 6002113 13 1 189 45255
1 1.20651 1.16088 1.193521 1 6.677069 2.172124 6002113 11 1 24.6543 1.581182 6002113 13 1 189 45263
1 1.705086 2.017803 1.363962 0 3.885757 1.969115 6002113 11 1 29.16619 1.481945 6002113 13 1 189 45323
1 0.1793033 0.05184105 0.4351809 1 25.13219 2.417742 6002113 11 1 33.86499 1.57941 6002113 13 1 190 45383
1 1.157728 1.196465 1.111764 1 38.28055 1.689029 6002113 11 1 49.74107 1.509228 6002113 13 1 190 45454
1 0.789787 0.4650854 1.097808 1 99.26999 1.411752 6002113 11 1 81.21478 1.419773 6002113 13 1 195 46603
1 0.6571895 0.3457574 1.000641 0 608.2118 2.297112 6003113 11 1 314.0129 1.5982 6003113 13 1 195 46782
1 1.099696 0.9023142 1.195627 1 105.0381 1.419414 6002113 13 1 7.25972 1.644788 6002113 11 1 196 46809
1 1.026751 0.7444853 1.219196 1 153.7602 1.6302 6003113 13 1 668.498 2.48188 6003113 11 1 196 47017
1 0.6342273 1.05356 0.3835326 1 32.85891 1.476972 6002113 13 1 2.112157 1.480188 6002113 11 1 213 51071
1 1.057513 1.112379 0.9951048 1 40.4891 2.490206 6002113 13 1 67.62751 1.610036 6002113 11 1 215 51379
1 1.182032 1.113501 1.180358 1 87.39843 1.609856 6002113 13 0 34.2073 1.198019 6002113 11 1 216 51785
1 1.143675 1.253919 1.033471 1 298.7876 1.990232 6003113 11 0 169.825 2.21766 6003113 13 1 225 53949
1 1.524498 1.73059 1.317664 1 51.8352 1.55566 6002113 13 1 149.9602 1.528091 6002113 11 1 225 53953
1 1.059052 1.139164 0.9715886 1 81.95753 1.493449 6002113 13 1 25.23086 1.403915 6002113 11 1 226 54041
1 1.057513 1.112379 0.9951048 1 80.29266 1.895746 6002113 11 1 19.13603 1.796572 6002113 13 1 226 54164
1 0.06958118 0.01446482 0.2254303 1 31.26463 1.472247 6002113 13 1 8.896802 1.465643 6002113 11 1 226 54236
1 1.192805 1.083559 1.213989 1 47.78401 1.520989 6002113 11 1 17.7985 1.469959 6002113 13 1 237 56659
1 1.048997 1.136673 0.9559695 1 28.63272 1.936622 6002113 13 1 8.221522 1.442517 6002113 11 1 237 56698
1 0.5675248 0.271593 0.9330701 1 31.09381 1.552735 6003113 13 1 250.7338 1.90493 6003113 11 1 238 56943
1 1.048836 1.548763 0.7254791 1 36.01596 1.328863 6002113 13 1 6.276464 1.626208 6002113 11 1 238 57062
1 1.524498 1.73059 1.317664 1 10.45543 1.454899 6002113 11 1 94.04846 1.464302 6002113 13 1 269 64332
1 0.3459568 0.1344595 0.6687537 1 15.2323 1.757408 6002113 13 1 28.45104 2.469208 6002113 11 1 269 64476
1 1.062846 1.139449 0.9784784 1 48.16175 1.694953 6003113 13 0 713.5054 1.477511 6003113 11 1 269 64489
1 1.050919 0.8056091 1.198818 1 51.60718 1.358806 6002113 11 1 31.75319 1.489447 6002113 13 1 270 64607
1 1.152971 1.190243 1.109341 1 40.74607 1.353962 6002113 11 1 54.00643 2.031545 6002113 13 1 270 64637
1 1.126364 0.9389989 1.211138 1 37.0843 2.368892 6002113 11 1 39.59364 1.649613 6002113 13 1 270 64736
1 1.059052 1.139164 0.9715886 0 888.22 1.403448 6003113 11 1 77.49383 1.529142 6003113 13 1 270 64764
1 1.062846 1.139449 0.9784784 1 11.4674 1.227295 6002113 11 1 53.1529 1.908291 6002113 13 1 277 66304
1 1.099519 1.139476 1.051563 1 0.09937219 1.676494 6001113 11 1 7.761064 1.462729 6001113 13 1 7 1590
1 1.035838 1.098122 0.9666125 1 45.7363 1.664396 6002113 13 1 80.5223 1.466084 6002113 11 1 7 1594
1 1.048997 1.136673 0.9559695 0 0.875706 2.812942 6002113 11 1 31.36804 1.422439 6002113 13 1 7 1675
1 1.227292 1.202911 1.205555 1 12.79578 1.354644 6002113 11 1 86.81522 1.935876 6002113 13 1 8 1718
1 1.866054 2.331325 1.3979 1 14.86615 1.458619 6002113 11 1 59.7548 1.436124 6002113 13 1 8 1866
1 1.112575 1.233052 0.9981722 1 33.35584 1.981338 6002113 13 1 8.249217 3.466377 6002113 11 1 13 2925
1 1.054444 1.13827 0.9640688 1 21.85967 2.230751 6002113 11 1 39.20718 1.841449 6002113 13 1 13 2975
1 1.099696 0.9023142 1.195627 0 25.31721 2.199779 6002113 11 1 80.68751 1.41811 6002113 13 1 13 3078
1 0.1610681 0.04515641 0.4007308 1 63.707 2.074564 6002113 11 1 25.44502 1.5575 6002113 13 1 14 3245
1 1.036252 1.095703 0.9699052 1 5.38761 2.091823 6002113 11 1 14.50295 1.332097 6002113 13 1 14 3258
1 0.2878669 0.552692 0.143025 1 75.40821 1.393667 6002113 11 1 97.77575 2.186642 6002113 13 1 14 3275
1 0.665028 0.3662483 0.9755856 1 105.7687 1.453862 6002113 11 1 16.30743 1.350538 6002113 13 1 14 3293
1 0.02782141 0.00448657 0.1208789 1 118.8688 1.721234 6003113 13 1 403.4221 2.404717 6003113 11 1 19 4365
1 1.10316 1.145079 1.05266 1 70.34109 1.415969 6002113 13 1 3.127886 1.387211 6002113 11 1 19 4498
1 1.099696 0.9023142 1.195627 1 37.61481 2.212558 6002113 13 0 6.570099 1.496851 6002113 11 1 19 4539
1 1.059052 1.139164 0.9715886 1 144.5361 2.339269 6003113 11 1 72.63519 1.275663 6003113 13 1 19 4542
1 1.405111 1.934095 0.9833891 1 29.26492 2.112064 6002113 13 1 74.6722 2.201318 6002113 11 1 20 4589
1 1.036252 1.095703 0.9699052 1 41.88747 2.794454 6002113 11 1 26.81384 1.766725 6002113 13 1 20 4766
1 1.194803 1.137859 1.187115 0 79.06683 5.295036 6002113 11 1 57.00814 2.020422 6002113 13 1 47 11128
1 0.5179346 0.9281273 0.2807825 1 40.71583 1.51626 6002113 13 1 14.72375 1.751597 6002113 11 1 47 11151
1 1.173319 1.196671 1.139395 1 51.10122 1.669062 6002113 11 1 73.33307 1.746447 6002113 13 1 47 11265
1 1.142868 1.177299 1.103399 1 29.232 1.503455 6002113 13 1 11.86768 1.342001 6002113 11 1 48 11289
1 1.314649 1.46568 1.173482 1 70.01454 2.614132 6003113 13 0 32.71175 3.829702 6003113 11 1 48 11351
1 1.137649 1.170432 1.099925 1 52.94645 2.121665 6003113 13 1 208.4841 4.821942 6003113 11 1 48 11432
1 1.192805 1.083559 1.213989 1 36.23443 1.54197 6003113 13 0 994.8683 1.42332 6003113 11 1 68 16123
1 1.056557 1.108524 0.9965968 1 26.71334 1.469124 6002113 11 1 51.23606 1.584241 6002113 13 1 99 23542
1 1.151918 0.9752633 1.225726 1 70.65102 3.071406 6002113 13 1 41.12373 1.504613 6002113 11 1 99 23577
1 0.04323696 0.007888732 0.160549 1 16.30791 2.651068 6002113 11 1 31.2419 1.550946 6002113 13 1 99 23646
1 1.106427 1.150534 1.053346 1 60.51506 1.441474 6003113 13 0 883.2114 1.573223 6003113 11 1 99 23745
1 1.055133 1.104334 0.9975671 1 30.24776 1.683681 6003113 11 1 149.6979 1.4577 6003113 13 1 100 23948
1 1.217313 1.182622 1.199648 1 6.723697 2.093204 6002113 11 1 20.25049 1.437027 6002113 13 1 115 27495
1 1.050919 0.8056091 1.198818 1 70.77661 2.133337 6002113 11 1 26.96132 2.191383 6002113 13 1 116 27606
1 1.550791 1.753763 1.352368 1 89.87214 1.421666 6002113 11 0 56.1025 1.484493 6002113 13 1 116 27685
1 1.282494 1.437562 1.137462 1 55.47372 1.231222 6003113 13 1 175.5284 1.993224 6003113 11 1 116 27795
1 1.194803 1.137859 1.187115 0 17.01445 2.768278 6002113 11 1 82.65279 1.750778 6002113 13 1 186 44506
1 1.20651 1.16088 1.193521 1 30.14952 2.180041 6002113 13 1 74.3061 2.404629 6002113 11 1 186 44636
1 1.190567 1.223018 1.152597 1 38.1339 1.180426 6002113 11 1 29.67271 2.570852 6002113 13 1 247 59160
1 1.054444 1.13827 0.9640688 1 75.49888 1.519836 6002113 13 1 61.25029 2.844105 6002113 11 1 248 59368
1 1.289688 1.878288 0.892531 1 111.5929 1.677624 6003113 13 1 90.27271 2.060827 6003113 11 1 253 60592
1 0.07905591 0.01690496 0.2492307 0 88.14851 4.74815 6003113 11 1 27.60506 1.705946 6003113 13 1 254 60935
1 0.07905591 0.01690496 0.2492307 1 13.29806 1.436686 6002113 11 1 56.46154 1.387366 6002113 13 1 265 63371
1 1.329532 1.478061 1.189894 0 273.8332 5.918525 6003113 11 1 20.78537 2.284653 6003113 13 1 265 63549
1 1.213336 1.227995 1.180605 1 67.70521 1.498585 6002113 13 1 64.14252 1.469825 6002113 11 1 266 63650
1 1.705086 2.017803 1.363962 1 48.29326 1.980561 6002113 13 1 59.6047 1.280743 6002113 11 1 266 63655
1 1.173319 1.196671 1.139395 0 686.2776 2.029915 6003113 11 1 54.07856 1.829374 6003113 13 1 266 63676
1 0.3064061 0.1093534 0.631845 1 33.07417 1.79838 6002113 13 1 19.8267 1.437866 6002113 11 1 266 63764
1 1.033406 1.101364 0.958024 1 39.9643 2.515585 6002113 13 1 30.36363 1.559888 6002113 11 1 266 63818
1 1.059052 1.139164 0.9715886 1 54.44765 1.463159 6002113 13 1 44.37224 2.186872 6002113 11 1 282 67453
1 1.26516 1.422013 1.117256 1 2.41334 2.124421 6002113 11 1 55.553 1.169281 6002113 13 1 282 67461
1 1.123647 1.241142 1.010512 1 5.693783 3.918472 6002113 11 1 28.35392 2.803457 6002113 13 1 282 67513
1 1.524498 1.73059 1.317664 1 314.563 1.283097 6003113 11 1 184.5789 1.519413 6003113 13 1 311 74446
1 1.1849 1.214892 1.148506 1 43.50781 1.531688 6002113 13 1 29.67468 1.81031 6002113 11 1 311 74531
1 1.058012 1.115802 0.9930252 1 34.94585 2.101136 6002113 13 1 22.57235 2.081149 6002113 11 1 312 74684
1 1.213336 1.227995 1.180605 1 24.05947 2.502192 6002113 13 1 80.42208 1.951286 6002113 11 1 312 74737
1 0.08964617 0.01972916 0.2750357 1 59.58117 1.97428 6003113 13 1 104.534 1.322878 6003113 11 1 355 85147
1 1.866054 2.331325 1.3979 1 125.0475 2.473928 6003113 11 1 141.6843 2.54741 6003113 13 1 356 85224
1 1.329532 1.478061 1.189894 1 29.89788 1.500566 6002113 11 1 52.59067 1.599008 6002113 13 1 356 85295
1 0.04601344 0.008200601 0.1755223 1 12.16794 3.488245 6002113 11 1 22.79017 1.584356 6002113 13 1 356 85353
1 1.106427 1.150534 1.053346 1 42.46627 2.273726 6002113 13 1 26.35105 1.824894 6002113 11 1 356 85382
1 1.190567 1.223018 1.152597 1 35.73413 1.427185 6002113 13 1 2.36993 1.880941 6002113 11 1 356 85407
1 1.050919 0.8056091 1.198818 0 97.41576 2.083659 6003113 13 0 357.3879 1.124268 6003113 11 1 375 89883
1 0.04957241 0.009268439 0.1791508 1 1.754798 1.448778 6002113 11 1 56.147 1.796243 6002113 13 1 375 89996
1 1.176288 1.010978 1.239274 1 22.10848 2.37945 6002113 13 1 17.18198 3.051901 6002113 11 1 376 90036
1 1.059052 1.139164 0.9715886 1 62.25063 1.565465 6002113 13 1 70.31432 1.933216 6002113 11 1 376 90083
1 1.199401 1.201198 1.170168 1 7.640039 2.670767 6002113 11 1 13.81838 1.932213 6002113 13 1 376 90114
1 0.8748782 0.5617447 1.136825 1 129.4413 1.585115 6003113 11 1 19.35316 1.44023 6003113 13 1 376 90115
1 1.206555 1.21522 1.17542 1 76.34413 1.52041 6003113 13 1 22.26915 3.540396 6003113 11 1 401 96094
1 1.142868 1.177299 1.103399 1 7.797084 1.955342 6002113 11 1 60.85656 1.694588 6002113 13 1 401 96101
1 1.10316 1.145079 1.05266 1 7.604202 2.239438 6002113 13 0 18.26217 1.729575 6002113 11 1 401 96150
1 1.641128 1.972201 1.285192 0 978.5212 1.497633 6003113 11 1 69.2056 1.538647 6003113 13 1 401 96211
1 1.206555 1.21522 1.17542 0 517.9371 1.409616 6003113 11 1 21.61558 1.396768 6003113 13 1 402 96323
1 1.095596 1.133769 1.050051 1 31.60368 1.753363 6002113 13 1 29.44846 1.410893 6002113 11 1 402 96349
1 0.8748782 0.5617447 1.136825 1 37.20219 1.59189 6002113 13 1 17.99183 1.843813 6002113 11 1 402 96378
1 1.190567 1.223018 1.152597 0 1157.483 1.533089 6003113 11 1 35.65089 1.400826 6003113 13 1 402 96432
1 1.164201 1.711426 0.8059074 1 40.27905 1.532481 6002113 13 0 27.87457 1.530784 6002113 11 1 402 96450
1 1.524498 1.73059 1.317664 1 27.44946 1.798332 6002113 11 1 71.4433 1.693506 6002113 13 1 43 10176
1 0.9138955 0.6245104 1.1333 1 35.94783 2.045345 6002113 13 1 2.829132 1.76675 6002113 11 1 43 10195
1 0.7055845 0.3974356 1.016366 1 55.75943 1.555894 6002113 13 1 27.38932 1.574314 6002113 11 1 44 10325
1 1.134034 1.248093 1.022271 1 47.80383 1.404836 6002113 13 1 3.497295 1.433252 6002113 11 1 44 10402
1 1.761918 2.058838 1.43754 1 85.71151 1.911545 6002113 13 1 31.17773 1.455516 6002113 11 1 44 10477
1 0.4205023 0.1819855 0.7484848 0 1.27798 1.616693 6001113 11 1 5.755756 1.613384 6001113 13 1 51 12129
1 1.314649 1.46568 1.173482 1 24.95596 2.510753 6002113 13 1 67.80087 3.28646 6002113 11 1 51 12200
1 1.062846 1.139449 0.9784784 1 7.147193 1.407446 6002113 13 1 58.40898 2.069326 6002113 11 1 52 12317
1 1.174602 1.053046 1.204645 1 79.68092 1.459274 6003113 13 1 450.0521 1.443862 6003113 11 1 52 12472
1 1.179161 1.206147 1.144075 1 25.86723 1.655633 6002113 13 1 22.98121 2.229124 6002113 11 1 59 13994
1 1.152971 1.190243 1.109341 1 101.2863 1.36678 6003113 13 1 126.3495 1.444664 6003113 11 1 60 14178
1 1.1849 1.214892 1.148506 1 157.1623 1.416441 6003113 13 1 303.4289 1.962261 6003113 11 1 60 14210
1 1.182032 1.113501 1.180358 1 15.52135 2.000887 6002113 13 1 56.83823 1.766389 6002113 11 1 60 14255
1 1.035838 1.098122 0.9666125 1 85.77439 1.613985 6003113 13 1 174.6122 1.44448 6003113 11 1 64 15167
1 1.314649 1.46568 1.173482 1 13.39657 1.609876 6002113 11 1 37.64911 1.450648 6002113 13 1 64 15187
1 1.194803 1.137859 1.187115 1 84.77896 2.128342 6003113 13 1 612.6292 2.64621 6003113 11 1 64 15256
1 0.8339615 0.5241884 1.101491 1 22.04117 2.208246 6002113 11 1 30.28787 2.273346 6002113 13 1 75 17805
1 1.017868 0.7662661 1.176325 1 36.81178 2.73348 6002113 13 1 103.7513 7.239484 6002113 11 1 75 17894
1 0.3767309 0.1505117 0.7131262 1 45.60637 3.658219 6003113 11 1 101.5092 2.13533 6003113 13 1 76 18012
1 1.641128 1.972201 1.285192 1 14.92583 4.043717 6002113 13 1 49.43758 1.988618 6002113 11 1 76 18014
1 1.057513 1.112379 0.9951048 1 72.46702 1.658974 6002113 11 1 120.3179 1.549898 6002113 13 1 76 18122
1 1.199428 1.046014 1.251733 1 46.13915 2.232041 6002113 13 1 45.60962 1.451142 6002113 11 1 141 33667
1 1.137649 1.170432 1.099925 1 54.39634 1.445334 6002113 13 1 3.991675 3.646867 6002113 11 1 141 33823
1 1.057513 1.112379 0.9951048 1 19.37645 1.809547 6002113 11 1 50.15721 1.51141 6002113 13 1 142 33858
1 0.4269872 0.7264097 0.2541938 1 20.93891 1.705559 6003113 13 0 1354.099 2.541324 6003113 11 1 142 33876
1 0.5279956 0.2465533 0.8852676 1 10.08009 1.392987 6002113 11 1 46.8614 2.395735 6002113 13 1 142 33885
1 0.7055845 0.3974356 1.016366 1 10.25133 1.503386 6002113 13 1 67.33334 1.399825 6002113 11 1 142 33900
1 1.329532 1.478061 1.189894 1 16.3927 2.585276 6002113 11 1 44.51775 1.61838 6002113 13 1 142 33989
1 0.3355998 0.123277 0.6770892 1 10.96941 2.414548 6002113 11 1 24.29873 1.558487 6002113 13 1 181 43393
1 0.9574994 0.6410515 1.205563 1 109.5771 1.838784 6003113 13 1 112.4642 1.607053 6003113 11 1 182 43472
1 1.206555 1.21522 1.17542 1 53.20705 1.389385 6002113 11 1 15.34748 2.158994 6002113 13 1 182 43511
1 1.217313 1.182622 1.199648 1 178.638 2.984951 6003113 13 0 111.2317 8.913195 6003113 11 1 182 43554
1 1.314649 1.46568 1.173482 1 62.65552 3.25559 6003113 13 0 112.9039 1.932278 6003113 11 1 182 43574
1 1.182032 1.113501 1.180358 1 16.41911 1.471781 6002113 11 1 73.56917 1.822622 6002113 13 1 182 43638
1 1.137649 1.170432 1.099925 1 73.39053 1.674237 6003113 11 1 21.21416 2.316818 6003113 13 1 182 43649
1 1.147959 1.183877 1.106546 1 64.51397 1.473917 6002113 13 1 23.33312 1.584255 6002113 11 1 184 43931
1 0.7242169 1.085561 0.4754195 1 120.5878 1.428072 6002113 13 1 60.59071 2.61263 6002113 11 1 184 43954
1 1.314649 1.46568 1.173482 1 13.50998 2.394089 6002113 11 1 34.94701 1.619789 6002113 13 1 184 44032
1 1.031225 1.102163 0.9526981 1 22.33927 3.155526 6002113 11 1 76.07433 3.966792 6002113 13 1 184 44059
1 1.42456 2.044705 0.9864829 0 54.85614 1.509305 6002113 11 1 13.12189 1.328506 6002113 13 1 184 44109
1 0.6998869 0.3767799 1.045889 1 0.209633 1.569349 6002113 11 1 44.96153 1.622016 6002113 13 1 217 52027
1 1.524498 1.73059 1.317664 1 23.01253 1.497692 6002113 13 0 62.78151 1.499168 6002113 11 1 217 52030
1 1.1849 1.214892 1.148506 1 190.3773 1.860763 6003113 13 0 882.7107 1.293035 6003113 11 1 217 52032
1 1.49586 1.706142 1.278772 1 68.1868 1.888525 6002113 11 1 32.67219 1.694382 6002113 13 1 218 52249
1 1.147959 1.183877 1.106546 1 15.70865 2.114241 6002113 13 1 110.9075 1.456989 6002113 11 1 267 63868
1 1.209625 1.112975 1.222657 1 145.171 2.317686 6002113 11 1 47.80009 2.229311 6002113 13 1 268 64106
1 1.053247 1.09991 0.9980844 1 27.08508 1.556095 6003113 13 0 73.90718 2.188246 6003113 11 1 268 64138
1 1.329532 1.478061 1.189894 1 217.4738 1.808098 6003113 11 1 135.0063 1.503412 6003113 13 1 268 64144
1 0.9160994 0.6007248 1.171549 1 10.431 2.568277 6002113 13 1 31.45081 1.497814 6002113 11 1 268 64289
1 1.035838 1.098122 0.9666125 1 6.279987 1.594986 6001113 13 1 0.7349457 1.461467 6001113 11 1 287 68689
1 0.01045493 0.001554879 0.05437054 1 8.630854 1.53576 6002113 11 1 28.0021 1.507364 6002113 13 1 287 68711
1 1.199401 1.201198 1.170168 1 4.099252 1.459778 6002113 11 1 92.26271 1.626335 6002113 13 1 287 68757
1 1.137649 1.170432 1.099925 1 71.85677 1.448484 6003113 13 1 496.0196 2.107672 6003113 11 1 287 68847
1 1.058012 1.115802 0.9930252 1 99.77379 2.078599 6003113 11 1 130.7602 1.335327 6003113 13 1 288 68888
1 1.106427 1.150534 1.053346 1 19.12242 1.342272 6002113 13 1 62.54017 1.621129 6002113 11 1 288 68907
1 1.191782 1.185832 1.16486 0 824.605 1.980757 6003113 11 1 42.73461 1.763478 6003113 13 1 291 69817
1 0.4544891 0.2018274 0.792879 1 15.84787 1.205515 6002113 11 1 29.27658 2.222323 6002113 13 1 291 69830
1 1.035838 1.098122 0.9666125 1 54.98505 1.532695 6002113 13 1 80.36448 1.941266 6002113 11 1 292 70066
1 0.9219857 1.364073 0.6240806 1 12.82695 1.384616 6002113 13 1 36.09964 1.469352 6002113 11 1 313 74984
1 1.054444 1.13827 0.9640688 1 17.37393 1.223827 6003113 11 1 80.18152 1.593425 6003113 13 1 313 74986
1 0.9574994 0.6410515 1.205563 1 17.38224 1.372869 6001113 13 1 1.613858 1.517481 6001113 11 1 313 75074
1 1.017868 0.7662661 1.176325 1 51.63498 1.545288 6002113 13 1 15.33828 1.975218 6002113 11 1 314 75230
1 0.3459568 0.1344595 0.6687537 1 19.40981 1.3056 6002113 11 1 73.75054 2.159282 6002113 13 1 389 93155
1 1.227292 1.202911 1.205555 0 54.56019 3.794003 6002113 11 1 23.74835 1.669479 6002113 13 1 390 93525
1 1.566869 2.206142 1.088645 1 37.67604 2.098068 6002113 13 1 6.498261 1.948179 6002113 11 1 390 93548
1 1.058012 1.115802 0.9930252 1 79.09119 1.718369 6002113 13 1 9.740131 1.29274 6002113 11 1 390 93577
1 1.099519 1.139476 1.051563 0 33.43179 2.545112 6002113 11 1 28.93851 1.587507 6002113 13 1 397 95048
1 1.206555 1.21522 1.17542 1 46.8609 1.529777 6002113 13 1 52.45664 1.974194 6002113 11 1 398 95459
1 1.137649 1.170432 1.099925 1 95.20427 1.484439 6002113 11 1 57.14635 1.873006 6002113 13 1 400 95929
1 0.003151584 0.0005086883 0.01887308 1 418.4308 1.454544 6003113 11 1 69.82463 2.737678 6003113 13 1 82 19585
1 1.059052 1.139164 0.9715886 1 1.495996 1.360196 6002113 11 1 30.35014 1.798963 6002113 13 1 82 19641
1 1.095596 1.133769 1.050051 1 34.41153 1.229151 6002113 13 0 11.27641 2.198761 6002113 11 1 167 40001
1 1.055133 1.104334 0.9975671 1 50.15297 2.697662 6002113 11 1 39.39105 2.43643 6002113 13 1 167 40078
1 0.4445066 0.7265916 0.2710897 1 33.20085 1.692682 6002113 13 1 42.67169 1.625514 6002113 11 1 168 40280
1 1.550791 1.753763 1.352368 1 39.90528 1.802153 6002113 11 1 27.33129 1.530237 6002113 13 1 168 40282
1 1.645109 2.1548 1.183545 1 21.40564 1.461309 6002113 11 1 65.62865 1.471178 6002113 13 1 229 54867
1 1.192805 1.083559 1.213989 0 116.3073 5.789792 6002113 11 1 65.92864 3.842274 6002113 13 1 230 54987
1 1.157728 1.196465 1.111764 1 23.07231 1.672622 6002113 13 0 8.648123 2.181101 6002113 11 1 230 55061
1 1.142868 1.177299 1.103399 1 50.91955 1.605086 6002113 13 1 1.529214 2.655697 6002113 11 1 230 55125
1 1.49586 1.706142 1.278772 1 15.01459 2.396134 6002113 11 1 47.58034 1.365009 6002113 13 1 230 55195
1 0.7934737 0.4881172 1.065644 1 75.00392 1.842077 6003113 13 1 180.6492 1.591274 6003113 11 1 315 75492
1 0.0400028 0.006971349 0.1567229 1 113.4547 1.817052 6002113 11 1 17.33697 1.231393 6002113 13 1 315 75493
1 0.07905591 0.01690496 0.2492307 1 38.72339 1.240851 6003113 13 1 527.9502 1.753723 6003113 11 1 315 75509
1 1.199401 1.201198 1.170168 1 16.72919 3.897935 6002113 13 1 17.34672 2.085087 6002113 11 1 316 75611
1 1.152971 1.190243 1.109341 1 118.1171 1.541823 6003113 13 1 81.04443 1.572505 6003113 11 1 321 76960
1 1.56971 1.920896 1.202337 1 7.493528 1.519684 6002113 11 1 37.97337 1.494277 6002113 13 1 321 77022
1 1.056557 1.108524 0.9965968 1 21.07376 1.448298 6002113 11 1 34.30826 1.947822 6002113 13 1 322 77158
1 1.152501 1.258655 1.04415 1 63.96895 1.484965 6002113 11 1 15.94915 1.419058 6002113 13 1 322 77179
1 1.157728 1.196465 1.111764 1 24.0584 1.409717 6003113 13 1 217.3376 1.977914 6003113 11 1 327 78299
1 1.099519 1.139476 1.051563 1 14.30866 1.595213 6002113 13 1 20.45271 1.824851 6002113 11 1 327 78300
1 1.405111 1.934095 0.9833891 1 39.06263 1.893076 6003113 13 1 377.3992 1.744074 6003113 11 1 327 78317
1 1.190567 1.223018 1.152597 1 65.4213 1.463287 6003113 13 0 1139.821 2.592425 6003113 11 1 327 78372
1 1.157728 1.196465 1.111764 1 44.89983 1.83833 6002113 13 1 50.01115 1.56094 6002113 11 1 328 78681
1 1.641128 1.972201 1.285192 1 42.82891 1.537778 6003113 11 1 42.56134 1.488658 6003113 13 1 353 84696
1 1.062846 1.139449 0.9784784 1 53.57779 1.702925 6002113 13 1 98.4453 3.056257 6002113 11 1 354 84756
1 1.109295 1.155893 1.053631 1 16.18675 1.943427 6002113 13 1 7.165365 1.50135 6002113 11 1 354 84796
1 0.7055845 0.3974356 1.016366 1 26.16845 2.137837 6002113 13 1 75.28239 3.329513 6002113 11 1 354 84799
1 1.182032 1.113501 1.180358 1 1.182055 1.479038 6001113 11 1 10.09987 1.387452 6001113 13 1 359 85981
1 1.095596 1.133769 1.050051 1 19.21013 1.832109 6002113 11 1 56.63009 1.594977 6002113 13 1 359 86007
1 1.059052 1.139164 0.9715886 1 8.027148 1.405779 6002113 11 1 21.17898 1.472882 6002113 13 1 359 86048
1 1.03119 1.524041 0.7057037 1 134.7673 1.672831 6003113 13 0 922.9189 1.756995 6003113 11 1 360 86168
1 0.5279956 0.2465533 0.8852676 1 113.9581 1.373987 6002113 13 1 85.98517 1.432803 6002113 11 1 360 86181
1 1.017868 0.7662661 1.176325 1 28.08201 1.396389 6002113 11 1 110.8139 1.44806 6002113 13 1 363 86882
1 1.206555 1.21522 1.17542 1 0.8292105 1.688145 6001113 11 1 12.4743 1.568297 6001113 13 1 363 86887
1 1.1849 1.214892 1.148506 1 4.86732 1.429312 6002113 11 1 25.85006 4.476957 6002113 13 1 364 87131
1 0.9219857 1.364073 0.6240806 1 31.93485 2.364308 6002113 13 1 15.0992 1.656739 6002113 11 1 364 87242
1 0.06958118 0.01446482 0.2254303 0 24.73038 1.649346 6002113 11 1 20.35959 1.520915 6002113 13 1 367 88025
1 1.183608 1.169262 1.159476 1 91.80355 1.395185 6002113 13 0 9.645367 1.424572 6002113 11 1 368 88290
1 1.176288 1.010978 1.239274 1 16.01765 1.691859 6002113 11 1 40.52642 1.923795 6002113 13 1 371 88809
1 1.036252 1.095703 0.9699052 1 93.72176 1.572916 6002113 13 1 21.15704 1.527516 6002113 11 1 371 88873
1 1.152501 1.258655 1.04415 1 38.68305 1.579987 6002113 13 1 41.25811 1.507143 6002113 11 1 371 88900
1 1.126364 0.9389989 1.211138 1 25.11932 2.129452 6002113 13 1 18.3546 1.54387 6002113 11 1 371 88936
1 1.167323 1.186361 1.134647 1 82.67352 1.51035 6002113 13 1 63.65494 3.813974 6002113 11 1 371 88968
1 1.213336 1.227995 1.180605 1 5.60888 2.492016 6002113 11 1 40.51331 2.471692 6002113 13 1 372 89079
1 1.035838 1.098122 0.9666125 1 74.50998 1.523616 6002113 11 1 89.71895 1.374013 6002113 13 1 372 89093
1 1.054444 1.13827 0.9640688 0 78.10759 1.588623 6002113 13 1 14.55261 1.80365 6002113 11 1 372 89158
1 1.179161 1.206147 1.144075 1 18.89634 1.415081 6002113 11 1 74.11558 1.431446 6002113 13 1 372 89221
1 1.526225 2.04983 1.080738 1 35.93021 3.594121 6002113 13 1 19.9341 2.312854 6002113 11 1 391 93628
1 1.526225 2.04983 1.080738 1 24.22208 1.319955 6002113 11 1 30.26364 1.491883 6002113 13 1 391 93638
1 0.6571895 0.3457574 1.000641 1 381.2659 1.869546 6003113 11 1 104.7034 1.207628 6003113 13 1 391 93666
1 1.106427 1.150534 1.053346 1 80.99709 3.054754 6003113 13 0 162.5882 4.094293 6003113 11 1 391 93756
1 1.56971 1.920896 1.202337 1 14.20246 3.132885 6002113 11 1 55.69175 1.815737 6002113 13 1 391 93830
1 1.192805 1.083559 1.213989 1 415.0401 1.536948 6003113 11 1 19.52176 1.555886 6003113 13 1 392 93869
1 0.003151584 0.0005086883 0.01887308 1 68.73805 5.237924 6002113 11 1 10.51084 1.825809 6002113 13 1 392 93894
1 0.1080031 0.02598027 0.3057024 0 60.5576 3.825798 6003113 11 1 148.6035 1.467364 6003113 13 1 392 93962
1 1.143675 1.253919 1.033471 1 54.04718 1.473795 6003113 13 1 104.2537 1.350977 6003113 11 1 392 93980
1 1.812285 2.096335 1.505211 1 247.9128 4.062588 6003113 11 1 60.81544 1.637797 6003113 13 1 392 94018
1 1.059052 1.139164 0.9715886 0 474.9652 1.405225 6003113 11 1 27.03342 1.449494 6003113 13 1 403 96525
1 0.5279956 0.2465533 0.8852676 1 67.41103 1.39244 6002113 13 1 43.7919 7.088428 6002113 11 1 21 4851
1 1.152501 1.258655 1.04415 1 4.960292 1.417024 6002113 11 1 27.87403 4.350525 6002113 13 1 21 4883
1 1.054444 1.13827 0.9640688 1 27.03418 1.479815 6002113 11 1 68.89109 1.477195 6002113 13 1 22 5105
1 1.164201 1.711426 0.8059074 1 77.23895 1.3885 6003113 13 1 210.5283 1.475965 6003113 11 1 22 5141
1 0.1793033 0.05184105 0.4351809 0 1357.754 1.784596 6003113 11 1 76.80611 1.635023 6003113 13 1 22 5242
1 0.9517445 0.6636014 1.162862 1 68.65558 1.499908 6003113 13 0 689.9572 2.010134 6003113 11 1 26 6057
1 0.4903168 0.2233237 0.8385035 1 148.6875 1.564397 6003113 13 0 184.7415 8.669748 6003113 11 1 26 6074
1 1.761918 2.058838 1.43754 1 11.62327 2.142026 6002113 11 1 55.1874 1.7923 6002113 13 1 26 6099
1 1.099519 1.139476 1.051563 1 37.4695 1.622972 6002113 13 0 7.158072 1.499896 6002113 11 1 26 6129
1 1.866054 2.331325 1.3979 1 21.00728 1.666878 6002113 13 1 13.74349 1.513492 6002113 11 1 57 13505
1 1.329532 1.478061 1.189894 1 2.755236 1.521208 6001113 11 1 12.16227 1.423579 6001113 13 1 57 13640
1 0.6235333 0.981489 0.3895437 1 21.97983 2.087122 6002113 11 1 53.87807 1.999248 6002113 13 1 58 13698
1 0.6342273 1.05356 0.3835326 0 209.7261 1.873112 6003113 11 1 22.96021 1.634485 6003113 13 1 58 13745
1 1.190567 1.223018 1.152597 1 79.63111 1.489275 6002113 13 1 11.55201 1.592874 6002113 11 1 58 13794
1 1.056557 1.108524 0.9965968 1 45.37777 1.571251 6002113 13 1 4.297007 1.593991 6002113 11 1 71 16999
1 1.054444 1.13827 0.9640688 0 85.35556 1.415226 6002113 11 1 65.43023 1.408872 6002113 13 1 72 17070
1 1.206555 1.21522 1.17542 1 6.766472 1.663361 6001113 13 1 1.023329 1.643275 6001113 11 1 72 17151
1 0.747205 0.4303799 1.057145 1 121.2738 4.657725 6003113 11 1 98.72134 1.626044 6003113 13 1 240 57392
1 0.1991887 0.05938704 0.4717879 1 34.16175 2.063637 6002113 13 0 28.19311 1.913901 6002113 11 1 241 57637
1 0.06958118 0.01446482 0.2254303 1 70.71838 1.335282 6002113 13 1 2.819767 1.694037 6002113 11 1 241 57749
1 1.164201 1.711426 0.8059074 1 408.524 1.420956 6003113 11 1 175.6544 1.414866 6003113 13 1 242 57952
1 1.056557 1.108524 0.9965968 1 120.7132 1.820597 6002113 13 1 5.616648 1.465834 6002113 11 1 242 57957
1 0.6998869 0.3767799 1.045889 1 26.9511 1.503368 6002113 13 1 48.69406 1.535565 6002113 11 1 252 60410
1 1.058012 1.115802 0.9930252 1 31.27714 1.442357 6002113 13 1 49.28727 1.404789 6002113 11 1 252 60447
1 0.5179346 0.9281273 0.2807825 1 66.41594 1.71652 6002113 13 1 0.6895196 2.764 6002113 11 1 259 61955
1 1.033406 1.101364 0.958024 1 89.97691 1.889436 6003113 13 1 462.7366 2.301835 6003113 11 1 260 62255
1 1.143675 1.253919 1.033471 1 27.4496 3.537646 6002113 11 1 31.14113 1.485788 6002113 13 1 260 62268
1 1.182032 1.113501 1.180358 1 74.94383 1.478681 6003113 13 1 351.9986 2.272898 6003113 11 1 283 67726
1 0.5380682 0.2637946 0.8676014 1 163.044 1.391209 6003113 13 0 892.8879 1.738143 6003113 11 1 283 67919
1 1.183608 1.169262 1.159476 1 88.42913 2.004338 6003113 13 1 306.8253 1.331694 6003113 11 1 297 71048
1 1.033406 1.101364 0.958024 1 49.95714 1.547202 6003113 13 0 1114.769 2.192912 6003113 11 1 297 71057
1 1.10316 1.145079 1.05266 1 3.332972 3.246011 6001113 11 1 22.26591 1.853565 6001113 13 1 297 71180
1 0.8748782 0.5617447 1.136825 1 46.76685 1.412919 6002113 13 1 18.06027 1.597678 6002113 11 1 297 71274
1 1.048997 1.136673 0.9559695 0 653.6541 2.191838 6003113 11 1 64.00231 1.604341 6003113 13 1 298 71401
1 0.5279956 0.2465533 0.8852676 0 35.36333 1.655382 6002113 11 1 45.21054 1.729065 6002113 13 1 387 92839
1 1.194803 1.137859 1.187115 1 16.06826 1.446882 6002113 11 1 92.6186 1.552693 6002113 13 1 388 92967
1 1.10316 1.145079 1.05266 1 144.3578 1.648359 6003113 11 1 50.72677 1.53902 6003113 13 1 393 94299
1 1.152501 1.258655 1.04415 1 28.32607 1.507312 6002113 11 1 86.93979 2.091101 6002113 13 1 394 94324
1 0.9517445 0.6636014 1.162862 1 45.34983 3.445073 6002113 13 1 236.179 4.817129 6002113 11 1 394 94502
1 1.026751 0.7444853 1.219196 1 96.67648 1.561535 6002113 13 1 8.792644 1.391247 6002113 11 1 395 94588
1 1.26516 1.422013 1.117256 1 27.12856 3.182066 6003113 11 1 15.64353 1.881128 6003113 13 1 395 94672
1 1.192805 1.083559 1.213989 1 24.84932 1.402475 6002113 11 1 58.16051 1.583319 6002113 13 1 409 97946
1 1.112575 1.233052 0.9981722 1 24.14404 1.293695 6002113 13 1 12.98241 1.388895 6002113 11 1 409 98064
1 1.026751 0.7444853 1.219196 1 6.210618 1.746744 6002113 11 1 18.18273 1.640895 6002113 13 1 409 98071
1 1.059052 1.139164 0.9715886 1 125.8299 1.505059 6003113 11 1 109.8852 1.418561 6003113 13 1 409 98084
1 1.1849 1.214892 1.148506 1 22.13464 1.645556 6001113 13 1 0.2551717 1.468143 6001113 11 1 409 98125
1 1.056557 1.108524 0.9965968 1 68.26216 1.585854 6002113 11 1 74.64946 1.453637 6002113 13 1 410 98161
1 1.095596 1.133769 1.050051 1 29.36729 1.543975 6002113 11 1 86.84203 1.604508 6002113 13 1 410 98306
1 0.9219857 1.364073 0.6240806 1 327.8712 3.453805 6003113 11 1 22.50031 1.522515 6003113 13 1 411 98435
1 1.054444 1.13827 0.9640688 1 15.89346 2.314354 6001113 13 1 3.739541 2.809327 6001113 11 1 412 98793
1 1.048997 1.136673 0.9559695 1 42.7612 1.471566 6002113 13 1 22.58207 1.385276 6002113 11 1 413 98910
1 1.048997 1.136673 0.9559695 1 236.2528 1.85326 6003113 11 1 108.8974 1.313599 6003113 13 1 413 99073
1 0.02605346 0.004275305 0.110374 0 40.63538 1.533822 6002113 11 1 31.77126 2.350955 6002113 13 1 413 99087
1 1.056557 1.108524 0.9965968 1 36.24311 1.90034 6002113 13 1 37.79855 1.879517 6002113 11 1 413 99096
1 1.289688 1.878288 0.892531 1 46.24416 1.803658 6002113 13 0 81.23819 4.217035 6002113 11 1 414 99266
1 1.645109 2.1548 1.183545 1 3.137965 1.911657 6001113 11 1 10.74771 1.640189 6001113 13 1 414 99331
1 1.143675 1.253919 1.033471 1 42.14903 1.418495 6002113 13 1 48.47246 2.166763 6002113 11 1 32 7551
1 0.4094664 0.1680855 0.7591912 1 19.29626 3.159604 6002113 13 1 1.658709 2.391372 6002113 11 1 61 14440
1 1.035838 1.098122 0.9666125 1 94.62082 1.562456 6002113 13 1 46.48318 1.788381 6002113 11 1 61 14453
1 1.058012 1.115802 0.9930252 0 793.7791 1.186384 6003113 11 1 107.4763 2.024355 6003113 13 1 61 14514
1 0.4445066 0.7265916 0.2710897 0 532.512 1.735158 6003113 11 1 44.76619 1.501423 6003113 13 1 61 14523
1 1.112575 1.233052 0.9981722 1 8.055601 1.867367 6002113 13 1 13.9884 1.519295 6002113 11 1 62 14851
1 0.3355998 0.123277 0.6770892 1 58.79899 1.357755 6002113 13 1 92.43932 1.926975 6002113 11 1 69 16448
1 0.5380682 0.2637946 0.8676014 0 1358.829 1.8766 6003113 11 1 64.38585 1.525544 6003113 13 1 69 16452
1 0.01536516 0.002346602 0.07345495 1 40.60888 1.767123 6002113 13 1 53.46847 2.01683 6002113 11 1 69 16540
1 1.157728 1.196465 1.111764 1 50.83329 1.585465 6002113 11 1 50.18974 1.435519 6002113 13 1 70 16704
1 1.26516 1.422013 1.117256 1 279.6395 2.423412 6003113 11 1 99.04465 1.525933 6003113 13 1 83 19715
1 1.812285 2.096335 1.505211 1 69.50497 1.551011 6002113 11 1 56.94367 1.68323 6002113 13 1 83 19870
1 1.048836 1.548763 0.7254791 1 49.84468 1.749498 6002113 13 1 31.38564 2.12521 6002113 11 1 84 19950
1 1.134034 1.248093 1.022271 1 76.66814 2.271663 6002113 11 1 108.0687 1.502071 6002113 13 1 84 19970
1 0.789787 0.4650854 1.097808 1 2.695061 2.722799 6001113 11 1 15.26039 1.828691 6001113 13 1 84 20100
1 1.151918 0.9752633 1.225726 1 33.41131 1.563742 6002113 13 1 6.29411 1.411797 6002113 11 1 91 21788
1 1.054444 1.13827 0.9640688 1 30.4716 3.91759 6002113 13 1 44.18995 2.924195 6002113 11 1 92 21888
1 0.8200224 1.218482 0.5472287 1 59.62188 2.044928 6002113 11 1 108.0348 1.505434 6002113 13 1 92 21954
1 1.575265 1.775696 1.383444 1 43.28409 1.506921 6002113 11 1 22.19054 1.360139 6002113 13 1 92 21976
1 0.7242169 1.085561 0.4754195 1 49.93447 1.478519 6002113 13 1 1.341996 1.470623 6002113 11 1 125 29934
1 1.282494 1.437562 1.137462 1 53.89198 1.479108 6002113 11 1 46.80781 1.558744 6002113 13 1 125 29964
1 1.314649 1.46568 1.173482 1 14.51829 1.4346 6002113 11 1 37.32552 1.916805 6002113 13 1 125 29997
1 1.575265 1.775696 1.383444 1 23.16144 1.57103 6002113 13 1 14.87561 1.942831 6002113 11 1 126 30101
1 0.008330494 0.001239311 0.04569742 1 33.47287 2.216243 6002113 13 1 0.5827478 1.858857 6002113 11 1 126 30102
1 1.123647 1.241142 1.010512 1 32.06923 1.664029 6002113 11 1 13.21361 1.457449 6002113 13 1 126 30115
1 1.126364 0.9389989 1.211138 0 13.37766 4.736784 6002113 11 1 20.36959 2.307233 6002113 13 1 187 44651
1 1.213336 1.227995 1.180605 1 28.12643 2.245085 6002113 13 0 22.20205 1.622074 6002113 11 1 187 44665
1 0.7242169 1.085561 0.4754195 1 23.66743 2.819172 6002113 11 1 56.54615 1.354648 6002113 13 1 187 44778
1 1.289688 1.878288 0.892531 1 10.18045 1.588061 6002113 11 1 45.82841 1.516034 6002113 13 1 187 44832
1 1.20651 1.16088 1.193521 1 38.95766 1.461467 6003113 13 0 250.4831 2.314535 6003113 11 1 188 44953
1 0.9574994 0.6410515 1.205563 1 65.00754 1.594839 6002113 13 1 16.91881 2.608303 6002113 11 1 223 53358
1 1.017868 0.7662661 1.176325 1 35.46559 1.411752 6003113 13 1 179.3261 1.599262 6003113 11 1 223 53428
1 1.209625 1.112975 1.222657 1 31.23506 1.849644 6002113 11 1 34.97884 1.27466 6002113 13 1 224 53643
1 1.157728 1.196465 1.111764 1 12.04327 1.525156 6002113 11 1 38.87086 1.505826 6002113 13 1 231 55439
1 1.053247 1.09991 0.9980844 1 46.85907 1.358709 6002113 13 1 11.58461 1.481049 6002113 11 1 232 55473
1 1.167323 1.186361 1.134647 1 20.85118 1.451715 6002113 11 1 10.29571 2.921497 6002113 13 1 232 55608
1 1.42456 2.044705 0.9864829 1 55.00557 2.434633 6003113 13 1 37.70638 1.658071 6003113 11 1 232 55647
1 0.2443026 0.07741789 0.5517042 1 300.8218 1.692354 6003113 11 1 138.3861 1.422374 6003113 13 1 235 56286
1 1.645109 2.1548 1.183545 1 226.8397 1.431208 6003113 11 1 26.99876 1.60209 6003113 13 1 236 56573
1 1.109295 1.155893 1.053631 1 0.3724079 1.401255 6002113 11 1 21.82572 1.420713 6002113 13 1 236 56631
1 1.314649 1.46568 1.173482 1 189.3599 1.442183 6003113 11 1 80.22142 1.417945 6003113 13 1 263 62916
1 1.1849 1.214892 1.148506 1 31.05435 1.667191 6003113 13 1 540.5018 2.295783 6003113 11 1 263 62923
1 1.112575 1.233052 0.9981722 1 90.30614 2.63243 6002113 13 1 84.77232 1.809976 6002113 11 1 263 63108
1 1.282494 1.437562 1.137462 1 19.80345 2.246271 6002113 13 1 9.400949 2.923939 6002113 11 1 264 63194
1 0.789787 0.4650854 1.097808 1 2.485429 1.711252 6001113 11 1 8.309008 1.777435 6001113 13 1 264 63288
1 1.123647 1.241142 1.010512 1 66.80627 2.30425 6002113 13 1 5.732846 1.566041 6002113 11 1 289 69125
1 1.152971 1.190243 1.109341 1 44.5752 1.462582 6002113 13 1 6.239239 1.704018 6002113 11 1 317 76054
1 1.106427 1.150534 1.053346 1 30.80199 1.917925 6002113 11 1 59.32219 1.434004 6002113 13 1 318 76167
1 1.176288 1.010978 1.239274 0 44.1579 1.371366 6002113 11 1 79.13371 1.681944 6002113 13 1 329 78794
1 0.2304392 0.07526134 0.508429 1 139.6984 1.648248 6003113 11 1 56.51857 1.820107 6003113 13 1 329 78812
1 0.9574994 0.6410515 1.205563 0 28.98862 1.526803 6002113 11 1 25.38279 1.60036 6002113 13 1 329 78922
1 1.225386 1.141194 1.230719 1 134.6012 1.693379 6003113 13 1 51.53242 2.485731 6003113 11 1 330 79016
1 1.0427 1.134261 0.9473373 0 2.645154 6.133099 6002113 11 1 25.29781 1.572932 6002113 13 1 201 48020
1 1.46424 1.680344 1.235249 1 26.89884 1.401803 6002113 11 1 99.73579 1.416706 6002113 13 1 201 48138
1 0.3459568 0.1344595 0.6687537 0 462.4334 1.303848 6003113 11 1 158.6741 1.320536 6003113 13 1 201 48140
1 1.191782 1.185832 1.16486 1 28.33366 1.470027 6002113 11 1 29.88773 1.566106 6002113 13 1 201 48187
1 0.6571895 0.3457574 1.000641 1 99.44041 1.742036 6002113 13 1 42.6075 1.553863 6002113 11 1 202 48478
1 0.9894024 0.7036328 1.19152 1 234.5726 1.725847 6003113 11 1 208.9612 1.495582 6003113 13 1 245 58566
1 0.3767309 0.1505117 0.7131262 1 21.37692 1.390697 6002113 13 0 61.33326 1.765922 6002113 11 1 245 58631
1 1.190567 1.223018 1.152597 1 35.1828 1.52967 6003113 13 1 166.2489 2.057646 6003113 11 1 245 58750
1 1.705086 2.017803 1.363962 1 12.34746 1.459914 6002113 13 1 1.626549 1.909893 6002113 11 1 246 58891
1 1.152501 1.258655 1.04415 1 7.902242 1.514942 6002113 11 1 13.24049 1.779729 6002113 13 1 246 58902
1 0.8339615 0.5241884 1.101491 1 67.19236 2.809553 6002113 11 1 47.42154 1.564349 6002113 13 1 246 59017
1 1.026751 0.7444853 1.219196 1 19.54902 2.693971 6002113 11 1 22.93626 1.85327 6002113 13 1 271 64810
1 0.6159488 0.3166172 0.9557644 0 20.04689 3.270424 6002113 11 1 107.008 2.740334 6002113 13 1 272 65061
1 1.192805 1.083559 1.213989 1 57.61394 1.549255 6003113 13 1 36.0947 1.437579 6003113 11 1 272 65109
1 1.099696 0.9023142 1.195627 1 53.07187 1.374143 6002113 11 1 43.98191 2.501193 6002113 13 1 272 65130
1 1.095596 1.133769 1.050051 1 29.62382 1.4182 6002113 11 1 20.12358 1.439634 6002113 13 1 272 65183
1 1.282494 1.437562 1.137462 1 82.30644 1.42331 6003113 13 0 1004.328 1.414595 6003113 11 1 272 65219
1 0.03472439 0.005924022 0.1396847 1 54.82396 1.79795 6002113 11 1 24.14655 1.439562 6002113 13 1 325 77853
1 0.1527629 0.0402692 0.399808 1 160.6353 2.085972 6003113 11 1 57.74906 1.52569 6003113 13 1 325 77943
1 1.812285 2.096335 1.505211 1 69.18239 1.968599 6003113 13 1 548.1868 4.150603 6003113 11 1 326 78022
1 0.3170899 0.1198369 0.6261138 1 61.35468 1.364385 6002113 13 1 33.65394 1.406972 6002113 11 1 326 78032
1 1.123647 1.241142 1.010512 1 37.88231 2.075105 6003113 11 1 189.5167 1.631031 6003113 13 1 326 78135
1 1.174602 1.053046 1.204645 1 7.418818 3.108649 6002113 11 1 12.19996 2.503833 6002113 13 1 335 80196
1 1.550791 1.753763 1.352368 1 60.92722 1.825235 6003113 13 0 47.30995 5.238211 6003113 11 1 330 79173
1 1.056557 1.108524 0.9965968 0 378.4442 3.500678 6003113 11 1 174.7777 2.127467 6003113 13 1 377 90462
1 1.15499 1.021547 1.194574 1 30.11878 1.570944 6002113 13 1 14.3752 2.205114 6002113 11 1 378 90676
1 1.199428 1.046014 1.251733 1 11.41703 2.283375 6002113 11 1 38.8589 1.726285 6002113 13 1 378 90682
1 1.206555 1.21522 1.17542 1 31.04779 1.633316 6002113 13 1 55.34118 1.617412 6002113 11 1 3 498
1 1.095596 1.133769 1.050051 1 82.25475 3.278147 6002113 11 1 19.53778 1.383735 6002113 13 1 3 509
1 1.182032 1.113501 1.180358 1 1.25069 1.384535 6002113 11 1 13.73189 1.430869 6002113 13 1 3 656
1 1.057513 1.112379 0.9951048 1 64.19398 1.455563 6002113 13 1 7.88965 1.516219 6002113 11 1 3 670
1 1.099696 0.9023142 1.195627 1 25.84455 1.513631 6002113 13 1 54.87346 1.971125 6002113 11 1 16 3726
1 1.191782 1.185832 1.16486 1 54.27228 1.885593 6002113 13 1 71.23326 1.526329 6002113 11 1 16 3755
1 1.298986 1.452146 1.156092 1 12.42315 2.942189 6002113 11 1 10.7761 2.010227 6002113 13 1 16 3758
1 1.20651 1.16088 1.193521 1 56.00251 1.347052 6002113 13 1 16.56319 1.818464 6002113 11 1 16 3794
1 1.550791 1.753763 1.352368 1 42.66916 1.549322 6002113 13 1 12.07186 1.680804 6002113 11 1 17 4032
1 1.123647 1.241142 1.010512 1 41.05616 3.755089 6003113 11 1 276.3269 1.622874 6003113 13 1 18 4102
1 1.031225 1.102163 0.9526981 1 38.44768 1.667542 6002113 13 1 14.07823 1.70617 6002113 11 1 18 4141
1 1.314649 1.46568 1.173482 1 48.35587 1.54679 6002113 13 1 23.72505 3.039942 6002113 11 1 129 30932
1 1.095596 1.133769 1.050051 1 3.883037 4.173237 6002113 11 1 57.41043 2.571616 6002113 13 1 131 31207
1 1.282494 1.437562 1.137462 1 55.8997 1.559837 6003113 13 1 161.9742 1.394676 6003113 11 1 132 31481
1 1.112575 1.233052 0.9981722 1 20.97042 2.03679 6002113 13 1 5.402558 2.357631 6002113 11 1 132 31568
1 1.059052 1.139164 0.9715886 1 32.58998 1.484896 6002113 11 1 46.35343 1.434235 6002113 13 1 137 32715
1 1.298986 1.452146 1.156092 1 62.07668 1.572068 6003113 13 1 415.5458 1.884282 6003113 11 1 137 32741
1 1.641128 1.972201 1.285192 1 22.52445 1.691622 6002113 11 1 74.25398 1.38543 6002113 13 1 138 32938
1 0.004946925 0.0007649757 0.02896901 0 761.7438 1.596396 6003113 11 1 33.53463 1.824524 6003113 13 1 139 33340
1 0.7268606 1.122648 0.4611204 1 122.212 2.357394 6002113 13 1 33.78911 6.454041 6002113 11 1 140 33510
1 1.034916 1.100018 0.9626585 1 169.2611 1.414541 6002113 11 1 47.75873 1.358086 6002113 13 1 140 33522
1 1.405111 1.934095 0.9833891 1 55.49766 1.426825 6002113 11 1 39.9507 1.510154 6002113 13 1 140 33558
1 1.143675 1.253919 1.033471 1 10.62036 3.484774 6002113 11 1 47.73207 1.420285 6002113 13 1 161 38451
1 1.761918 2.058838 1.43754 1 28.89756 1.757632 6002113 13 1 10.99822 1.607039 6002113 11 1 161 38507
1 0.003019196 0.0005044267 0.01820843 1 80.85269 1.478407 6003113 13 1 442.4606 2.708014 6003113 11 1 162 38741
1 1.641128 1.972201 1.285192 1 34.55826 1.883639 6002113 11 1 67.88802 2.090118 6002113 13 1 162 38852
1 0.6998869 0.3767799 1.045889 1 46.05839 1.558311 6003113 11 1 27.48808 1.479228 6003113 13 1 273 65345
1 1.176288 1.010978 1.239274 1 44.97166 1.960504 6003113 13 0 245.6281 4.525913 6003113 11 1 274 65554
1 1.761918 2.058838 1.43754 1 333.6735 1.580356 6003113 11 1 142.0103 1.587333 6003113 13 1 274 65580
1 1.213336 1.227995 1.180605 1 87.29787 1.384403 6002113 13 1 161.3256 4.648049 6002113 11 1 274 65601
1 1.213336 1.227995 1.180605 1 243.3493 1.345552 6003113 11 1 122.1486 1.517975 6003113 13 1 274 65662
1 1.099696 0.9023142 1.195627 1 235.1024 1.460949 6003113 13 1 252.9964 1.411177 6003113 11 1 274 65730
1 1.199428 1.046014 1.251733 1 51.34225 1.539678 6002113 13 1 8.1759 1.649462 6002113 11 1 275 65812
1 1.137649 1.170432 1.099925 1 24.21369 1.273674 6002113 13 0 58.57652 7.579786 6002113 11 1 275 65955
1 1.812285 2.096335 1.505211 1 14.89985 1.424591 6002113 13 1 140.7975 1.764177 6002113 11 1 276 66234
1 0.05673886 0.0108806 0.1995393 1 37.18322 1.334052 6002113 11 1 31.56697 3.181674 6002113 13 1 293 70292
1 1.137649 1.170432 1.099925 0 0.3694325 3.935962 6001113 11 1 16.68542 2.290118 6001113 13 1 300 71932
1 1.147959 1.183877 1.106546 0 3.02907 3.833349 6002113 11 1 44.47011 2.546955 6002113 13 1 300 71949
1 1.152501 1.258655 1.04415 1 158.7633 2.817047 6003113 11 1 73.95908 1.866369 6003113 13 1 331 79203
1 1.282494 1.437562 1.137462 1 46.95936 1.419456 6003113 13 1 226.5639 2.342597 6003113 11 1 331 79228
1 0.1363718 0.034862 0.3662451 1 171.8307 1.526484 6003113 13 1 176.0389 1.503098 6003113 11 1 332 79473
1 1.031225 1.102163 0.9526981 1 84.63348 1.61124 6002113 13 1 30.04937 1.4601 6002113 11 1 332 79580
1 1.099696 0.9023142 1.195627 1 45.68702 1.225374 6003113 11 1 32.02965 1.508284 6003113 13 1 332 79611
1 1.46424 1.680344 1.235249 1 20.97601 1.326724 6002113 11 1 36.58515 1.539822 6002113 13 1 341 81674
1 1.329532 1.478061 1.189894 1 18.45724 1.356606 6002113 13 1 127.0964 1.855192 6002113 11 1 342 81943
1 1.152971 1.190243 1.109341 1 57.94595 5.27509 6002113 11 1 43.54715 1.816553 6002113 13 1 344 82399
1 1.1849 1.214892 1.148506 1 52.07648 1.557713 6002113 13 1 36.29637 1.503532 6002113 11 1 344 82462
1 0.7934737 0.4881172 1.065644 0 428.3569 5.591923 6003113 11 1 104.8875 2.762572 6003113 13 1 344 82524
1 1.49586 1.706142 1.278772 1 1.532837 2.022693 6001113 11 1 11.70767 1.56631 6001113 13 1 347 83059
1 0.8339615 0.5241884 1.101491 0 103.7501 1.730339 6002113 13 0 0.3730847 4.968595 6002113 11 1 347 83146
1 1.031225 1.102163 0.9526981 1 45.0355 1.354504 6003113 13 1 232.2041 1.575588 6003113 11 1 347 83207
1 1.057513 1.112379 0.9951048 1 8.599026 1.534791 6002113 13 1 76.22005 2.436355 6002113 11 1 347 83209
1 1.199401 1.201198 1.170168 1 4.62865 2.21264 6001113 11 1 10.548 1.522379 6001113 13 1 348 83324
1 0.2304392 0.07526134 0.508429 1 199.2791 1.469427 6003113 13 1 132.3391 2.681202 6003113 11 1 348 83383
1 1.055133 1.104334 0.9975671 1 31.4601 1.475866 6002113 13 1 28.54709 1.63861 6002113 11 1 154 36765
1 1.054444 1.13827 0.9640688 1 68.65666 1.530649 6003113 13 1 350.1396 1.357893 6003113 11 1 154 36828
1 0.2443026 0.07741789 0.5517042 1 16.61465 1.882976 6002113 13 1 1.671114 2.084052 6002113 11 1 154 36952
1 0.7055845 0.3974356 1.016366 1 14.63197 1.684036 6002113 13 1 17.74094 1.463661 6002113 11 1 175 41811
1 1.083255 0.8452013 1.220206 1 63.53823 1.616268 6002113 13 1 33.42441 1.694106 6002113 11 1 175 41821
1 1.03119 1.524041 0.7057037 1 89.07291 2.228011 6003113 13 1 172.5889 1.972932 6003113 11 1 176 42154
1 1.10316 1.145079 1.05266 1 4.781891 1.560257 6002113 11 1 28.71705 1.579022 6002113 13 1 176 42239
1 1.157728 1.196465 1.111764 1 86.74799 1.80166 6002113 13 1 0.00889868 1.854593 6002113 11 1 219 52401
1 0.001480656 0.0002940148 0.00851074 1 6.980433 1.896293 6002113 11 1 33.45606 3.112909 6002113 13 1 219 52493
1 1.035838 1.098122 0.9666125 1 202.1266 1.60578 6003113 11 1 47.85668 1.445719 6003113 13 1 255 60978
1 0.9160994 0.6007248 1.171549 1 42.30283 1.46598 6002113 13 1 40.49479 1.742256 6002113 11 1 255 61010
1 1.083255 0.8452013 1.220206 1 43.97966 1.356903 6002113 13 1 4.344214 1.552087 6002113 11 1 255 61121
1 1.095596 1.133769 1.050051 1 42.51312 1.368596 6002113 11 1 81.50227 1.441145 6002113 13 1 256 61354
1 0.3459568 0.1344595 0.6687537 1 70.92596 1.619868 6002113 13 1 1.087337 1.568948 6002113 11 1 379 90871
1 1.123647 1.241142 1.010512 1 35.37807 1.927868 6002113 13 1 27.11311 2.392417 6002113 11 1 379 90902
1 1.036252 1.095703 0.9699052 0 800.6429 1.353459 6003113 11 1 163.433 1.668187 6003113 13 1 379 90917
1 1.1849 1.214892 1.148506 1 2.794019 1.279928 6002113 11 1 59.43319 1.697632 6002113 13 1 380 91064
1 1.063672 0.7860307 1.245813 1 45.35868 1.622152 6002113 11 1 73.19807 1.678644 6002113 13 1 380 91108
1 0.4094664 0.1680855 0.7591912 1 66.57119 1.389074 6002113 11 1 15.02903 1.414425 6002113 13 1 380 91116
1 1.033406 1.101364 0.958024 0 0.7173497 1.370123 6002113 11 1 79.27634 1.465398 6002113 13 1 380 91148
1 1.176288 1.010978 1.239274 1 23.73285 1.958974 6002113 11 1 79.57443 1.347145 6002113 13 1 380 91200
1 0.8339615 0.5241884 1.101491 1 59.94418 1.447581 6002113 13 1 119.7933 1.36304 6002113 11 1 385 92347
1 1.866054 2.331325 1.3979 1 15.35646 2.142521 6001113 13 1 0.3476621 3.233583 6001113 11 1 386 92450
1 0.789787 0.4650854 1.097808 1 385.7374 2.103513 6003113 11 1 109.386 1.577375 6003113 13 1 386 92536
1 1.191782 1.185832 1.16486 1 61.08646 1.564943 6002113 13 1 111.2338 1.579965 6002113 11 1 386 92568
1 1.194803 1.137859 1.187115 1 1.978576 1.39271 6002113 11 1 36.29331 1.415308 6002113 13 1 386 92603
1 1.49586 1.706142 1.278772 1 28.38685 2.600181 6002113 13 1 4.121847 3.225857 6002113 11 1 386 92615
1 1.137649 1.170432 1.099925 1 55.88305 1.45656 6002113 11 1 74.15414 1.410122 6002113 13 1 11 2445
1 0.665028 0.3662483 0.9755856 1 57.93891 1.549457 6003113 13 0 536.533 2.337436 6003113 11 1 11 2550
1 1.227292 1.202911 1.205555 1 52.33141 1.444065 6002113 13 1 6.052843 1.504905 6002113 11 1 12 2796
1 1.033406 1.101364 0.958024 1 25.1336 3.684625 6002113 11 1 26.32604 1.716979 6002113 13 1 23 5427
1 1.173319 1.196671 1.139395 1 24.37535 1.463486 6002113 11 1 55.14787 1.631651 6002113 13 1 24 5601
1 1.058012 1.115802 0.9930252 1 22.99418 3.355317 6003113 11 1 13.28914 1.744647 6003113 13 1 24 5727
1 1.137649 1.170432 1.099925 1 54.20634 1.787266 6003113 13 1 472.7538 2.932906 6003113 11 1 39 9298
1 0.4205023 0.1819855 0.7484848 1 102.7406 1.623194 6002113 13 1 19.33803 2.797847 6002113 11 1 39 9306
1 0.114587 0.02674881 0.3330998 1 47.68314 1.536079 6002113 11 1 12.76707 1.406241 6002113 13 1 40 9462
1 1.126364 0.9389989 1.211138 1 37.50169 1.648186 6002113 13 1 65.22433 1.290301 6002113 11 1 40 9526
1 0.6342273 1.05356 0.3835326 0 89.83832 3.548587 6002113 11 1 19.16151 1.818633 6002113 13 1 40 9559
1 1.526225 2.04983 1.080738 1 34.70368 1.473939 6002113 13 1 6.291327 1.49453 6002113 11 1 40 9576
1 1.054444 1.13827 0.9640688 1 16.10693 1.544888 6001113 13 1 2.030323 1.496671 6001113 11 1 45 10636
1 1.866054 2.331325 1.3979 1 151.4119 1.623889 6003113 13 1 2.020763 3.881972 6003113 11 1 45 10722
1 0.8748782 0.5617447 1.136825 1 54.33852 1.478878 6002113 13 1 38.0761 1.405452 6002113 11 1 45 10800
1 1.055133 1.104334 0.9975671 1 22.86328 1.327087 6002113 13 1 5.219856 1.388539 6002113 11 1 46 10861
1 0.7242169 1.085561 0.4754195 1 13.37745 1.374631 6002113 11 1 20.29541 1.465566 6002113 13 1 46 11029
1 1.057513 1.112379 0.9951048 1 230.6726 2.585284 6003113 11 1 64.82818 1.736438 6003113 13 1 53 12570
1 0.7934737 0.4881172 1.065644 1 75.08665 3.551837 6002113 13 1 35.72202 2.889927 6002113 11 1 53 12632
1 1.034916 1.100018 0.9626585 1 91.56737 1.3994 6003113 11 1 57.62951 2.018483 6003113 13 1 54 12731
1 0.747205 0.4303799 1.057145 1 217.6146 2.555721 6003113 13 0 31.95012 3.780887 6003113 11 1 54 12827
1 1.083255 0.8452013 1.220206 0 137.4145 1.421993 6003113 11 1 68.14429 1.470476 6003113 13 1 54 12832
1 1.157728 1.196465 1.111764 1 148.8038 1.636247 6003113 11 1 72.90303 1.444193 6003113 13 1 65 15438
1 1.114777 0.884905 1.24054 1 79.7746 1.469754 6003113 11 1 13.55631 1.486206 6003113 13 1 65 15500
1 1.1849 1.214892 1.148506 1 121.4743 2.169775 6003113 13 0 511.1577 5.648473 6003113 11 1 66 15652
1 1.282494 1.437562 1.137462 1 38.23738 1.527423 6002113 13 1 28.53706 1.64112 6002113 11 1 89 21197
1 0.9894024 0.7036328 1.19152 1 32.55845 1.454607 6003113 11 1 65.82014 1.394304 6003113 13 1 89 21262
1 1.137649 1.170432 1.099925 1 46.20478 1.618673 6002113 13 0 10.99289 2.240885 6002113 11 1 90 21438
1 1.199401 1.201198 1.170168 1 18.8201 1.875217 6003113 13 1 739.4529 2.292491 6003113 11 1 90 21533
1 0.9160994 0.6007248 1.171549 1 53.85001 1.734256 6002113 13 1 47.93476 1.834563 6002113 11 1 96 22814
1 1.20651 1.16088 1.193521 1 9.730227 1.205231 6001113 11 1 21.84977 1.312866 6001113 13 1 96 22891
1 0.1793033 0.05184105 0.4351809 1 110.0826 1.324248 6002113 13 1 141.6164 2.062727 6002113 11 1 96 22936
1 1.056557 1.108524 0.9965968 1 28.76704 1.553686 6002113 13 1 66.04754 2.19203 6002113 11 1 96 22967
1 0.009710893 0.001441682 0.05238557 1 10.39989 1.534835 6002113 13 1 49.50766 1.73724 6002113 11 1 97 23044
1 0.7934737 0.4881172 1.065644 1 26.64814 1.412933 6002113 11 1 41.11012 2.908052 6002113 13 1 98 23290
1 1.1849 1.214892 1.148506 1 33.28268 1.306331 6002113 11 1 18.11319 1.538757 6002113 13 1 98 23315
1 0.4442115 0.1872741 0.8068974 1 24.3336 1.314935 6002113 11 1 24.95891 1.537945 6002113 13 1 98 23446
1 1.49586 1.706142 1.278772 1 58.43353 1.602054 6002113 13 1 18.88467 2.085492 6002113 11 1 105 25015
1 1.056557 1.108524 0.9965968 1 0.3205798 1.443129 6002113 11 1 68.36138 1.408409 6002113 13 1 105 25061
1 1.017868 0.7662661 1.176325 1 245.0231 1.847174 6003113 11 1 30.87935 1.49561 6003113 13 1 105 25081
1 1.062846 1.139449 0.9784784 1 22.30583 1.516431 6002113 13 1 15.02002 1.445258 6002113 11 1 105 25115
1 1.191782 1.185832 1.16486 1 74.20973 1.620392 6003113 13 1 48.68797 1.465578 6003113 11 1 106 25204
1 0.1527629 0.0402692 0.399808 1 28.3235 1.483672 6002113 11 1 37.63318 1.642513 6002113 13 1 106 25217
1 1.190567 1.223018 1.152597 1 37.02729 1.487197 6002113 11 1 52.34476 1.418987 6002113 13 1 106 25349
1 1.145385 0.9245803 1.259718 1 47.2587 1.738349 6002113 13 1 60.06729 1.488368 6002113 11 1 106 25375
1 1.054444 1.13827 0.9640688 1 41.71466 1.35881 6002113 13 1 17.20179 1.563422 6002113 11 1 109 26087
1 1.182032 1.113501 1.180358 1 37.93229 1.342 6003113 13 1 93.03574 1.640883 6003113 11 1 109 26149
1 1.329532 1.478061 1.189894 0 24.20712 1.360416 6002113 11 1 37.79502 1.71773 6002113 13 1 109 26151
1 1.227292 1.202911 1.205555 0 9.826365 1.82097 6002113 11 1 51.4264 3.054813 6002113 13 1 110 26246
1 1.179161 1.206147 1.144075 1 66.32787 2.789438 6002113 11 1 26.44542 1.977601 6002113 13 1 122 29056
1 1.199401 1.201198 1.170168 1 63.4719 1.603498 6002113 11 1 32.12912 1.969517 6002113 13 1 122 29098
1 1.641128 1.972201 1.285192 1 61.12688 1.584268 6002113 11 1 165.6041 1.695571 6002113 13 1 191 45662
1 0.002610219 0.0004442447 0.01575894 0 794.3615 2.022713 6003113 11 1 151.2266 1.480366 6003113 13 1 191 45731
1 1.03119 1.524041 0.7057037 1 36.7491 3.955431 6002113 13 0 4.957721 28.2166 6002113 11 1 191 45744
1 1.114777 0.884905 1.24054 1 5.478096 1.443325 6002113 13 1 33.13496 1.438937 6002113 11 1 192 45867
1 0.9517445 0.6636014 1.162862 1 99.46978 1.748876 6003113 11 1 76.13033 1.488291 6003113 13 1 199 47576
1 0.1527629 0.0402692 0.399808 1 0.8035117 1.458536 6002113 11 1 104.2203 1.433169 6002113 13 1 200 47856
1 1.329532 1.478061 1.189894 1 430.7196 1.373758 6003113 11 1 208.2872 1.515579 6003113 13 1 301 72026
1 0.06958118 0.01446482 0.2254303 1 39.35765 1.289186 6003113 13 1 74.94135 3.050974 6003113 11 1 301 72054
1 0.6342273 1.05356 0.3835326 1 28.34866 1.499079 6002113 13 0 55.37178 1.799566 6002113 11 1 301 72074
1 1.034916 1.100018 0.9626585 1 60.21636 2.379222 6002113 13 1 81.07172 1.40836 6002113 11 1 302 72457
1 0.01649731 0.002495913 0.08064243 1 11.49755 1.361272 6002113 13 1 0.8978925 1.348651 6002113 11 1 310 74183
1 1.109295 1.155893 1.053631 1 33.93425 1.452036 6002113 13 1 9.586085 1.504333 6002113 11 1 320 76588
1 0.9894024 0.7036328 1.19152 1 55.56498 1.794118 6003113 13 1 36.60625 2.805535 6003113 11 1 320 76692
1 1.143675 1.253919 1.033471 1 157.1424 1.594874 6002113 11 1 24.97787 1.720098 6002113 13 1 320 76698
1 1.099519 1.139476 1.051563 1 4.398163 1.523688 6001113 11 1 12.52007 1.444675 6001113 13 1 320 76727
1 1.575265 1.775696 1.383444 1 5.946862 1.680977 6002113 11 1 25.19374 2.269596 6002113 13 1 320 76752
1 1.053247 1.09991 0.9980844 0 7.945274 2.781971 6002113 11 1 70.4012 2.428954 6002113 13 1 323 77338
1 0.01217822 0.001818087 0.06209253 1 104.7613 3.091557 6002113 11 1 23.14841 1.203477 6002113 13 1 323 77454
1 1.058012 1.115802 0.9930252 1 85.22858 1.800789 6003113 13 0 84.26863 1.640391 6003113 11 1 337 80704
1 1.114777 0.884905 1.24054 1 291.5353 1.404432 6003113 11 1 125.621 1.422057 6003113 13 1 338 81008
1 1.209625 1.112975 1.222657 1 20.0881 1.601673 6003113 13 1 24.16351 2.048694 6003113 11 1 338 81085
1 0.2792014 0.09677438 0.588659 1 39.18961 1.947547 6002113 13 1 8.632625 1.417256 6002113 11 1 345 82656
1 0.8383967 1.273376 0.5409222 1 149.4238 1.397436 6002113 11 1 28.66461 1.602346 6002113 13 1 345 82694
1 1.142868 1.177299 1.103399 1 59.94453 1.830795 6002113 11 1 50.92374 1.708821 6002113 13 1 345 82699
1 0.7268606 1.122648 0.4611204 0 49.4108 2.285826 6002113 11 1 30.85677 1.855647 6002113 13 1 346 82878
1 1.054444 1.13827 0.9640688 1 38.83775 1.439327 6002113 13 1 2.984879 1.451894 6002113 11 1 358 85881
1 1.227292 1.202911 1.205555 1 0.2106592 1.430837 6002113 11 1 77.56771 1.646194 6002113 13 1 1 121
1 1.106427 1.150534 1.053346 1 26.8509 2.001285 6002113 11 1 29.8194 1.346857 6002113 13 1 2 273
1 1.137649 1.170432 1.099925 1 48.28641 1.61146 6002113 13 1 37.02378 2.103713 6002113 11 1 2 352
1 1.190567 1.223018 1.152597 1 25.6214 1.458467 6002113 13 1 11.0884 1.425951 6002113 11 1 35 8333
1 1.199401 1.201198 1.170168 0 38.53228 1.628636 6002113 11 1 35.73288 1.510593 6002113 13 1 36 8610
1 1.057513 1.112379 0.9951048 1 104.7983 1.403669 6002113 11 1 117.5398 1.44602 6002113 13 1 160 38292
1 1.062846 1.139449 0.9784784 0 6.536042 10.04572 6002113 11 1 36.82848 2.659234 6002113 13 1 169 40511
1 1.054444 1.13827 0.9640688 1 18.43245 2.060713 6003113 13 1 425.683 1.687784 6003113 11 1 211 50427
1 1.174602 1.053046 1.204645 1 19.6279 1.571893 6002113 11 1 30.46043 1.897199 6002113 13 1 211 50562
1 1.123647 1.241142 1.010512 1 5.303576 1.771547 6001113 11 1 16.61514 2.002052 6001113 13 1 212 50700
1 1.866054 2.331325 1.3979 1 124.154 1.401823 6003113 13 1 50.58746 1.386603 6003113 11 1 212 50728
1 1.112575 1.233052 0.9981722 1 57.06086 1.575217 6003113 13 1 60.63401 2.640311 6003113 11 1 212 50837
1 1.147959 1.183877 1.106546 1 236.4126 1.468232 6003113 11 1 59.71469 1.477699 6003113 13 1 212 50877
1 1.152501 1.258655 1.04415 1 368.2477 1.831188 6003113 11 1 7.770718 1.404533 6003113 13 1 257 61468
1 0.4269872 0.7264097 0.2541938 1 133.3739 1.659155 6002113 11 1 50.79615 1.378643 6002113 13 1 257 61554
1 0.1080031 0.02598027 0.3057024 1 40.4039 1.404707 6002113 13 1 36.48341 2.54869 6002113 11 1 261 62414
1 0.5179346 0.9281273 0.2807825 1 39.48907 1.271548 6002113 11 1 26.89641 1.709724 6002113 13 1 262 62733
1 0.6342273 1.05356 0.3835326 1 5.155672 1.597502 6002113 11 1 45.74207 1.667226 6002113 13 1 262 62763
1 0.03472439 0.005924022 0.1396847 0 20.60686 12.10619 6002113 11 1 62.92508 2.93685 6002113 13 1 262 62819
1 0.1014541 0.02299071 0.3029553 1 39.08177 1.43687 6002113 13 0 30.23575 4.612477 6002113 11 1 304 72776
1 1.114777 0.884905 1.24054 1 72.59647 1.561455 6002113 11 1 40.73734 1.719926 6002113 13 1 304 72798
1 1.095596 1.133769 1.050051 1 3.455789 1.434446 6001113 11 1 7.565024 1.523568 6001113 13 1 334 79945
1 1.099696 0.9023142 1.195627 1 13.7918 1.372729 6002113 11 1 32.67229 1.524141 6002113 13 1 361 86509
1 0.9574994 0.6410515 1.205563 1 9.625497 1.635319 6001113 13 1 2.433135 1.711676 6001113 11 1 362 86663
1 1.057513 1.112379 0.9951048 1 69.63673 1.49222 6003113 11 1 32.35145 1.355707 6003113 13 1 362 86769
1 1.035838 1.098122 0.9666125 1 1.320597 1.895893 6001113 11 1 11.98082 1.466062 6001113 13 1 365 87399
1 1.152501 1.258655 1.04415 1 5.474392 1.495827 6002113 11 1 92.79304 1.43162 6002113 13 1 365 87505
1 0.3064061 0.1093534 0.631845 1 9.91209 2.990218 6002113 11 1 23.64277 1.736672 6002113 13 1 365 87542
1 0.06482654 0.01276116 0.2218368 1 59.16431 1.722888 6002113 13 1 7.949006 1.365766 6002113 11 1 366 87810
1 1.761918 2.058838 1.43754 1 25.61866 1.495698 6002113 13 1 90.28735 1.797122 6002113 11 1 366 87826
1 1.182032 1.113501 1.180358 1 41.34116 2.838231 6002113 13 1 3.112874 3.940293 6002113 11 1 369 88359
1 0.003659205 0.00058146 0.02178344 1 25.8362 1.446626 6002113 13 1 79.13422 1.499838 6002113 11 1 369 88373
1 1.055133 1.104334 0.9975671 1 7.688678 1.497298 6002113 11 1 53.35556 1.483153 6002113 13 1 369 88411
1 1.137649 1.170432 1.099925 1 20.72474 1.640377 6003113 13 0 1169.424 2.09398 6003113 11 1 369 88549
1 1.190567 1.223018 1.152597 0 515.718 2.287354 6003113 11 1 74.67256 1.562471 6003113 13 1 370 88650
1 1.575265 1.775696 1.383444 1 323.6035 2.425838 6003113 11 1 18.4586 2.213569 6003113 13 1 370 88681
1 1.053247 1.09991 0.9980844 1 37.04158 1.993841 6002113 13 1 41.03294 2.498471 6002113 11 1 5 1015
1 1.206555 1.21522 1.17542 1 26.07513 1.345392 6002113 11 1 161.3986 1.499044 6002113 13 1 6 1205
1 1.152501 1.258655 1.04415 0 1401.198 2.07373 6003113 11 1 116.8174 1.525797 6003113 13 1 6 1341
1 0.02605346 0.004275305 0.110374 1 103.7502 1.416017 6002113 13 1 54.44816 1.944992 6002113 11 1 6 1373
1 0.00526219 0.000796892 0.0301381 1 180.9904 1.6274 6003113 13 1 477.4114 2.319966 6003113 11 1 37 8766
1 1.173319 1.196671 1.139395 1 30.54193 1.686744 6002113 13 1 2.641999 1.689348 6002113 11 1 37 8848
1 1.123647 1.241142 1.010512 1 29.88441 1.619485 6002113 13 1 4.563029 2.677651 6002113 11 1 37 8855
1 1.123647 1.241142 1.010512 1 53.21186 1.319603 6002113 13 1 47.83854 1.525573 6002113 11 1 38 8972
1 1.050919 0.8056091 1.198818 0 39.21354 8.621966 6002113 11 1 106.6091 2.322954 6002113 13 1 38 9064
