1 1.173319 1.196671 1.139395 1 17.62973 1.369655 6003113 13 1 17.27918 1.134999 6003113 13 1 94 22419
1 1.329532 1.478061 1.189894 0 62.18215 2.152638 6003113 13 0 40.343 2.229164 6003113 13 1 98 23506
1 1.112575 1.233052 0.9981722 1 13.71944 1.009457 6003113 13 1 15.03385 1.160793 6003113 13 1 150 35927
1 0.6159488 0.3166172 0.9557644 1 18.17052 2.082996 6003113 13 1 11.6942 1.500537 6003113 13 1 150 35969
1 1.761918 2.058838 1.43754 1 20.12162 1.458712 6003113 13 0 190.5791 13.09417 6003113 13 1 186 44441
1 0.1991887 0.05938704 0.4717879 1 17.7419 1.052905 6003113 13 1 9.282286 1.073905 6003113 13 1 200 47857
1 1.095596 1.133769 1.050051 1 33.06548 1.169586 6003113 13 1 38.87521 1.03262 6003113 13 1 218 52127
1 1.034916 1.100018 0.9626585 1 25.79901 1.076738 6003113 13 0 62.59956 2.048083 6003113 13 1 248 59511
1 1.123647 1.241142 1.010512 0 45.83857 6.517716 6003113 13 1 36.62415 1.219703 6003113 13 1 322 77057
1 1.225386 1.141194 1.230719 1 2.687068 1.14749 6002113 13 1 13.01404 1.703077 6002113 13 1 389 93237
1 0.665028 0.3662483 0.9755856 1 31.26939 3.022915 6003113 13 1 42.04156 1.129455 6003113 13 1 408 97694
1 0.5226254 0.8798594 0.3137767 0 100.7164 1.237108 6003113 13 1 15.43401 1.006581 6003113 13 1 22 5046
1 1.183608 1.169262 1.159476 1 1.202057 1.126751 6003113 13 1 35.06597 1.441453 6003113 13 1 22 5056
1 0.2443026 0.07741789 0.5517042 0 87.73801 2.504345 6003113 13 1 32.14754 1.014334 6003113 13 1 136 32418
1 1.173319 1.196671 1.139395 0 123.5822 1.124965 6003113 13 1 25.35952 1.006425 6003113 13 1 146 34923
1 0.1707681 0.04642279 0.4356818 0 1.985284 4.00496 6003113 13 0 32.44459 1.120293 6003113 13 1 49 11621
1 0.4269872 0.7264097 0.2541938 1 30.82304 2.984338 6003113 13 0 79.28986 2.129843 6003113 13 1 80 19151
1 1.199401 1.201198 1.170168 1 23.21814 1.763797 6003113 13 0 46.89124 10.1403 6003113 13 1 201 48078
1 1.062846 1.139449 0.9784784 1 1.010317 1.015107 6003113 13 1 21.27365 1.005737 6003113 13 1 207 49471
1 0.3064061 0.1093534 0.631845 0 0.216644 1.739345 6002113 13 1 13.97547 1.012496 6002113 13 1 224 53639
1 1.866054 2.331325 1.3979 0 9.394485 5.676893 6003113 13 1 19.45328 1.079796 6003113 13 1 237 56763
1 1.26516 1.422013 1.117256 1 34.43529 2.361784 6003113 13 1 41.46365 1.113559 6003113 13 1 323 77495
1 1.143675 1.253919 1.033471 1 47.07541 1.130931 6003113 13 0 7.306572 4.668981 6003113 13 1 371 88939
1 1.314649 1.46568 1.173482 1 19.682 1.180928 6003113 13 1 6.900967 1.143608 6003113 13 1 66 15790
1 1.095596 1.133769 1.050051 1 10.03096 2.135853 6003113 13 1 38.5886 3.253797 6003113 13 1 162 38715
1 1.095596 1.133769 1.050051 1 10.03096 2.135853 6003113 13 1 38.5886 3.253797 6003113 13 1 162 38715
1 1.641128 1.972201 1.285192 1 5.567214 1.288126 6002113 13 1 7.144462 1.139108 6002113 13 1 177 42363
1 0.05673886 0.0108806 0.1995393 1 9.130886 1.178025 6003113 13 1 22.56979 2.192339 6003113 13 1 179 42917
1 0.8200224 1.218482 0.5472287 1 30.2301 1.007596 6003113 13 0 119.0024 1.240565 6003113 13 1 10 2168
1 1.055133 1.104334 0.9975671 1 16.82073 2.672824 6003113 13 1 48.45739 1.188254 6003113 13 1 29 6850
1 0.6998869 0.3767799 1.045889 1 4.068207 2.129839 6003113 13 1 17.13175 1.06109 6003113 13 1 115 27423
1 0.9160994 0.6007248 1.171549 1 26.05091 1.013178 6003113 13 1 17.20345 2.708261 6003113 13 1 115 27445
1 1.199428 1.046014 1.251733 1 3.024459 1.378193 6002113 13 1 9.908078 1.0059 6002113 13 1 291 69834
1 1.183608 1.169262 1.159476 1 9.621727 1.35042 6002113 13 1 7.86755 1.020317 6002113 13 1 287 68724
1 1.524498 1.73059 1.317664 0 76.53003 1.104136 6003113 13 1 21.66467 1.012576 6003113 13 1 287 68826
1 0.02605346 0.004275305 0.110374 1 42.79279 1.00785 6003113 13 1 35.32059 2.094823 6003113 13 1 384 91997
1 1.026751 0.7444853 1.219196 1 7.259066 1.128178 6002113 13 1 6.160262 1.162484 6002113 13 1 373 89337
1 1.054444 1.13827 0.9640688 1 40.82459 1.020153 6003113 13 0 11.19728 3.625528 6003113 13 1 373 89513
1 1.298986 1.452146 1.156092 0 0.7152103 1.099168 6003113 13 1 40.38643 1.278765 6003113 13 1 374 89751
1 1.0427 1.134261 0.9473373 1 2.455057 1.103594 6003113 13 1 29.38124 1.176131 6003113 13 1 238 57090
1 1.182032 1.113501 1.180358 0 73.91212 1.040766 6003113 13 1 17.09878 1.959336 6003113 13 1 238 57117
1 1.314649 1.46568 1.173482 1 9.600371 1.085101 6003113 13 1 23.03432 1.058152 6003113 13 1 258 61748
1 0.3355998 0.123277 0.6770892 1 20.10955 1.071919 6003113 13 0 115.0587 1.290899 6003113 13 1 363 86925
1 0.06958118 0.01446482 0.2254303 1 36.40847 2.141352 6003113 13 1 44.82652 1.008013 6003113 13 1 5 1166
1 1.03119 1.524041 0.7057037 1 20.1794 2.178085 6003113 13 0 135.5201 1.044216 6003113 13 1 31 7289
1 1.329532 1.478061 1.189894 1 26.49631 1.268651 6003113 13 1 8.602838 1.136758 6003113 13 1 63 15013
1 0.04323696 0.007888732 0.160549 1 27.53818 2.055651 6003113 13 1 27.4409 1.162047 6003113 13 1 183 43918
1 0.9574994 0.6410515 1.205563 0 66.15131 1.03082 6003113 13 1 27.4488 1.01016 6003113 13 1 307 73605
1 1.46424 1.680344 1.235249 1 3.589042 1.199582 6003113 13 1 13.5419 1.168638 6003113 13 1 333 79762
1 1.142868 1.177299 1.103399 0 8.114581 5.89118 6003113 13 1 47.3597 1.14746 6003113 13 1 387 92659
1 1.213336 1.227995 1.180605 1 34.43093 1.010398 6003113 13 1 0.181205 2.666767 6003113 13 1 158 37904
1 0.9517445 0.6636014 1.162862 1 44.60769 2.456686 6003113 13 1 32.19546 1.159857 6003113 13 1 145 34621
1 1.035838 1.098122 0.9666125 1 2.115753 1.434428 6002113 13 1 9.813522 1.120025 6002113 13 1 187 44745
1 1.057513 1.112379 0.9951048 1 19.41133 1.077653 6003113 13 0 160.6496 11.15797 6003113 13 1 217 51865
1 1.106427 1.150534 1.053346 1 21.53694 1.177616 6003113 13 0 50.23432 5.610653 6003113 13 1 217 52068
1 0.0739324 0.01495082 0.2461688 1 49.12424 1.166244 6003113 13 1 12.67786 1.11704 6003113 13 1 228 54541
1 0.5762256 0.2893137 0.9113798 1 0.6209446 1.009191 6002113 13 1 13.8439 1.295509 6002113 13 1 279 66755
1 0.3170899 0.1198369 0.6261138 0 88.837 1.119258 6003113 13 1 8.974527 1.009924 6003113 13 1 21 4991
1 1.192805 1.083559 1.213989 1 20.02303 2.420813 6003113 13 1 27.13992 1.046134 6003113 13 1 46 10840
1 1.036252 1.095703 0.9699052 1 27.50566 1.657282 6003113 13 0 28.43587 2.797333 6003113 13 1 83 19812
1 0.01785031 0.00275673 0.0833977 1 58.5594 2.96926 6003113 13 1 12.77282 1.339011 6003113 13 1 83 19875
1 1.0427 1.134261 0.9473373 1 11.39709 1.211296 6003113 13 1 50.01821 1.028637 6003113 13 1 141 33781
1 1.206555 1.21522 1.17542 1 35.77824 1.231684 6003113 13 1 2.796202 1.109567 6003113 13 1 180 43112
1 0.7934737 0.4881172 1.065644 1 15.27716 1.119701 6003113 13 0 239.2101 1.228432 6003113 13 1 266 63684
1 1.157728 1.196465 1.111764 1 23.22371 1.007869 6003113 13 1 54.07353 1.545529 6003113 13 1 2 371
1 0.6571895 0.3457574 1.000641 0 118.7887 4.439019 6003113 13 1 56.02801 2.082419 6003113 13 1 9 2010
1 1.083255 0.8452013 1.220206 0 2.417537 3.866239 6002113 13 1 8.88358 2.034694 6002113 13 1 14 3324
1 1.49586 1.706142 1.278772 1 6.525847 1.005585 6002113 13 1 6.409993 1.017187 6002113 13 1 15 3582
1 0.4544891 0.2018274 0.792879 0 160.6347 1.022016 6003113 13 1 17.71952 2.015543 6003113 13 1 266 63781
1 1.062846 1.139449 0.9784784 1 9.269364 1.006134 6003113 13 1 52.67659 1.412896 6003113 13 1 348 83337
1 0.4094664 0.1680855 0.7591912 1 6.968263 1.167563 6002113 13 0 3.0477 4.140501 6002113 13 1 90 21472
1 1.056557 1.108524 0.9965968 1 16.83421 1.006099 6003113 13 1 26.18752 1.356351 6003113 13 1 90 21518
1 0.06958118 0.01446482 0.2254303 1 1.807637 1.947112 6002113 13 1 16.50403 1.089432 6002113 13 1 124 29584
1 1.575265 1.775696 1.383444 1 0.1005936 1.011884 6002113 13 1 7.22955 1.010292 6002113 13 1 124 29712
1 1.49586 1.706142 1.278772 1 27.8107 1.011909 6003113 13 1 1.359645 1.283159 6003113 13 1 125 29819
1 1.147959 1.183877 1.106546 1 10.41397 1.141864 6002113 13 1 4.197264 1.858522 6002113 13 1 276 66150
1 1.054444 1.13827 0.9640688 1 4.200023 2.323522 6002113 13 1 9.659085 2.326214 6002113 13 1 283 67783
1 1.0427 1.134261 0.9473373 1 4.777239 1.013527 6002113 13 1 1.199841 2.060978 6002113 13 1 284 68143
1 1.059052 1.139164 0.9715886 1 30.15402 1.386489 6003113 13 1 19.24761 2.282805 6003113 13 1 303 72571
1 1.10316 1.145079 1.05266 1 14.5243 1.013673 6002113 13 1 0.07778471 2.215512 6002113 13 1 340 81466
1 0.2792014 0.09677438 0.588659 1 23.34761 1.242282 6003113 13 1 6.806424 1.034465 6003113 13 1 351 84083
1 1.15499 1.021547 1.194574 0 23.67779 1.015545 6003113 13 0 5.704118 4.250021 6003113 13 1 356 85414
1 1.20651 1.16088 1.193521 1 18.00378 1.123713 6003113 13 1 28.16879 1.07561 6003113 13 1 391 93795
1 1.20651 1.16088 1.193521 1 27.31545 1.314433 6003113 13 1 16.85778 1.234004 6003113 13 1 407 97490
1 1.031225 1.102163 0.9526981 1 2.943731 1.684555 6003113 13 1 39.72168 1.012645 6003113 13 1 23 5506
1 1.15499 1.021547 1.194574 1 2.99486 2.359524 6003113 13 1 28.90337 1.185672 6003113 13 1 39 9168
1 1.054444 1.13827 0.9640688 0 41.39088 7.361146 6003113 13 1 59.79759 1.277075 6003113 13 1 415 99577
1 1.10316 1.145079 1.05266 1 17.71886 1.016866 6002113 13 1 2.36518 1.955346 6002113 13 1 216 51787
1 1.524498 1.73059 1.317664 1 58.87998 2.646898 6003113 13 1 24.24371 1.297931 6003113 13 1 236 56476
1 1.575265 1.775696 1.383444 1 14.03012 2.040601 6003113 13 0 115.5483 1.154379 6003113 13 1 274 65735
1 0.3064061 0.1093534 0.631845 1 1.660331 1.112911 6003113 13 1 31.05191 1.049164 6003113 13 1 403 96691
1 1.206555 1.21522 1.17542 1 7.655744 2.484955 6002113 13 1 7.064598 2.122481 6002113 13 1 410 98282
1 1.145385 0.9245803 1.259718 1 6.962933 1.092172 6003113 13 1 38.00044 1.247459 6003113 13 1 410 98352
1 1.157728 1.196465 1.111764 1 11.62872 1.054233 6003113 13 1 20.49496 1.986361 6003113 13 1 411 98408
1 1.191782 1.185832 1.16486 0 9.185222 3.716155 6003113 13 1 23.98231 1.963693 6003113 13 1 47 11105
1 0.6571895 0.3457574 1.000641 1 20.83731 1.00605 6003113 13 1 35.9729 1.298214 6003113 13 1 77 18256
1 1.42456 2.044705 0.9864829 1 29.99124 1.232366 6003113 13 1 18.03434 1.251482 6003113 13 1 77 18385
1 0.0005685629 0.0001319998 0.002645407 1 15.09263 1.056503 6003113 13 1 54.63297 2.623585 6003113 13 1 111 26467
1 0.5675248 0.271593 0.9330701 1 12.89716 1.154136 6003113 13 1 29.55839 1.129497 6003113 13 1 111 26550
1 0.5675248 0.271593 0.9330701 1 12.89716 1.154136 6003113 13 1 29.55839 1.129497 6003113 13 1 111 26550
1 1.566869 2.206142 1.088645 1 32.95885 2.019722 6003113 13 1 19.28078 1.011347 6003113 13 1 188 44900
1 0.3170899 0.1198369 0.6261138 1 0.01680251 1.649272 6003113 13 1 20.90471 1.123543 6003113 13 1 317 75911
1 1.10316 1.145079 1.05266 1 40.86904 1.015044 6003113 13 1 15.48092 2.109444 6003113 13 1 324 77538
1 0.6159488 0.3166172 0.9557644 0 17.84569 8.649663 6003113 13 1 34.40702 2.589253 6003113 13 1 334 80117
1 0.5675248 0.271593 0.9330701 1 15.082 1.882291 6003113 13 1 1.378321 1.944376 6003113 13 1 342 81930
1 1.142868 1.177299 1.103399 1 43.23375 1.881571 6003113 13 1 27.86825 1.012851 6003113 13 1 354 84751
1 1.050919 0.8056091 1.198818 0 3.080842 1.256139 6002113 13 1 5.540019 1.006844 6002113 13 1 273 65350
1 1.329532 1.478061 1.189894 1 17.34203 1.378874 6003113 13 1 45.98457 1.705529 6003113 13 1 305 73110
1 1.0427 1.134261 0.9473373 1 8.937962 1.104742 6002113 13 1 0.1648697 2.303948 6002113 13 1 312 74868
1 1.055133 1.104334 0.9975671 0 90.43018 1.00599 6003113 13 1 8.904638 1.007897 6003113 13 1 314 75285
1 1.152501 1.258655 1.04415 1 21.79634 1.202012 6003113 13 1 21.28409 1.005019 6003113 13 1 313 74886
1 1.126364 0.9389989 1.211138 0 146.1333 1.16721 6003113 13 1 12.74516 1.121219 6003113 13 1 412 98832
1 1.213336 1.227995 1.180605 1 16.49511 1.096647 6003113 13 0 84.36321 1.080378 6003113 13 1 32 7598
1 0.4094664 0.1680855 0.7591912 1 21.33851 1.009348 6003113 13 0 211.1068 1.231312 6003113 13 1 36 8516
1 1.282494 1.437562 1.137462 0 94.0191 13.40153 6003113 13 1 32.72705 2.155445 6003113 13 1 54 12819
1 0.8748782 0.5617447 1.136825 1 0.661364 2.222632 6002113 13 1 16.7816 1.173115 6002113 13 1 155 37159
1 1.1849 1.214892 1.148506 0 30.20398 1.002106 6003113 13 1 15.69239 1.19891 6003113 13 1 156 37378
1 0.9160994 0.6007248 1.171549 1 0.6163175 2.712121 6003113 13 1 9.951418 1.01859 6003113 13 1 165 39428
1 0.5292084 0.8493549 0.3262614 1 6.849839 1.768737 6003113 13 1 37.04138 1.944737 6003113 13 1 165 39459
1 1.314649 1.46568 1.173482 1 8.478669 1.224088 6003113 13 1 6.554923 1.185869 6003113 13 1 169 40366
1 0.7934737 0.4881172 1.065644 1 1.218172 2.220213 6002113 13 1 16.41985 1.897733 6002113 13 1 260 62225
1 1.190567 1.223018 1.152597 1 0.2005892 1.502586 6002113 13 1 14.37432 1.007119 6002113 13 1 260 62326
1 0.6571895 0.3457574 1.000641 1 19.23987 1.01214 6003113 13 0 5.526643 3.681614 6003113 13 1 336 80611
1 1.213336 1.227995 1.180605 1 30.27793 2.53946 6003113 13 1 28.18946 1.011527 6003113 13 1 352 84446
