1 1.176288 1.010978 1.239274 1 16.37529 1.754069 6003113 13 1 47.50474 1.089583 6003113 13 1 98 23390
1 0.04957241 0.009268439 0.1791508 1 69.14327 1.201046 6003113 13 0 0.6939314 1.267106 6003113 13 1 100 23823
1 1.048836 1.548763 0.7254791 1 60.43433 1.055057 6003113 13 1 44.49458 1.176983 6003113 13 1 113 26917
1 1.190567 1.223018 1.152597 0 50.88158 1.403647 6003113 13 1 62.42805 1.220005 6003113 13 1 115 27541
1 1.866054 2.331325 1.3979 1 40.90862 1.508445 6003113 13 1 38.72529 1.999636 6003113 13 1 255 61034
1 1.190567 1.223018 1.152597 0 204.4462 1.019705 6003113 13 1 41.0856 1.040695 6003113 13 1 134 31941
1 1.048836 1.548763 0.7254791 1 15.99911 1.020157 6003113 13 1 26.04399 1.251466 6003113 13 1 134 32096
1 1.123647 1.241142 1.010512 1 65.10554 1.262461 6003113 13 1 31.67238 1.207777 6003113 13 1 134 32160
1 1.055133 1.104334 0.9975671 1 34.38393 1.13758 6002113 13 1 6.068823 1.891858 6002113 13 1 137 32641
1 1.054444 1.13827 0.9640688 0 198.6436 1.0233 6003113 13 1 32.87949 1.102904 6003113 13 1 233 55768
1 1.053247 1.09991 0.9980844 1 6.477552 2.733286 6002113 13 1 33.56053 1.124794 6002113 13 1 12 2864
1 0.4205023 0.1819855 0.7484848 1 4.876934 1.661351 6003113 13 1 44.12297 1.013968 6003113 13 1 90 21556
1 1.46424 1.680344 1.235249 1 9.177158 1.060643 6003113 13 1 22.60068 1.106645 6003113 13 1 244 58506
1 0.7934737 0.4881172 1.065644 1 68.91139 2.084034 6003113 13 1 77.26464 1.322178 6003113 13 1 247 59116
1 1.329532 1.478061 1.189894 1 85.71082 1.032713 6003113 13 0 54.48777 2.198176 6003113 13 1 248 59354
1 0.5380682 0.2637946 0.8676014 1 26.45377 1.036361 6003113 13 1 56.17704 1.750381 6003113 13 1 249 59586
1 1.179161 1.206147 1.144075 0 60.61223 1.732196 6003113 13 1 24.02303 2.312439 6003113 13 1 308 73900
1 1.099696 0.9023142 1.195627 1 28.83758 1.018685 6002113 13 1 9.955447 2.60707 6002113 13 1 324 77724
1 1.0427 1.134261 0.9473373 0 4.934752 1.97183 6002113 13 1 12.23195 2.324193 6002113 13 1 327 78384
1 1.134034 1.248093 1.022271 1 58.06977 2.099877 6003113 13 0 21.50615 3.377372 6003113 13 1 377 90284
1 1.026751 0.7444853 1.219196 0 40.50468 1.855368 6003113 13 0 58.08757 1.315918 6003113 13 1 398 95499
1 0.9160994 0.6007248 1.171549 1 24.38512 1.030724 6003113 13 0 23.12426 2.707487 6003113 13 1 56 13325
1 1.227292 1.202911 1.205555 0 360.2844 1.192339 6003113 13 1 44.21799 2.133589 6003113 13 1 58 13741
1 0.1991887 0.05938704 0.4717879 1 77.46928 2.875719 6003113 13 1 40.6626 2.168812 6003113 13 1 211 50636
1 1.566869 2.206142 1.088645 0 141.9012 1.508091 6003113 13 1 60.23787 1.027086 6003113 13 1 220 52648
1 1.192805 1.083559 1.213989 1 26.99482 1.652969 6003113 13 1 44.52559 1.235432 6003113 13 1 237 56724
1 0.6159488 0.3166172 0.9557644 0 164.6386 1.126006 6003113 13 1 64.31678 1.025812 6003113 13 1 237 56796
1 1.151918 0.9752633 1.225726 1 60.51703 1.769866 6003113 13 0 64.18681 1.03045 6003113 13 1 390 93365
1 1.145385 0.9245803 1.259718 1 36.0446 1.957222 6002113 13 1 6.430807 1.046833 6002113 13 1 392 94074
1 1.183608 1.169262 1.159476 1 21.9585 2.088679 6003113 13 0 72.96449 1.087312 6003113 13 1 16 3750
1 0.5675248 0.271593 0.9330701 1 16.32307 2.063581 6003113 13 0 221.9489 3.698932 6003113 13 1 47 11107
1 1.314649 1.46568 1.173482 0 58.06191 1.863894 6003113 13 1 54.82746 1.034834 6003113 13 1 416 99663
1 1.036252 1.095703 0.9699052 1 27.12897 1.041696 6003113 13 0 30.62324 4.386102 6003113 13 1 63 14882
1 0.1527629 0.0402692 0.399808 1 47.22345 2.330837 6003113 13 0 24.37719 1.663819 6003113 13 1 63 14883
1 1.143675 1.253919 1.033471 1 22.14231 1.384267 6003113 13 1 3.70236 3.273036 6003113 13 1 149 35725
1 1.137649 1.170432 1.099925 0 50.27612 1.148333 6003113 13 0 60.65861 1.312729 6003113 13 1 84 19996
1 1.112575 1.233052 0.9981722 0 61.85934 1.045462 6003113 13 1 22.7276 2.142849 6003113 13 1 183 43886
1 1.157728 1.196465 1.111764 1 18.25426 1.112796 6002113 13 1 1.187543 1.2194 6002113 13 1 349 83530
1 1.206555 1.21522 1.17542 0 0.3158979 1.894145 6002113 13 1 17.85585 1.016191 6002113 13 1 349 83571
1 1.298986 1.452146 1.156092 0 231.8111 1.113699 6003113 13 1 41.02662 1.567096 6003113 13 1 351 84238
1 0.1793033 0.05184105 0.4351809 0 7.807016 1.029039 6003113 13 0 85.76749 2.306974 6003113 13 1 119 28523
1 0.7242169 1.085561 0.4754195 1 18.79215 2.238248 6002113 13 0 7.555349 2.722697 6002113 13 1 362 86787
1 0.8200224 1.218482 0.5472287 1 41.03635 1.131329 6003113 13 1 29.73412 1.44761 6003113 13 1 400 95932
1 1.152501 1.258655 1.04415 0 24.54669 1.273949 6003113 13 1 29.74955 1.896953 6003113 13 1 160 38195
1 1.055133 1.104334 0.9975671 1 24.25442 1.139043 6003113 13 0 7.113266 1.647823 6003113 13 1 164 39269
1 0.02782141 0.00448657 0.1208789 1 16.85817 1.053957 6003113 13 1 74.05241 2.27782 6003113 13 1 202 48315
1 0.3459568 0.1344595 0.6687537 1 81.3103 1.059788 6003113 13 1 40.14075 1.305756 6003113 13 1 240 57404
1 1.183608 1.169262 1.159476 1 28.36345 1.024678 6003113 13 0 56.51918 1.629858 6003113 13 1 242 57841
1 0.01536516 0.002346602 0.07345495 1 24.14987 2.265236 6003113 13 0 42.65809 4.700922 6003113 13 1 297 71141
1 1.199428 1.046014 1.251733 0 50.4101 1.711284 6003113 13 0 15.88694 2.101308 6003113 13 1 298 71344
1 0.6159488 0.3166172 0.9557644 1 19.96215 2.348453 6002113 13 0 0.2724327 6.477411 6002113 13 1 344 82405
1 0.3355998 0.123277 0.6770892 1 22.01036 1.236668 6002113 13 1 2.671231 1.489688 6002113 13 1 252 60450
1 1.314649 1.46568 1.173482 1 35.41416 1.349395 6003113 13 0 137.4588 1.028351 6003113 13 1 127 30388
1 1.152971 1.190243 1.109341 0 61.81679 2.075267 6003113 13 1 1.002778 2.938318 6003113 13 1 128 30700
1 1.063672 0.7860307 1.245813 1 39.45603 2.085896 6003113 13 1 3.629288 1.058206 6003113 13 1 154 36769
1 0.00196003 0.0003467147 0.01180033 1 24.38589 1.049573 6003113 13 1 56.5551 1.187909 6003113 13 1 156 37288
1 1.031225 1.102163 0.9526981 0 0.4708299 3.836218 6002113 13 1 17.76962 1.936785 6002113 13 1 179 42816
1 0.1080031 0.02598027 0.3057024 0 295.4043 1.052549 6003113 13 1 44.68874 2.32191 6003113 13 1 108 25824
1 1.048997 1.136673 0.9559695 1 38.95279 1.880365 6002113 13 1 24.17266 3.064991 6002113 13 1 110 26331
1 0.4544891 0.2018274 0.792879 1 3.134082 2.641891 6003113 13 1 80.44881 2.39558 6003113 13 1 263 62914
1 0.3767309 0.1505117 0.7131262 0 25.44535 2.336379 6003113 13 1 14.72776 1.037825 6003113 13 1 384 91933
1 1.026751 0.7444853 1.219196 1 39.08112 1.017518 6003113 13 0 205.1536 3.156488 6003113 13 1 305 73096
1 0.3064061 0.1093534 0.631845 0 37.64505 6.274729 6003113 13 1 74.83889 1.123948 6003113 13 1 368 88296
1 1.812285 2.096335 1.505211 1 25.0776 1.272262 6003113 13 0 107.9582 1.097042 6003113 13 1 2 344
1 1.151918 0.9752633 1.225726 1 7.846449 2.580499 6003113 13 0 30.32855 2.156113 6003113 13 1 2 355
1 1.183608 1.169262 1.159476 1 11.66886 1.130135 6002113 13 0 15.9589 3.847693 6002113 13 1 38 9033
1 0.9138955 0.6245104 1.1333 1 59.68284 1.038297 6003113 13 0 98.95905 3.184314 6003113 13 1 169 40536
1 1.191782 1.185832 1.16486 1 22.03042 1.83242 6002113 13 0 2.575647 1.162417 6002113 13 1 340 81415
1 1.035838 1.098122 0.9666125 1 24.32986 2.067911 6003113 13 1 45.62303 1.043013 6003113 13 1 342 81979
