1 0.6235333 0.981489 0.3895437 1 42.40717 1.327303 6003113 11 1 27.61235 1.944407 6003113 13 1 393 94132
1 1.15499 1.021547 1.194574 1 10.7764 1.010875 6002113 13 1 1.182342 1.01628 6002113 11 1 404 96819
1 1.048997 1.136673 0.9559695 1 27.14785 2.200068 6003113 13 1 6.480353 1.316893 6003113 11 1 233 55820
1 1.034916 1.100018 0.9626585 0 55.77172 5.937116 6003113 11 1 49.70899 1.014109 6003113 13 1 374 89707
1 1.095596 1.133769 1.050051 1 52.05424 2.009571 6003113 13 1 9.782536 1.513105 6003113 11 1 382 91584
1 1.112575 1.233052 0.9981722 0 41.01339 5.127357 6003113 11 1 61.39866 1.086614 6003113 13 1 392 93894
1 1.142868 1.177299 1.103399 1 35.00181 1.009979 6003113 11 1 15.72025 2.269179 6003113 13 1 108 25696
1 0.9574994 0.6410515 1.205563 0 0.698809 1.368566 6002113 11 1 13.0424 1.006225 6002113 13 1 108 25877
1 1.566869 2.206142 1.088645 1 17.64122 1.085806 6003113 13 0 169.636 2.221727 6003113 11 1 71 16816
1 1.812285 2.096335 1.505211 0 30.42002 1.019069 6003113 11 1 11.47891 1.941878 6003113 13 1 123 29384
1 1.145385 0.9245803 1.259718 1 14.98826 1.606886 6003113 13 1 11.13554 1.602333 6003113 11 1 120 28759
1 1.0427 1.134261 0.9473373 0 9.536134 2.37945 6003113 11 1 35.92499 1.952545 6003113 13 1 150 35849
1 1.142868 1.177299 1.103399 1 23.43816 1.005691 6003113 13 1 40.54119 2.364963 6003113 11 1 150 35941
1 1.054444 1.13827 0.9640688 0 8.081272 1.086553 6003113 11 1 8.19379 1.050315 6003113 13 1 260 62260
1 1.182032 1.113501 1.180358 0 34.53235 1.929981 6003113 11 1 18.28199 1.110933 6003113 13 1 267 64056
1 1.152501 1.258655 1.04415 1 33.10938 1.010631 6003113 13 0 98.9244 1.686511 6003113 11 1 126 30169
1 1.055133 1.104334 0.9975671 1 17.17238 1.151808 6002113 13 1 2.393336 1.17998 6002113 11 1 337 80668
1 1.099696 0.9023142 1.195627 1 23.40991 1.188153 6003113 13 0 59.78185 1.586426 6003113 11 1 361 86431
1 0.8200224 1.218482 0.5472287 1 21.2662 1.957046 6003113 13 0 20.94117 12.97592 6003113 11 1 297 71200
1 1.143675 1.253919 1.033471 1 33.83222 2.040631 6003113 13 1 39.26061 1.803524 6003113 11 1 299 71691
1 1.145385 0.9245803 1.259718 0 27.76456 1.369487 6003113 11 1 13.79666 1.250473 6003113 13 1 306 73266
1 1.057513 1.112379 0.9951048 1 0.6642166 1.117775 6002113 11 1 6.488038 1.006571 6002113 13 1 271 64814
1 1.157728 1.196465 1.111764 1 24.95967 1.129535 6003113 13 0 56.1458 7.21031 6003113 11 1 271 64843
1 1.705086 2.017803 1.363962 1 22.01719 1.509788 6003113 13 0 80.95409 1.671084 6003113 11 1 304 72873
1 1.034916 1.100018 0.9626585 1 15.73312 1.349919 6003113 13 1 11.49616 1.190135 6003113 11 1 363 87025
1 1.034916 1.100018 0.9626585 1 16.61576 2.617485 6002113 13 0 0.5637554 1.199044 6002113 11 1 363 87114
1 1.199401 1.201198 1.170168 1 1.589308 2.620476 6002113 11 1 9.344921 1.080908 6002113 13 1 58 13711
1 0.5279956 0.2465533 0.8852676 1 30.38824 1.113592 6003113 13 1 32.52947 1.017821 6003113 11 1 106 25262
1 0.7934737 0.4881172 1.065644 1 24.80138 1.272587 6003113 13 1 43.01881 1.016887 6003113 11 1 111 26493
1 1.329532 1.478061 1.189894 1 20.55633 1.164588 6002113 13 1 2.549846 1.041745 6002113 11 1 111 26584
1 1.095596 1.133769 1.050051 1 2.971787 1.582453 6002113 11 1 14.38408 1.016104 6002113 13 1 264 63206
1 1.209625 1.112975 1.222657 0 5.485837 1.24302 6002113 11 1 18.00767 1.011701 6002113 13 1 277 66410
1 0.1991887 0.05938704 0.4717879 1 22.41337 1.236 6003113 13 0 25.02316 6.931941 6003113 11 1 372 89158
1 1.157728 1.196465 1.111764 1 26.53102 1.097952 6003113 13 1 8.899997 1.231508 6003113 11 1 52 12385
1 1.192805 1.083559 1.213989 0 165.9684 1.06782 6003113 11 1 15.95195 1.00566 6003113 13 1 262 62834
1 1.167323 1.186361 1.134647 1 8.217744 1.36541 6002113 11 1 11.07168 1.244751 6002113 13 1 270 64648
1 1.048836 1.548763 0.7254791 1 12.15965 1.180837 6003113 13 1 18.74636 1.096298 6003113 11 1 279 66851
1 1.151918 0.9752633 1.225726 0 3.91545 4.818623 6003113 11 1 52.34676 1.290632 6003113 13 1 288 68957
1 1.147959 1.183877 1.106546 1 20.60567 1.066689 6003113 13 1 16.43401 2.528109 6003113 11 1 38 8985
1 1.705086 2.017803 1.363962 0 19.51716 1.260505 6003113 13 1 2.622908 1.331995 6003113 11 1 40 9394
1 0.3064061 0.1093534 0.631845 0 1.450796 2.674308 6003113 11 1 48.91095 2.05972 6003113 13 1 36 8410
1 1.099519 1.139476 1.051563 1 43.23661 1.094853 6003113 13 0 10.25693 1.507296 6003113 11 1 365 87404
1 1.031225 1.102163 0.9526981 1 5.053267 2.140752 6002113 11 1 13.04002 2.401837 6002113 13 1 387 92789
1 1.063672 0.7860307 1.245813 1 14.3245 1.005187 6003113 13 0 77.76036 1.017542 6003113 11 1 342 81973
1 1.142868 1.177299 1.103399 1 15.12256 1.016994 6003113 13 0 24.98016 1.075157 6003113 11 1 9 2086
1 0.6342273 1.05356 0.3835326 1 25.38262 1.018959 6003113 13 1 21.43189 1.36487 6003113 11 1 14 3152
1 1.056557 1.108524 0.9965968 1 13.30526 3.081277 6003113 13 0 95.15795 1.276738 6003113 11 1 85 20374
1 1.213336 1.227995 1.180605 1 48.85705 1.505842 6003113 11 1 15.94118 1.270234 6003113 13 1 212 50756
1 0.9574994 0.6410515 1.205563 1 10.10869 1.980208 6002113 13 0 10.33668 1.191113 6002113 11 1 220 52571
1 1.0427 1.134261 0.9473373 1 31.24517 2.165706 6003113 13 1 2.112683 3.028696 6003113 11 1 165 39440
1 1.194803 1.137859 1.187115 1 8.464087 1.006614 6003113 11 1 26.85416 1.004958 6003113 13 1 176 42098
1 1.03119 1.524041 0.7057037 0 0.0899276 1.052952 6003113 11 1 26.78067 1.117605 6003113 13 1 295 70697
1 1.174602 1.053046 1.204645 0 46.13954 1.020594 6003113 11 1 19.32246 1.179116 6003113 13 1 296 70982
1 0.4205023 0.1819855 0.7484848 0 19.45061 1.16479 6003113 11 1 26.43763 1.555135 6003113 13 1 168 40274
1 1.217313 1.182622 1.199648 1 26.97211 1.006638 6003113 13 0 83.04026 1.079286 6003113 11 1 168 40312
1 1.034916 1.100018 0.9626585 1 1.604169 1.056807 6003113 11 1 29.69678 1.134252 6003113 13 1 182 43609
1 1.152501 1.258655 1.04415 0 80.04892 1.247521 6003113 11 1 16.49126 1.200363 6003113 13 1 204 48864
1 0.1707681 0.04642279 0.4356818 0 62.82061 1.413175 6003113 11 1 19.17639 1.919801 6003113 13 1 208 49766
1 1.566869 2.206142 1.088645 0 114.2102 3.034406 6003113 11 1 28.0371 1.008166 6003113 13 1 222 53173
1 1.167323 1.186361 1.134647 1 24.88094 1.920026 6003113 13 1 5.732193 2.456653 6003113 11 1 229 54923
1 1.227292 1.202911 1.205555 1 15.10912 1.207374 6002113 13 1 3.280415 1.36943 6002113 11 1 312 74775
1 1.176288 1.010978 1.239274 1 10.50207 1.096841 6003113 13 0 29.1449 1.00953 6003113 11 1 396 94943
1 1.190567 1.223018 1.152597 1 10.46029 1.110783 6002113 13 0 0.4349042 1.17622 6002113 11 1 398 95311
1 1.191782 1.185832 1.16486 1 15.27254 1.285063 6003113 13 0 133.899 4.05569 6003113 11 1 205 49163
1 1.083255 0.8452013 1.220206 1 16.809 1.853167 6003113 13 0 8.809149 1.00757 6003113 11 1 2 439
1 1.167323 1.186361 1.134647 0 35.09164 1.303465 6003113 11 1 13.27171 1.907435 6003113 13 1 302 72456
1 1.056557 1.108524 0.9965968 1 47.84119 2.230553 6003113 11 1 12.76347 1.176449 6003113 13 1 161 38409
1 1.031225 1.102163 0.9526981 1 18.52266 1.048174 6003113 13 0 71.4766 4.485079 6003113 11 1 161 38556
1 0.9574994 0.6410515 1.205563 1 39.33529 1.882844 6003113 13 1 3.240209 1.030728 6003113 11 1 163 39048
1 0.9138955 0.6245104 1.1333 1 8.741702 1.713555 6003113 11 1 24.32752 1.043948 6003113 13 1 15 3589
1 0.9138955 0.6245104 1.1333 1 25.18436 1.568217 6003113 13 0 92.38678 4.278607 6003113 11 1 48 11443
1 1.026751 0.7444853 1.219196 0 39.21073 1.307753 6003113 11 1 29.02058 2.03473 6003113 13 1 53 12719
1 1.137649 1.170432 1.099925 0 16.94268 1.047304 6003113 13 0 99.21435 3.625995 6003113 11 1 143 34081
1 0.3458254 0.5933005 0.203245 0 8.815904 1.184585 6003113 11 1 16.3675 1.119711 6003113 13 1 367 87875
1 1.123647 1.241142 1.010512 0 15.11707 7.216547 6003113 11 1 22.07261 1.361359 6003113 13 1 375 89996
1 1.194803 1.137859 1.187115 1 29.13174 1.005091 6003113 11 1 16.92988 1.139264 6003113 13 1 413 99030
1 0.8332192 0.5015442 1.138243 0 23.23586 3.669563 6003113 11 1 26.88004 1.074525 6003113 13 1 381 91280
1 1.145385 0.9245803 1.259718 1 22.13587 1.219499 6003113 11 1 27.1107 1.861035 6003113 13 1 218 52115
1 1.42456 2.044705 0.9864829 1 43.88393 1.6219 6003113 13 0 13.17941 3.189256 6003113 11 1 240 57404
1 1.174602 1.053046 1.204645 0 1.998445 1.053406 6003113 11 1 27.21019 1.08273 6003113 13 1 248 59389
1 1.062846 1.139449 0.9784784 1 18.79479 1.010507 6003113 13 0 104.1225 1.045433 6003113 11 1 322 77072
1 1.227292 1.202911 1.205555 1 11.76899 2.021237 6003113 13 0 78.77499 1.007951 6003113 11 1 322 77252
1 1.109295 1.155893 1.053631 1 31.16287 1.358944 6003113 13 1 51.99899 1.08825 6003113 11 1 378 90650
1 0.05673886 0.0108806 0.1995393 0 0.08335389 1.231054 6002113 11 1 13.49176 1.27256 6002113 13 1 35 8396
1 0.7055845 0.3974356 1.016366 1 14.02073 1.127928 6003113 13 0 62.01807 2.187406 6003113 11 1 46 10957
1 1.112575 1.233052 0.9981722 1 14.93998 2.221891 6003113 13 0 140.6337 1.077977 6003113 11 1 198 47299
