1 0.3170899 0.1198369 0.6261138 1 140.6462 1.948123 6003113 13 1 165.4836 1.831616 6003113 13 1 101 24036
1 1.206555 1.21522 1.17542 0 748.4233 1.625998 6003113 13 1 174.4594 1.64457 6003113 13 1 101 24070
1 1.134034 1.248093 1.022271 0 51.85524 1.575717 6002113 13 1 35.14826 1.790325 6002113 13 1 102 24440
1 0.07905591 0.01690496 0.2492307 1 11.83313 1.476334 6002113 13 1 48.7912 1.466709 6002113 13 1 102 24462
1 0.6235333 0.981489 0.3895437 1 75.09112 1.933102 6003113 13 1 8.009459 1.554993 6003113 13 1 111 26617
1 1.055133 1.104334 0.9975671 1 38.06668 1.536287 6002113 13 1 32.34691 1.684886 6002113 13 1 112 26654
1 1.055133 1.104334 0.9975671 1 38.06668 1.536287 6002113 13 1 32.34691 1.684886 6002113 13 1 112 26654
1 1.167323 1.186361 1.134647 1 1.538921 2.029136 6002113 13 1 31.33953 1.256581 6002113 13 1 112 26815
1 1.192805 1.083559 1.213989 1 10.85271 3.231249 6002113 13 1 95.41196 2.640266 6002113 13 1 149 35670
1 1.213336 1.227995 1.180605 1 110.9099 2.369557 6002113 13 1 32.71783 1.954415 6002113 13 1 149 35715
1 1.114777 0.884905 1.24054 0 30.77481 1.977569 6003113 13 1 96.65984 2.746625 6003113 13 1 150 35956
1 0.0009324541 0.0002031483 0.004899553 1 17.72215 1.410272 6002113 13 1 24.47167 1.39634 6002113 13 1 150 35975
1 1.035838 1.098122 0.9666125 1 46.47563 1.340768 6002113 13 1 37.49895 1.605605 6002113 13 1 151 36083
1 1.645109 2.1548 1.183545 0 7.626229 1.582191 6002113 13 1 35.78882 1.537949 6002113 13 1 151 36144
1 1.123647 1.241142 1.010512 1 41.97767 1.45211 6003113 13 1 54.03216 1.3917 6003113 13 1 152 36357
1 1.123647 1.241142 1.010512 1 41.97767 1.45211 6003113 13 1 54.03216 1.3917 6003113 13 1 152 36357
1 1.109295 1.155893 1.053631 1 33.09276 1.820244 6003113 13 1 58.24271 2.750247 6003113 13 1 200 47974
1 1.46424 1.680344 1.235249 1 131.8266 1.504715 6002113 13 0 46.31421 1.71162 6002113 13 1 205 49104
1 1.191782 1.185832 1.16486 1 49.80735 1.542273 6002113 13 1 111.5161 1.432642 6002113 13 1 205 49159
1 1.191782 1.185832 1.16486 1 49.80735 1.542273 6002113 13 1 111.5161 1.432642 6002113 13 1 205 49159
1 1.179161 1.206147 1.144075 1 12.80015 1.606347 6002113 13 1 14.47519 2.657922 6002113 13 1 209 50002
1 1.15499 1.021547 1.194574 1 46.49135 1.478116 6002113 13 1 66.18199 1.399014 6002113 13 1 209 50046
1 1.109295 1.155893 1.053631 1 67.77442 1.291395 6002113 13 1 23.60521 1.54494 6002113 13 1 210 50371
1 1.036252 1.095703 0.9699052 1 30.16819 1.58759 6002113 13 1 7.242469 1.457993 6002113 13 1 221 52862
1 1.298986 1.452146 1.156092 1 95.88743 1.27782 6002113 13 1 50.14589 2.243769 6002113 13 1 221 52906
1 0.6235333 0.981489 0.3895437 1 17.10764 2.162489 6002113 13 1 14.99845 1.159161 6002113 13 1 221 53002
1 0.6159488 0.3166172 0.9557644 0 3.553645 3.187139 6002113 13 1 45.09512 1.770606 6002113 13 1 222 53046
1 1.048997 1.136673 0.9559695 1 24.91691 3.304424 6003113 13 0 808.4796 1.778446 6003113 13 1 222 53054
1 0.6571895 0.3457574 1.000641 1 131.8697 1.756352 6003113 13 1 57.65617 1.33711 6003113 13 1 222 53097
1 0.6571895 0.3457574 1.000641 1 131.8697 1.756352 6003113 13 1 57.65617 1.33711 6003113 13 1 222 53097
1 1.036252 1.095703 0.9699052 0 40.81142 1.810325 6002113 13 1 30.28681 1.696575 6002113 13 1 228 54670
1 1.134034 1.248093 1.022271 1 45.39492 1.303765 6002113 13 1 2.699239 2.138384 6002113 13 1 233 55774
1 1.055133 1.104334 0.9975671 1 26.07004 1.611993 6003113 13 1 30.68388 1.456635 6003113 13 1 233 55786
1 1.017868 0.7662661 1.176325 1 32.89794 1.589371 6002113 13 1 90.40786 1.537329 6002113 13 1 234 56089
1 0.9574994 0.6410515 1.205563 1 46.16313 2.607345 6002113 13 1 0.2431483 1.964274 6002113 13 1 234 56154
1 1.213336 1.227995 1.180605 1 46.99302 1.33733 6003113 13 0 734.3768 1.660377 6003113 13 1 243 58093
1 1.063672 0.7860307 1.245813 0 43.75893 9.269243 6002113 13 1 66.55931 1.626567 6002113 13 1 243 58297
1 0.5762256 0.2893137 0.9113798 1 4.897269 1.426924 6002113 13 1 142.402 1.440234 6002113 13 1 243 58308
1 1.134034 1.248093 1.022271 1 83.44473 1.974796 6003113 13 1 153.5996 1.759255 6003113 13 1 244 58499
1 1.225386 1.141194 1.230719 0 1.083566 4.02356 6001113 13 1 26.55699 1.90636 6001113 13 1 405 97054
1 1.225386 1.141194 1.230719 1 64.73369 1.73902 6003113 13 1 25.06522 1.658763 6003113 13 1 406 97329
1 1.192805 1.083559 1.213989 1 1.655983 1.429319 6001113 13 1 10.61157 1.402476 6001113 13 1 406 97406
1 0.2443026 0.07741789 0.5517042 1 12.51611 1.546284 6002113 13 1 27.68258 2.173964 6002113 13 1 29 6755
1 1.142868 1.177299 1.103399 0 142.2741 2.390474 6003113 13 1 37.06492 1.908224 6003113 13 1 29 6869
1 1.053247 1.09991 0.9980844 1 56.41033 3.488802 6002113 13 1 10.78934 3.739948 6002113 13 1 29 6890
1 0.8748782 0.5617447 1.136825 1 31.92217 1.444012 6002113 13 1 104.1421 1.8017 6002113 13 1 29 6891
1 1.190567 1.223018 1.152597 1 25.73503 1.459594 6003113 13 1 244.2306 1.669878 6003113 13 1 29 6941
1 1.1849 1.214892 1.148506 1 201.4007 1.717578 6003113 13 1 125.3682 2.40957 6003113 13 1 50 11990
1 1.213336 1.227995 1.180605 1 60.89489 1.807067 6002113 13 0 23.65797 3.686831 6002113 13 1 56 13257
1 1.10316 1.145079 1.05266 1 28.28758 1.313201 6002113 13 1 36.92049 2.008171 6002113 13 1 73 17309
1 0.9138955 0.6245104 1.1333 1 13.57628 2.103387 6001113 13 1 7.509878 1.997208 6001113 13 1 73 17448
1 1.112575 1.233052 0.9981722 1 45.54644 1.544483 6003113 13 1 388.7175 1.466909 6003113 13 1 77 18241
1 1.227292 1.202911 1.205555 1 76.20074 1.786526 6003113 13 1 39.64203 1.444507 6003113 13 1 77 18377
1 1.866054 2.331325 1.3979 1 17.14421 2.626278 6002113 13 1 64.5593 1.790378 6002113 13 1 77 18452
1 1.209625 1.112975 1.222657 1 56.02395 2.197887 6003113 13 1 90.05016 1.467976 6003113 13 1 93 22296
1 1.761918 2.058838 1.43754 0 637.2336 1.427702 6003113 13 1 40.86643 1.676911 6003113 13 1 93 22301
1 0.9138955 0.6245104 1.1333 1 378.8981 1.770062 6003113 13 1 80.4765 3.78741 6003113 13 1 94 22354
1 0.8383967 1.273376 0.5409222 1 31.09202 1.512361 6002113 13 1 39.32976 1.765493 6002113 13 1 94 22377
1 1.058012 1.115802 0.9930252 1 57.31202 3.094623 6003113 13 1 14.806 2.500793 6003113 13 1 103 24599
1 1.099696 0.9023142 1.195627 1 10.7962 1.433275 6001113 13 1 11.24317 1.424533 6001113 13 1 104 24814
1 1.157728 1.196465 1.111764 1 16.42126 1.50148 6002113 13 1 33.92686 1.556112 6002113 13 1 104 24893
1 1.056557 1.108524 0.9965968 1 22.31897 1.52851 6002113 13 1 17.14433 2.328043 6002113 13 1 119 28447
1 0.665028 0.3662483 0.9755856 1 89.54918 1.69015 6002113 13 1 18.24841 1.601804 6002113 13 1 120 28705
1 1.157728 1.196465 1.111764 1 73.06462 2.181422 6002113 13 1 2.278322 5.604807 6002113 13 1 133 31688
1 0.3355998 0.123277 0.6770892 1 42.81863 1.43455 6003113 13 1 289.1845 2.379197 6003113 13 1 133 31723
1 1.179161 1.206147 1.144075 1 49.66587 1.519302 6002113 13 1 1.63142 1.434755 6002113 13 1 133 31825
1 1.225386 1.141194 1.230719 1 14.12294 1.470357 6002113 13 1 46.90097 1.411075 6002113 13 1 133 31890
1 1.225386 1.141194 1.230719 1 14.12294 1.470357 6002113 13 1 46.90097 1.411075 6002113 13 1 133 31890
1 1.176288 1.010978 1.239274 1 0.3181098 1.556486 6001113 13 1 7.22853 1.314384 6001113 13 1 135 32329
1 1.176288 1.010978 1.239274 1 5.182448 1.497243 6003113 13 1 97.76849 1.517383 6003113 13 1 135 32370
1 1.033406 1.101364 0.958024 1 60.41824 1.487712 6003113 13 0 701.4694 1.397874 6003113 13 1 135 32392
1 1.298986 1.452146 1.156092 1 340.1591 1.437482 6003113 13 1 7.776392 1.432425 6003113 13 1 136 32570
1 1.164201 1.711426 0.8059074 1 130.7111 1.774136 6003113 13 0 98.91233 1.706702 6003113 13 1 136 32571
1 1.059052 1.139164 0.9715886 0 5.109962 1.572149 6002113 13 1 10.36812 1.540566 6002113 13 1 145 34661
1 1.526225 2.04983 1.080738 1 72.55272 1.837371 6002113 13 1 4.374674 1.525657 6002113 13 1 146 34816
1 1.017868 0.7662661 1.176325 1 38.61913 1.439289 6003113 13 1 41.46301 1.371604 6003113 13 1 155 37083
1 1.017868 0.7662661 1.176325 1 38.61913 1.439289 6003113 13 1 41.46301 1.371604 6003113 13 1 155 37083
1 1.405111 1.934095 0.9833891 1 67.78667 1.359856 6002113 13 1 48.44276 2.569088 6002113 13 1 156 37406
1 1.099519 1.139476 1.051563 1 20.13931 2.264336 6002113 13 1 62.10751 1.709043 6002113 13 1 156 37435
1 1.314649 1.46568 1.173482 1 77.56024 4.152082 6002113 13 1 60.63457 1.967563 6002113 13 1 157 37518
1 1.056557 1.108524 0.9965968 1 24.01345 1.356035 6002113 13 1 76.99002 1.687665 6002113 13 1 157 37525
1 1.209625 1.112975 1.222657 1 159.2293 1.578756 6003113 13 1 41.06584 1.840571 6003113 13 1 157 37609
1 1.550791 1.753763 1.352368 1 175.2064 1.729715 6003113 13 1 174.615 1.47812 6003113 13 1 158 37688
1 1.143675 1.253919 1.033471 1 26.09914 1.571755 6002113 13 1 31.00137 1.479071 6002113 13 1 158 37908
1 1.050919 0.8056091 1.198818 1 38.31192 1.643528 6002113 13 0 48.67276 2.12126 6002113 13 1 163 38890
1 1.550791 1.753763 1.352368 1 6.958844 2.944073 6002113 13 1 65.94317 1.253357 6002113 13 1 163 39013
1 1.866054 2.331325 1.3979 0 666.8835 1.512137 6003113 13 1 63.69469 1.433384 6003113 13 1 164 39263
1 1.298986 1.452146 1.156092 1 17.35841 1.410617 6002113 13 1 43.93848 1.377099 6002113 13 1 171 40860
1 1.026751 0.7444853 1.219196 1 65.50465 2.719467 6003113 13 0 12.34893 6.402383 6003113 13 1 171 40909
1 1.034916 1.100018 0.9626585 1 163.3146 1.463122 6003113 13 1 138.3699 1.51433 6003113 13 1 171 40917
1 1.182032 1.113501 1.180358 1 56.92575 1.632252 6003113 13 0 1468.547 1.571751 6003113 13 1 172 41244
1 1.217313 1.182622 1.199648 0 647.3698 2.04574 6003113 13 1 56.65955 1.778303 6003113 13 1 173 41409
1 1.550791 1.753763 1.352368 1 47.0094 2.960421 6002113 13 1 18.91112 2.14454 6002113 13 1 173 41425
1 1.15499 1.021547 1.194574 1 1.343576 1.537762 6002113 13 1 24.58072 1.417972 6002113 13 1 173 41466
1 1.033406 1.101364 0.958024 1 100.6228 1.936456 6003113 13 0 112.1542 2.646348 6003113 13 1 174 41546
1 1.137649 1.170432 1.099925 1 43.87335 1.604965 6003113 13 1 140.8593 1.564795 6003113 13 1 174 41579
1 1.151918 0.9752633 1.225726 1 146.5292 2.032626 6003113 13 1 28.31358 4.743135 6003113 13 1 174 41700
1 0.1214868 0.03012302 0.3349064 1 79.62038 1.617996 6002113 13 1 24.05789 1.637208 6002113 13 1 207 49558
1 1.75908 2.248522 1.290011 0 72.97221 3.050646 6002113 13 1 52.62445 1.166614 6002113 13 1 207 49570
1 1.179161 1.206147 1.144075 1 68.11866 3.587207 6003113 13 1 50.43021 4.196149 6003113 13 1 207 49584
1 1.183608 1.169262 1.159476 1 22.67842 1.605675 6003113 13 1 156.4143 1.335874 6003113 13 1 207 49621
1 1.143675 1.253919 1.033471 1 8.421902 1.803751 6001113 13 1 25.09801 1.553654 6001113 13 1 208 49725
1 0.5675248 0.271593 0.9330701 1 46.88016 1.420911 6002113 13 1 38.91825 1.705503 6002113 13 1 417 99924
1 0.4269872 0.7264097 0.2541938 1 61.0433 1.521763 6002113 13 1 81.58211 2.084222 6002113 13 1 79 18856
1 1.15499 1.021547 1.194574 1 71.64211 2.467676 6003113 13 1 174.4163 1.983455 6003113 13 1 79 18950
1 1.199401 1.201198 1.170168 1 5.120441 1.541626 6002113 13 1 37.2146 1.327796 6002113 13 1 80 19112
1 1.123647 1.241142 1.010512 1 82.93539 1.481876 6002113 13 1 19.98094 1.41508 6002113 13 1 85 20268
1 1.157728 1.196465 1.111764 1 35.41085 3.383284 6002113 13 1 15.54308 1.626511 6002113 13 1 86 20534
1 1.048997 1.136673 0.9559695 1 68.23635 1.678723 6003113 13 1 135.1079 1.29629 6003113 13 1 86 20627
1 1.112575 1.233052 0.9981722 1 170.0202 4.364653 6003113 13 1 124.8475 2.045216 6003113 13 1 87 20788
1 1.112575 1.233052 0.9981722 1 170.0202 4.364653 6003113 13 1 124.8475 2.045216 6003113 13 1 87 20788
1 0.4903168 0.2233237 0.8385035 1 82.94267 1.485495 6002113 13 1 8.211256 1.426095 6002113 13 1 87 20814
1 1.152501 1.258655 1.04415 1 374.9243 1.455666 6003113 13 1 157.9841 1.387739 6003113 13 1 87 20866
1 0.7934737 0.4881172 1.065644 0 12.57439 3.428145 6003113 13 1 149.1635 1.752833 6003113 13 1 88 21014
1 1.199401 1.201198 1.170168 1 86.59169 3.109907 6003113 13 1 50.15118 1.974331 6003113 13 1 107 25631
1 1.123647 1.241142 1.010512 1 2.285384 1.576853 6001113 13 1 18.91651 1.330077 6001113 13 1 117 27889
1 0.747205 0.4303799 1.057145 1 20.8157 1.687384 6002113 13 1 0.6112407 1.300577 6002113 13 1 117 27986
1 1.812285 2.096335 1.505211 1 20.2173 2.205518 6002113 13 1 74.17916 1.595101 6002113 13 1 118 28115
1 1.575265 1.775696 1.383444 1 7.500093 1.789373 6002113 13 1 29.81747 2.038224 6002113 13 1 118 28227
1 1.173319 1.196671 1.139395 1 45.77993 1.462008 6002113 13 1 29.53868 1.709862 6002113 13 1 278 66715
1 1.137649 1.170432 1.099925 1 402.5372 2.726603 6003113 13 1 20.23576 1.885131 6003113 13 1 279 66861
1 1.142868 1.177299 1.103399 1 32.63459 1.6614 6002113 13 1 11.64884 1.503487 6002113 13 1 280 66988
1 1.761918 2.058838 1.43754 1 37.06295 1.946049 6003113 13 0 665.0922 1.789807 6003113 13 1 307 73506
1 1.033406 1.101364 0.958024 1 75.99516 1.569462 6003113 13 1 74.46842 2.164554 6003113 13 1 307 73591
1 1.147959 1.183877 1.106546 1 47.48872 1.69899 6003113 13 1 397.6015 1.64665 6003113 13 1 308 73799
1 1.812285 2.096335 1.505211 1 103.9678 1.565068 6002113 13 1 2.279266 1.939303 6002113 13 1 308 73830
1 1.1849 1.214892 1.148506 1 85.71938 1.519761 6002113 13 0 5.298404 1.794379 6002113 13 1 308 73874
1 0.02402195 0.003812468 0.1069883 1 18.99956 2.331092 6002113 13 1 40.79426 1.587723 6002113 13 1 349 83603
1 0.02402195 0.003812468 0.1069883 1 18.99956 2.331092 6002113 13 1 40.79426 1.587723 6002113 13 1 349 83603
1 0.6342273 1.05356 0.3835326 1 23.59777 2.134755 6002113 13 1 8.396223 1.542929 6002113 13 1 350 83912
1 1.054444 1.13827 0.9640688 1 512.6617 1.733451 6003113 13 1 71.70951 2.660856 6003113 13 1 350 83953
1 1.062846 1.139449 0.9784784 1 57.31817 1.792453 6002113 13 1 16.68411 1.689387 6002113 13 1 373 89349
1 1.134034 1.248093 1.022271 1 34.9528 1.520949 6003113 13 1 47.12015 1.431753 6003113 13 1 373 89477
1 1.134034 1.248093 1.022271 1 34.9528 1.520949 6003113 13 1 47.12015 1.431753 6003113 13 1 373 89477
1 0.6159488 0.3166172 0.9557644 1 15.82231 1.413017 6002113 13 1 5.174149 1.452442 6002113 13 1 374 89622
1 1.191782 1.185832 1.16486 1 13.16378 2.66823 6002113 13 1 35.89194 1.551623 6002113 13 1 383 91888
1 1.033406 1.101364 0.958024 1 150.4658 1.69549 6002113 13 1 33.12283 1.963155 6002113 13 1 383 91912
1 0.9138955 0.6245104 1.1333 1 172.7646 1.479601 6003113 13 1 67.30974 1.397216 6003113 13 1 384 92157
1 0.1214868 0.03012302 0.3349064 0 1204.114 1.874457 6003113 13 1 44.84816 1.532293 6003113 13 1 28 6499
1 0.3170899 0.1198369 0.6261138 0 808.4499 1.548675 6003113 13 1 89.79936 1.454855 6003113 13 1 28 6703
1 1.812285 2.096335 1.505211 1 72.83218 2.043547 6003113 13 1 34.24822 1.466168 6003113 13 1 41 9604
1 0.4269872 0.7264097 0.2541938 1 92.16622 3.400122 6002113 13 1 26.59567 1.894837 6002113 13 1 41 9770
1 1.75908 2.248522 1.290011 1 201.7266 1.36059 6003113 13 1 38.46889 1.515276 6003113 13 1 41 9833
1 1.75908 2.248522 1.290011 1 201.7266 1.36059 6003113 13 1 38.46889 1.515276 6003113 13 1 41 9833
1 1.058012 1.115802 0.9930252 1 23.99924 1.846573 6002113 13 1 51.67304 6.016944 6002113 13 1 42 9971
1 1.056557 1.108524 0.9965968 1 3.187587 1.527285 6001113 13 1 7.043919 1.731966 6001113 13 1 42 9991
1 1.035838 1.098122 0.9666125 1 168.0262 3.123555 6003113 13 0 185.6414 2.209304 6003113 13 1 114 27162
1 0.665028 0.3662483 0.9755856 1 38.34872 1.463555 6002113 13 1 33.24938 1.441902 6002113 13 1 114 27164
1 1.641128 1.972201 1.285192 1 53.5906 1.627494 6003113 13 0 737.688 1.811966 6003113 13 1 114 27259
1 1.179161 1.206147 1.144075 1 32.76609 3.169146 6003113 13 1 50.94733 1.624005 6003113 13 1 147 35047
1 0.8332192 0.5015442 1.138243 1 8.317707 2.227699 6002113 13 1 68.96137 1.739064 6002113 13 1 178 42506
1 1.176288 1.010978 1.239274 0 141.0378 2.052969 6002113 13 1 35.12645 1.813481 6002113 13 1 178 42534
1 1.329532 1.478061 1.189894 1 73.46111 1.872324 6002113 13 1 15.03008 4.354312 6002113 13 1 179 42895
1 0.2208223 0.06788179 0.510611 1 14.92159 1.658375 6002113 13 1 49.72178 1.409094 6002113 13 1 179 42940
1 1.058012 1.115802 0.9930252 1 41.72211 1.446198 6002113 13 0 19.84188 1.720264 6002113 13 1 180 43008
1 1.176288 1.010978 1.239274 1 45.90998 1.449584 6002113 13 1 8.198595 1.404177 6002113 13 1 180 43073
1 1.192805 1.083559 1.213989 1 227.1774 2.614797 6003113 13 0 466.7146 2.544166 6003113 13 1 180 43079
1 1.329532 1.478061 1.189894 1 76.87772 2.999295 6002113 13 1 48.96794 1.542234 6002113 13 1 180 43186
1 1.75908 2.248522 1.290011 1 32.84283 1.572454 6002113 13 1 0.9122807 1.713411 6002113 13 1 193 46136
1 1.036252 1.095703 0.9699052 1 25.36215 1.369987 6003113 13 1 304.5252 1.608347 6003113 13 1 193 46160
1 1.053247 1.09991 0.9980844 1 46.24066 2.537313 6002113 13 1 36.41765 1.636772 6002113 13 1 193 46189
1 1.194803 1.137859 1.187115 1 0.3714359 1.529605 6002113 13 1 61.90086 1.478022 6002113 13 1 194 46406
1 1.062846 1.139449 0.9784784 1 72.61024 1.698233 6003113 13 1 416.3321 1.931367 6003113 13 1 194 46448
1 1.174602 1.053046 1.204645 1 97.37525 1.309591 6002113 13 1 110.0154 1.349244 6002113 13 1 194 46484
1 0.8339615 0.5241884 1.101491 1 47.65699 1.291331 6002113 13 1 18.16472 1.907359 6002113 13 1 194 46499
1 1.157728 1.196465 1.111764 1 122.8621 1.687057 6003113 13 1 48.30802 1.969335 6003113 13 1 194 46534
1 1.176288 1.010978 1.239274 1 382.5936 1.910872 6003113 13 1 95.41928 2.39395 6003113 13 1 194 46560
1 1.056557 1.108524 0.9965968 1 19.12309 1.525062 6002113 13 1 76.74961 1.366956 6002113 13 1 203 48567
1 0.789787 0.4650854 1.097808 1 15.7213 1.5738 6002113 13 1 99.4798 1.360953 6002113 13 1 204 48748
1 1.0427 1.134261 0.9473373 1 43.08444 1.541917 6002113 13 1 74.03567 1.486979 6002113 13 1 204 48884
1 0.5762256 0.2893137 0.9113798 1 7.176375 1.291489 6001113 13 1 2.198246 1.758331 6001113 13 1 204 48937
1 1.106427 1.150534 1.053346 1 33.20536 2.695285 6002113 13 0 168.6339 3.873077 6002113 13 1 249 59639
1 1.151918 0.9752633 1.225726 1 38.4587 1.491538 6002113 13 1 8.870451 1.403574 6002113 13 1 250 59859
1 1.157728 1.196465 1.111764 1 73.62298 1.664346 6002113 13 1 23.31359 1.602327 6002113 13 1 295 70696
1 1.183608 1.169262 1.159476 1 57.51247 1.581488 6002113 13 0 36.88186 1.395988 6002113 13 1 295 70748
1 1.15499 1.021547 1.194574 1 37.24009 2.247566 6002113 13 1 19.97307 1.554047 6002113 13 1 295 70794
1 1.46424 1.680344 1.235249 1 25.87932 1.893472 6002113 13 1 64.65439 1.579302 6002113 13 1 296 70892
1 1.167323 1.186361 1.134647 1 156.7192 1.968652 6003113 13 1 42.91045 1.650965 6003113 13 1 305 72981
1 1.034916 1.100018 0.9626585 1 53.09137 1.488996 6002113 13 1 16.42379 3.932489 6002113 13 1 306 73338
1 0.000369285 8.488699e-05 0.001445868 1 2.564171 1.829044 6002113 13 1 70.01937 1.564462 6002113 13 1 351 84141
1 1.42456 2.044705 0.9864829 1 18.2103 1.410223 6002113 13 1 14.82119 1.437667 6002113 13 1 407 97612
1 1.866054 2.331325 1.3979 1 56.69141 2.566203 6003113 13 0 24.01791 6.664439 6003113 13 1 33 7755
1 1.298986 1.452146 1.156092 1 6.105211 4.329909 6002113 13 1 32.90607 1.301325 6002113 13 1 123 29429
1 1.095596 1.133769 1.050051 1 23.25927 2.634491 6002113 13 1 53.56503 1.632752 6002113 13 1 123 29443
1 1.126364 0.9389989 1.211138 1 92.65687 1.458674 6002113 13 1 30.15658 1.399975 6002113 13 1 124 29606
1 1.109295 1.155893 1.053631 1 9.141497 1.820468 6002113 13 1 66.15833 1.478845 6002113 13 1 124 29705
1 1.1849 1.214892 1.148506 1 29.63818 1.399405 6002113 13 1 16.85295 1.609296 6002113 13 1 127 30455
1 1.063672 0.7860307 1.245813 1 446.4627 1.421775 6003113 13 1 97.64076 1.473274 6003113 13 1 127 30465
1 1.017868 0.7662661 1.176325 1 30.51054 1.689661 6002113 13 1 46.06049 2.326987 6002113 13 1 165 39430
1 1.705086 2.017803 1.363962 0 59.24348 1.818142 6002113 13 1 24.27153 1.53009 6002113 13 1 165 39454
1 1.225386 1.141194 1.230719 1 26.7455 2.443776 6003113 13 1 52.72967 1.60194 6003113 13 1 335 80344
1 0.1991887 0.05938704 0.4717879 1 2.605835 1.486727 6002113 13 1 48.96911 1.554369 6002113 13 1 336 80491
1 1.289688 1.878288 0.892531 1 151.9166 1.592768 6003113 13 1 293.4855 1.403684 6003113 13 1 336 80597
1 1.0427 1.134261 0.9473373 1 38.18524 1.493144 6003113 13 1 162.2913 1.962998 6003113 13 1 339 81129
1 1.0427 1.134261 0.9473373 1 38.18524 1.493144 6003113 13 1 162.2913 1.962998 6003113 13 1 339 81129
1 1.182032 1.113501 1.180358 1 43.46402 1.329736 6002113 13 1 227.5341 1.778315 6002113 13 1 339 81231
1 1.314649 1.46568 1.173482 1 36.3354 1.574867 6002113 13 1 18.76587 1.455315 6002113 13 1 381 91229
1 0.9894024 0.7036328 1.19152 1 161.4571 2.16944 6003113 13 1 107.809 1.682687 6003113 13 1 381 91400
1 1.225386 1.141194 1.230719 1 26.66009 2.615056 6002113 13 0 14.768 3.494803 6002113 13 1 381 91422
1 0.8748782 0.5617447 1.136825 1 57.08556 1.427169 6002113 13 1 8.772256 1.47939 6002113 13 1 415 99362
1 1.26516 1.422013 1.117256 1 107.64 1.77207 6002113 13 1 7.960831 2.364142 6002113 13 1 415 99422
1 1.26516 1.422013 1.117256 1 23.99899 2.199505 6002113 13 1 16.44637 1.71028 6002113 13 1 416 99685
1 0.9894024 0.7036328 1.19152 1 153.5965 3.473409 6003113 13 1 345.7741 4.70862 6003113 13 1 416 99693
1 1.173319 1.196671 1.139395 0 14.25789 1.877495 6002113 13 1 32.72543 1.550738 6002113 13 1 416 99795
1 1.036252 1.095703 0.9699052 0 539.3817 1.771496 6003113 13 1 64.54425 1.503684 6003113 13 1 9 1925
1 1.314649 1.46568 1.173482 0 621.4425 1.493809 6003113 13 1 18.50635 1.382759 6003113 13 1 9 1928
1 1.035838 1.098122 0.9666125 1 55.75385 1.413992 6002113 13 1 43.81194 1.421692 6002113 13 1 9 2055
1 1.048836 1.548763 0.7254791 1 137.9281 2.240155 6003113 13 1 35.27209 1.572939 6003113 13 1 166 39700
1 1.048997 1.136673 0.9559695 1 145.5981 1.506209 6003113 13 0 168.1357 2.401938 6003113 13 1 166 39774
1 1.173319 1.196671 1.139395 1 1.877528 16.94573 6002113 13 1 43.0064 7.100028 6002113 13 1 166 39796
1 1.152971 1.190243 1.109341 1 25.38002 1.438801 6002113 13 1 2.374683 1.401871 6002113 13 1 189 45236
1 1.56971 1.920896 1.202337 1 16.52194 1.562648 6002113 13 1 82.81129 2.41803 6002113 13 1 189 45241
1 1.031225 1.102163 0.9526981 1 97.90583 1.402856 6002113 13 1 7.009189 1.491928 6002113 13 1 190 45414
1 1.099696 0.9023142 1.195627 1 48.1842 2.403058 6003113 13 0 613.4603 1.47851 6003113 13 1 190 45448
1 1.217313 1.182622 1.199648 1 43.72633 3.469474 6002113 13 1 66.63614 2.157744 6002113 13 1 195 46583
1 0.8748782 0.5617447 1.136825 0 0.1718725 1.76732 6002113 13 1 31.09221 1.62004 6002113 13 1 195 46601
1 1.03119 1.524041 0.7057037 1 80.5756 3.609072 6002113 13 1 21.64505 10.24515 6002113 13 1 196 46872
1 1.524498 1.73059 1.317664 1 4.504323 1.812379 6002113 13 1 43.27752 1.486859 6002113 13 1 196 46907
1 1.314649 1.46568 1.173482 1 19.30908 1.41124 6002113 13 1 51.81522 1.44266 6002113 13 1 213 50885
1 1.314649 1.46568 1.173482 1 11.6019 1.50586 6002113 13 1 51.97624 2.007494 6002113 13 1 213 50991
1 1.176288 1.010978 1.239274 0 54.56237 1.687552 6002113 13 1 14.41808 1.461362 6002113 13 1 215 51455
1 1.134034 1.248093 1.022271 1 53.09303 1.399931 6002113 13 1 57.71528 1.432756 6002113 13 1 216 51690
1 1.145385 0.9245803 1.259718 1 162.1045 1.483234 6002113 13 1 17.32282 1.823024 6002113 13 1 216 51768
1 1.49586 1.706142 1.278772 1 88.24281 1.941625 6003113 13 0 234.336 2.628438 6003113 13 1 225 53794
1 1.149237 1.698801 0.7921503 1 11.31502 2.021733 6002113 13 1 33.65499 1.755305 6002113 13 1 225 53894
1 1.0427 1.134261 0.9473373 0 34.29483 2.782086 6002113 13 1 82.10391 1.844849 6002113 13 1 225 53994
1 1.20651 1.16088 1.193521 1 64.50086 1.52961 6002113 13 1 29.22484 1.624123 6002113 13 1 237 56757
1 1.282494 1.437562 1.137462 1 117.9712 2.103007 6002113 13 1 107.5139 1.408221 6002113 13 1 238 57032
1 1.217313 1.182622 1.199648 1 9.875603 1.735584 6002113 13 1 38.47327 1.384006 6002113 13 1 269 64541
1 0.4205023 0.1819855 0.7484848 1 10.10463 4.488714 6002113 13 1 41.01584 2.435686 6002113 13 1 270 64572
1 1.143675 1.253919 1.033471 1 48.2426 3.426638 6002113 13 1 49.85508 1.993802 6002113 13 1 270 64642
1 1.134034 1.248093 1.022271 1 73.73627 1.605172 6002113 13 1 77.20809 2.523196 6002113 13 1 7 1551
1 1.26516 1.422013 1.117256 1 350.1611 2.358817 6003113 13 1 87.48039 3.337679 6003113 13 1 7 1651
1 0.9894024 0.7036328 1.19152 0 32.27685 2.156701 6002113 13 1 117.5181 1.468607 6002113 13 1 8 1821
1 1.036252 1.095703 0.9699052 1 81.19582 2.108502 6003113 13 1 244.642 1.474281 6003113 13 1 8 1853
1 1.182032 1.113501 1.180358 1 79.35696 1.253507 6003113 13 1 293.1662 1.629478 6003113 13 1 13 2978
1 1.282494 1.437562 1.137462 1 19.83248 1.627727 6002113 13 1 48.8376 1.428015 6002113 13 1 19 4455
1 0.0003894808 9.125069e-05 0.001555041 1 54.40536 1.610291 6003113 13 1 384.2938 4.025872 6003113 13 1 20 4712
1 1.199428 1.046014 1.251733 1 118.0102 2.065155 6002113 13 1 29.17184 2.679232 6002113 13 1 20 4762
1 1.167323 1.186361 1.134647 1 25.58002 1.807065 6002113 13 1 43.45129 2.867214 6002113 13 1 47 11175
1 1.199401 1.201198 1.170168 1 14.5713 1.349691 6002113 13 1 49.28217 1.722787 6002113 13 1 47 11243
1 0.8332192 0.5015442 1.138243 1 132.1479 1.451004 6003113 13 1 180.6798 1.439369 6003113 13 1 48 11313
1 1.055133 1.104334 0.9975671 1 26.3051 1.476292 6002113 13 1 4.862786 1.603966 6002113 13 1 48 11384
1 1.152971 1.190243 1.109341 1 32.22565 4.524581 6002113 13 1 36.97935 4.016352 6002113 13 1 48 11459
1 1.157728 1.196465 1.111764 1 65.30982 1.571496 6002113 13 1 31.25434 1.474397 6002113 13 1 48 11510
1 0.08964617 0.01972916 0.2750357 1 37.93776 1.290676 6002113 13 1 14.0955 1.667726 6002113 13 1 67 15959
1 1.298986 1.452146 1.156092 1 6.974362 1.476993 6002113 13 1 41.81908 1.354235 6002113 13 1 68 16176
1 1.575265 1.775696 1.383444 0 935.1185 2.354095 6003113 13 1 195.4311 1.484995 6003113 13 1 68 16270
1 0.8332192 0.5015442 1.138243 1 56.79479 1.782333 6003113 13 1 134.484 1.536937 6003113 13 1 99 23734
1 0.8332192 0.5015442 1.138243 1 56.79479 1.782333 6003113 13 1 134.484 1.536937 6003113 13 1 99 23734
1 1.152971 1.190243 1.109341 1 38.25677 1.494 6002113 13 1 48.00261 1.537 6002113 13 1 100 23774
1 1.059052 1.139164 0.9715886 0 32.74181 2.645076 6002113 13 1 18.87412 1.619055 6002113 13 1 115 27404
1 1.75908 2.248522 1.290011 1 9.16516 1.795231 6002113 13 1 8.071702 1.821596 6002113 13 1 115 27585
1 1.20651 1.16088 1.193521 1 497.3991 1.584734 6003113 13 1 119.0686 1.885643 6003113 13 1 115 27596
1 1.035838 1.098122 0.9666125 1 60.77724 1.298808 6002113 13 1 5.866175 1.778598 6002113 13 1 116 27609
1 1.099519 1.139476 1.051563 1 90.68434 1.508816 6003113 13 0 790.0334 1.390451 6003113 13 1 116 27683
1 1.058012 1.115802 0.9930252 1 10.12644 1.217913 6001113 13 1 2.0358 1.770037 6001113 13 1 116 27780
1 1.137649 1.170432 1.099925 1 49.62491 1.351231 6002113 13 0 33.32871 1.675517 6002113 13 1 185 44378
1 0.4903168 0.2233237 0.8385035 1 31.52758 1.639525 6002113 13 1 9.863536 1.567895 6002113 13 1 186 44537
1 0.1707681 0.04642279 0.4356818 1 191.8444 3.101252 6003113 13 0 96.60252 9.418112 6003113 13 1 253 60590
1 1.0427 1.134261 0.9473373 1 2.383916 2.317899 6002113 13 1 32.33855 1.456036 6002113 13 1 253 60640
1 1.036252 1.095703 0.9699052 1 89.10243 1.293779 6002113 13 1 20.08448 1.666076 6002113 13 1 253 60659
1 1.036252 1.095703 0.9699052 1 89.10243 1.293779 6002113 13 1 20.08448 1.666076 6002113 13 1 253 60659
1 0.9894024 0.7036328 1.19152 1 0.7647175 1.456461 6002113 13 1 76.84013 1.616674 6002113 13 1 253 60674
1 0.7934737 0.4881172 1.065644 0 54.74992 6.203729 6003113 13 1 63.3442 1.682992 6003113 13 1 254 60824
1 1.209625 1.112975 1.222657 1 56.99886 1.470744 6002113 13 1 12.28521 1.659575 6002113 13 1 254 60920
1 1.056557 1.108524 0.9965968 1 24.90341 1.460109 6002113 13 1 6.921383 1.816686 6002113 13 1 265 63455
1 1.157728 1.196465 1.111764 1 14.56821 1.567342 6003113 13 1 95.37988 1.708878 6003113 13 1 266 63679
1 1.050919 0.8056091 1.198818 1 35.1403 1.588857 6002113 13 1 16.6839 1.734379 6002113 13 1 266 63689
1 1.054444 1.13827 0.9640688 1 158.5661 1.542284 6003113 13 1 156.5835 1.57113 6003113 13 1 266 63790
1 0.7934737 0.4881172 1.065644 1 239.9317 1.572519 6003113 13 1 28.7117 1.69593 6003113 13 1 281 67342
1 1.46424 1.680344 1.235249 1 9.757325 1.609492 6002113 13 1 25.83007 1.667374 6002113 13 1 282 67648
1 1.225386 1.141194 1.230719 1 44.09988 3.19497 6002113 13 1 11.97555 1.659264 6002113 13 1 285 68234
1 1.036252 1.095703 0.9699052 1 85.4901 1.485251 6002113 13 1 11.26134 1.507015 6002113 13 1 285 68314
1 0.8332192 0.5015442 1.138243 1 126.3723 1.64079 6003113 13 1 81.31458 1.731041 6003113 13 1 286 68448
1 1.056557 1.108524 0.9965968 1 5.967677 1.714161 6002113 13 1 55.26889 2.133075 6002113 13 1 286 68489
1 1.26516 1.422013 1.117256 1 68.1694 1.712475 6002113 13 1 8.169128 1.362251 6002113 13 1 311 74401
1 1.152971 1.190243 1.109341 1 59.99792 1.464632 6002113 13 1 164.4735 1.6141 6002113 13 1 355 84976
1 0.6235333 0.981489 0.3895437 1 42.72498 1.909716 6002113 13 1 68.63896 1.244935 6002113 13 1 355 84998
1 1.173319 1.196671 1.139395 0 9.577651 4.80425 6002113 13 1 154.6924 2.058288 6002113 13 1 356 85365
1 0.4903168 0.2233237 0.8385035 1 8.123223 2.812973 6003113 13 1 151.7974 1.535416 6003113 13 1 356 85420
1 1.057513 1.112379 0.9951048 0 36.09087 2.601445 6002113 13 1 72.29429 1.500445 6002113 13 1 375 89872
1 1.137649 1.170432 1.099925 1 82.36541 1.526622 6002113 13 1 29.31893 1.383852 6002113 13 1 375 89901
1 1.199428 1.046014 1.251733 1 73.75651 2.533376 6002113 13 1 83.89456 2.910448 6002113 13 1 375 89978
1 1.329532 1.478061 1.189894 1 7.058153 1.355119 6002113 13 1 2.719757 1.613566 6002113 13 1 376 90065
1 0.3170899 0.1198369 0.6261138 1 39.09058 2.003695 6002113 13 1 15.85966 2.124315 6002113 13 1 376 90116
1 1.137649 1.170432 1.099925 1 23.72485 1.932537 6002113 13 1 38.40692 1.618716 6002113 13 1 401 96067
1 0.003019196 0.0005044267 0.01820843 1 12.1735 2.61598 6002113 13 1 48.40881 1.688617 6002113 13 1 401 96170
1 1.209625 1.112975 1.222657 1 13.15222 2.061669 6002113 13 1 123.0918 2.303107 6002113 13 1 401 96222
1 0.3459568 0.1344595 0.6687537 1 100.1662 1.593069 6003113 13 1 62.7052 1.731809 6003113 13 1 44 10405
1 1.143675 1.253919 1.033471 1 25.47695 1.337332 6002113 13 1 33.64855 1.391347 6002113 13 1 44 10431
1 1.225386 1.141194 1.230719 1 6.2755 4.281131 6002113 13 1 64.42806 1.841392 6002113 13 1 51 12076
1 0.5380682 0.2637946 0.8676014 1 36.37277 1.560922 6002113 13 1 18.44793 3.255549 6002113 13 1 51 12150
1 1.329532 1.478061 1.189894 1 57.26742 2.164896 6002113 13 1 66.32326 3.852187 6002113 13 1 51 12158
1 1.055133 1.104334 0.9975671 1 74.812 1.827914 6003113 13 1 156.8572 1.658948 6003113 13 1 52 12372
1 0.003497112 0.0005740048 0.02103336 1 14.56953 1.50684 6002113 13 1 3.001622 1.666154 6002113 13 1 52 12453
1 0.07905591 0.01690496 0.2492307 1 464.7394 4.698096 6003113 13 1 66.03233 1.961227 6003113 13 1 59 13986
1 0.5675248 0.271593 0.9330701 0 808.0315 2.529318 6003113 13 1 154.6786 1.608793 6003113 13 1 60 14204
1 1.705086 2.017803 1.363962 1 21.88194 1.635966 6002113 13 1 82.5463 1.448791 6002113 13 1 60 14318
1 0.7055845 0.3974356 1.016366 1 129.6304 1.807123 6002113 13 1 22.06726 1.620474 6002113 13 1 60 14387
1 0.3459568 0.1344595 0.6687537 0 627.3657 1.267195 6003113 13 1 58.67317 1.568555 6003113 13 1 63 15019
1 1.282494 1.437562 1.137462 1 41.24421 2.054662 6002113 13 1 19.72442 1.76407 6002113 13 1 63 15086
1 1.058012 1.115802 0.9930252 1 11.34767 2.97124 6003113 13 1 254.881 1.520157 6003113 13 1 63 15102
1 1.099519 1.139476 1.051563 1 82.76997 2.046093 6003113 13 0 761.0162 4.69332 6003113 13 1 64 15212
1 0.1014541 0.02299071 0.3029553 1 45.49417 1.31589 6002113 13 1 5.601325 1.70559 6002113 13 1 75 17908
1 1.199401 1.201198 1.170168 1 20.8142 3.263368 6002113 13 1 20.31812 1.651361 6002113 13 1 75 17976
1 1.209625 1.112975 1.222657 1 28.16915 3.248069 6002113 13 1 35.93 2.288696 6002113 13 1 76 18117
1 1.182032 1.113501 1.180358 1 23.75391 2.216554 6002113 13 1 56.00933 1.50541 6002113 13 1 76 18123
1 1.062846 1.139449 0.9784784 1 36.16557 4.793895 6002113 13 1 22.16298 2.154994 6002113 13 1 141 33699
1 0.9517445 0.6636014 1.162862 1 36.10976 2.511137 6002113 13 1 55.61228 2.042645 6002113 13 1 141 33702
1 1.192805 1.083559 1.213989 1 47.89782 2.171956 6002113 13 1 14.53715 2.553394 6002113 13 1 142 33845
1 1.575265 1.775696 1.383444 0 11.27156 4.444586 6002113 13 1 88.02912 1.890868 6002113 13 1 142 33903
1 1.054444 1.13827 0.9640688 1 46.14813 2.261135 6002113 13 1 82.78616 1.502697 6002113 13 1 143 34150
1 1.048997 1.136673 0.9559695 1 103.1637 3.051673 6002113 13 1 5.291703 1.593862 6002113 13 1 144 34412
1 1.134034 1.248093 1.022271 1 17.53723 2.333842 6002113 13 1 119.7724 3.435137 6002113 13 1 181 43222
1 1.217313 1.182622 1.199648 1 98.99064 1.392034 6002113 13 1 9.744787 1.777767 6002113 13 1 181 43230
1 1.062846 1.139449 0.9784784 0 40.00928 1.418113 6003113 13 1 204.738 1.458908 6003113 13 1 181 43316
1 1.0427 1.134261 0.9473373 1 15.15577 1.34841 6001113 13 1 0.8120999 1.609611 6001113 13 1 181 43331
1 1.227292 1.202911 1.205555 1 109.9056 1.834484 6002113 13 1 29.57037 1.556227 6002113 13 1 181 43355
1 1.151918 0.9752633 1.225726 1 114.5894 1.979562 6002113 13 1 105.3619 4.318285 6002113 13 1 181 43384
1 1.174602 1.053046 1.204645 1 46.91507 1.411764 6002113 13 1 14.6124 1.583622 6002113 13 1 182 43489
1 1.282494 1.437562 1.137462 0 52.09167 1.587871 6002113 13 1 68.51696 1.494605 6002113 13 1 183 43908
1 1.167323 1.186361 1.134647 1 536.7131 16.86406 6003113 13 1 119.0281 2.351417 6003113 13 1 184 43998
1 1.194803 1.137859 1.187115 1 63.21059 1.717775 6002113 13 1 14.14892 1.367029 6002113 13 1 184 44078
1 1.123647 1.241142 1.010512 1 47.26511 1.711563 6002113 13 1 31.79357 1.538158 6002113 13 1 217 51923
1 0.9574994 0.6410515 1.205563 1 20.81212 1.47351 6002113 13 1 9.415061 1.664025 6002113 13 1 268 64117
1 1.137649 1.170432 1.099925 1 64.6461 7.846947 6003113 13 1 274.9761 1.529197 6003113 13 1 287 68678
1 1.145385 0.9245803 1.259718 1 18.35804 1.382721 6002113 13 1 86.29284 1.55801 6002113 13 1 287 68726
1 0.9517445 0.6636014 1.162862 1 15.10648 1.547991 6003113 13 1 66.37162 1.484375 6003113 13 1 287 68772
1 0.03472439 0.005924022 0.1396847 1 43.69777 4.916391 6002113 13 1 45.98783 1.605702 6002113 13 1 287 68842
1 1.062846 1.139449 0.9784784 1 76.70883 1.402208 6002113 13 1 28.27258 1.409161 6002113 13 1 288 68902
1 0.9517445 0.6636014 1.162862 0 61.75148 6.623249 6003113 13 1 86.28352 2.215238 6003113 13 1 288 68908
1 1.329532 1.478061 1.189894 1 37.21614 1.835031 6002113 13 0 76.59654 5.496238 6002113 13 1 288 68919
1 1.183608 1.169262 1.159476 1 72.15748 1.374079 6002113 13 1 52.98597 1.909918 6002113 13 1 291 69695
1 1.147959 1.183877 1.106546 1 9.683336 1.366683 6002113 13 1 11.3966 1.421184 6002113 13 1 291 69762
1 1.550791 1.753763 1.352368 1 54.57908 1.708056 6002113 13 1 59.48425 1.608989 6002113 13 1 291 69770
1 1.036252 1.095703 0.9699052 1 57.11855 1.651439 6002113 13 1 83.84051 2.006217 6002113 13 1 292 69957
1 1.75908 2.248522 1.290011 1 86.73737 1.652703 6003113 13 0 1055.87 1.455874 6003113 13 1 292 70062
1 1.059052 1.139164 0.9715886 1 34.99123 1.682152 6002113 13 1 12.97648 1.572104 6002113 13 1 313 75020
1 1.055133 1.104334 0.9975671 1 74.82849 1.63205 6003113 13 0 303.0251 14.29495 6003113 13 1 389 93338
1 1.056557 1.108524 0.9965968 1 70.53996 1.270437 6003113 13 1 615.903 2.35641 6003113 13 1 389 93350
1 1.42456 2.044705 0.9864829 1 136.2048 1.428424 6003113 13 0 735.496 1.576818 6003113 13 1 390 93594
1 1.056557 1.108524 0.9965968 0 556.5392 1.524697 6003113 13 1 61.58935 1.453838 6003113 13 1 390 93600
1 0.5762256 0.2893137 0.9113798 1 36.23212 2.95493 6002113 13 1 42.12358 1.77717 6002113 13 1 397 95164
1 1.053247 1.09991 0.9980844 1 82.7586 2.343672 6003113 13 0 916.9791 1.620818 6003113 13 1 397 95210
1 1.167323 1.186361 1.134647 0 504.5745 1.604627 6003113 13 1 41.82182 1.895384 6003113 13 1 398 95403
1 1.109295 1.155893 1.053631 1 147.6312 2.036426 6003113 13 1 50.1642 2.848557 6003113 13 1 399 95630
1 0.4094664 0.1680855 0.7591912 1 48.33891 1.656864 6002113 13 1 64.24295 1.97756 6002113 13 1 399 95647
1 1.056557 1.108524 0.9965968 1 35.36138 2.294519 6002113 13 1 66.1048 1.551343 6002113 13 1 400 95800
1 1.49586 1.706142 1.278772 1 567.6929 1.555202 6003113 13 1 102.6227 2.09259 6003113 13 1 82 19607
1 0.2208223 0.06788179 0.510611 1 33.0841 1.45447 6002113 13 1 54.05781 1.539173 6002113 13 1 167 39913
1 1.062846 1.139449 0.9784784 1 163.2106 1.435478 6003113 13 1 11.32106 1.477938 6003113 13 1 167 40072
1 1.142868 1.177299 1.103399 1 114.6786 2.130597 6002113 13 1 13.79081 2.390668 6002113 13 1 168 40193
1 1.033406 1.101364 0.958024 1 37.48936 2.433154 6002113 13 1 99.0885 1.756814 6002113 13 1 168 40220
1 1.057513 1.112379 0.9951048 1 64.52747 2.315318 6002113 13 1 11.33376 1.179484 6002113 13 1 229 54776
1 0.6571895 0.3457574 1.000641 1 23.06605 1.559088 6002113 13 0 26.98538 1.876676 6002113 13 1 229 54922
1 1.289688 1.878288 0.892531 0 734.2708 2.297223 6003113 13 1 63.85406 1.420725 6003113 13 1 230 54972
1 1.0427 1.134261 0.9473373 1 21.45463 1.521877 6002113 13 1 42.06501 1.761386 6002113 13 1 230 55178
1 1.164201 1.711426 0.8059074 1 18.71994 1.592014 6002113 13 1 67.11552 1.550282 6002113 13 1 315 75538
1 1.191782 1.185832 1.16486 1 73.21226 1.534536 6003113 13 0 823.5717 1.652671 6003113 13 1 316 75800
1 1.206555 1.21522 1.17542 1 84.51728 1.450533 6003113 13 1 70.72807 1.383779 6003113 13 1 316 75822
1 1.056557 1.108524 0.9965968 1 76.72026 2.22009 6002113 13 1 58.31877 1.748561 6002113 13 1 316 75840
1 1.026751 0.7444853 1.219196 1 55.89314 1.624099 6002113 13 1 66.70981 1.42899 6002113 13 1 322 77152
1 0.665028 0.3662483 0.9755856 1 61.87965 1.362949 6003113 13 1 419.2454 1.479657 6003113 13 1 322 77259
1 1.152971 1.190243 1.109341 1 214.4794 1.203083 6003113 13 1 18.49792 1.773208 6003113 13 1 322 77279
1 1.034916 1.100018 0.9626585 1 33.80804 2.029642 6002113 13 0 2.982219 2.580056 6002113 13 1 327 78282
1 1.033406 1.101364 0.958024 1 40.89362 1.679701 6002113 13 1 0.8371266 2.58785 6002113 13 1 327 78358
1 0.06482654 0.01276116 0.2218368 1 13.28257 1.863204 6002113 13 1 21.77421 1.384885 6002113 13 1 327 78388
1 1.058012 1.115802 0.9930252 1 36.84449 1.368419 6002113 13 1 85.6028 2.016681 6002113 13 1 353 84560
1 1.058012 1.115802 0.9930252 1 36.84449 1.368419 6002113 13 1 85.6028 2.016681 6002113 13 1 353 84560
1 1.225386 1.141194 1.230719 1 242.1921 1.384021 6003113 13 1 50.94764 1.813797 6003113 13 1 353 84605
1 0.747205 0.4303799 1.057145 1 227.0458 2.521015 6003113 13 1 163.9436 1.714522 6003113 13 1 353 84610
1 1.145385 0.9245803 1.259718 1 24.91902 1.490037 6003113 13 0 688.18 1.476109 6003113 13 1 353 84716
1 1.033406 1.101364 0.958024 1 35.45964 1.637707 6002113 13 1 16.02782 1.384422 6002113 13 1 354 84816
1 1.641128 1.972201 1.285192 1 479.6982 1.48188 6003113 13 1 102.3861 1.74974 6003113 13 1 359 85995
1 1.035838 1.098122 0.9666125 1 33.00661 2.272479 6002113 13 1 8.275736 1.78085 6002113 13 1 359 86124
1 1.15499 1.021547 1.194574 1 11.4273 1.589478 6002113 13 1 78.00618 1.38809 6002113 13 1 360 86321
1 1.179161 1.206147 1.144075 1 146.7043 1.880419 6003113 13 1 359.0656 1.467548 6003113 13 1 360 86400
1 1.142868 1.177299 1.103399 1 431.7608 1.930493 6003113 13 1 57.57466 1.684928 6003113 13 1 363 86935
1 1.026751 0.7444853 1.219196 1 60.89254 1.774883 6002113 13 1 23.50849 3.040223 6002113 13 1 363 87119
1 1.026751 0.7444853 1.219196 1 60.89254 1.774883 6002113 13 1 23.50849 3.040223 6002113 13 1 363 87119
1 0.747205 0.4303799 1.057145 1 28.95609 1.893008 6002113 13 1 49.5038 1.564511 6002113 13 1 364 87156
1 0.747205 0.4303799 1.057145 1 28.95609 1.893008 6002113 13 1 49.5038 1.564511 6002113 13 1 364 87156
1 0.9219857 1.364073 0.6240806 1 54.3093 1.655167 6002113 13 1 14.24514 2.430297 6002113 13 1 364 87175
1 0.1610681 0.04515641 0.4007308 1 483.9955 1.708823 6003113 13 1 86.15245 1.467775 6003113 13 1 364 87240
1 0.9894024 0.7036328 1.19152 1 91.27781 1.420266 6003113 13 1 19.80854 1.658232 6003113 13 1 364 87248
1 0.06482654 0.01276116 0.2218368 1 44.23579 1.490061 6002113 13 1 54.89321 1.786934 6002113 13 1 367 87990
1 1.227292 1.202911 1.205555 1 61.30005 1.405648 6003113 13 1 50.15847 1.649972 6003113 13 1 367 88023
1 1.227292 1.202911 1.205555 1 61.30005 1.405648 6003113 13 1 50.15847 1.649972 6003113 13 1 367 88023
1 0.3767309 0.1505117 0.7131262 1 249.6926 1.621536 6003113 13 1 131.9602 1.957082 6003113 13 1 368 88316
1 1.15499 1.021547 1.194574 1 126.4062 1.511756 6002113 13 1 15.55994 4.449641 6002113 13 1 371 88952
1 0.7934737 0.4881172 1.065644 1 45.56645 2.103376 6002113 13 1 25.03048 1.53235 6002113 13 1 391 93635
1 0.4442115 0.1872741 0.8068974 1 3.92167 1.870974 6002113 13 1 24.06562 2.128694 6002113 13 1 391 93758
1 1.182032 1.113501 1.180358 1 1.762544 1.637346 6002113 13 1 103.8482 1.442886 6002113 13 1 392 93905
1 1.10316 1.145079 1.05266 1 37.037 1.329696 6003113 13 0 16.51439 2.300018 6003113 13 1 392 94060
1 1.114777 0.884905 1.24054 1 0.09655338 1.746432 6001113 13 1 10.2882 1.586838 6001113 13 1 403 96630
1 1.095596 1.133769 1.050051 1 178.2211 1.519808 6003113 13 1 67.04004 1.533268 6003113 13 1 404 96758
1 1.142868 1.177299 1.103399 1 33.37832 1.995668 6002113 13 1 58.7072 2.429783 6002113 13 1 21 4891
1 1.048997 1.136673 0.9559695 1 2.849138 1.651976 6002113 13 1 59.21982 1.521022 6002113 13 1 21 5033
1 1.157728 1.196465 1.111764 1 3.516649 1.482886 6001113 13 1 14.63557 1.305445 6001113 13 1 22 5046
1 1.145385 0.9245803 1.259718 1 42.02987 1.400874 6002113 13 1 0.6250826 1.489209 6002113 13 1 22 5178
1 1.866054 2.331325 1.3979 1 53.56512 1.445971 6003113 13 1 20.93156 1.423648 6003113 13 1 22 5243
1 1.176288 1.010978 1.239274 1 32.2143 1.972541 6003113 13 1 93.19469 8.435078 6003113 13 1 25 5845
1 1.057513 1.112379 0.9951048 1 34.06754 3.752174 6002113 13 1 58.36422 1.930109 6002113 13 1 25 5915
1 1.057513 1.112379 0.9951048 1 34.06754 3.752174 6002113 13 1 58.36422 1.930109 6002113 13 1 25 5915
1 1.167323 1.186361 1.134647 1 93.49273 1.640588 6002113 13 1 22.87089 1.456826 6002113 13 1 26 6131
1 1.26516 1.422013 1.117256 0 798.4072 4.205216 6003113 13 1 208.9733 1.982248 6003113 13 1 58 13728
1 1.10316 1.145079 1.05266 1 99.5379 3.016918 6002113 13 1 13.60422 1.903864 6002113 13 1 71 17033
1 0.8748782 0.5617447 1.136825 1 28.05417 1.934123 6002113 13 1 42.52739 1.194557 6002113 13 1 72 17147
1 1.035838 1.098122 0.9666125 1 133.9173 1.279825 6003113 13 0 22.93156 1.70093 6003113 13 1 239 57162
1 1.641128 1.972201 1.285192 1 36.65281 1.840472 6003113 13 1 8.801297 1.569325 6003113 13 1 240 57468
1 1.036252 1.095703 0.9699052 1 140.9626 1.568613 6003113 13 1 31.70821 1.300073 6003113 13 1 240 57477
1 1.059052 1.139164 0.9715886 1 41.25584 3.289716 6003113 13 1 651.5577 1.852706 6003113 13 1 242 57880
1 1.213336 1.227995 1.180605 1 59.54823 1.539743 6002113 13 1 185.5176 1.422427 6002113 13 1 251 60025
1 1.126364 0.9389989 1.211138 1 104.8981 1.533679 6002113 13 1 10.57019 1.325022 6002113 13 1 252 60467
1 1.151918 0.9752633 1.225726 1 275.9598 1.531503 6003113 13 0 652.1943 2.370699 6003113 13 1 259 62073
1 1.058012 1.115802 0.9930252 1 35.87346 1.281473 6002113 13 0 5.987863 5.305873 6002113 13 1 260 62278
1 0.1991887 0.05938704 0.4717879 1 35.24121 1.737259 6002113 13 1 94.26871 1.896465 6002113 13 1 260 62300
1 1.126364 0.9389989 1.211138 1 1.326888 1.344569 6002113 13 1 66.62084 1.466609 6002113 13 1 260 62305
1 0.005758415 0.0008804548 0.03337169 1 154.2207 1.794688 6003113 13 1 127.9478 1.866824 6003113 13 1 283 67714
1 1.213336 1.227995 1.180605 1 21.21216 1.473603 6002113 13 1 0.1532905 1.647487 6002113 13 1 283 67740
1 0.2539062 0.08544197 0.5475258 1 13.57228 4.353199 6002113 13 1 38.72207 2.417137 6002113 13 1 283 67750
1 0.5292084 0.8493549 0.3262614 0 130.7695 3.154934 6002113 13 1 19.35624 1.689804 6002113 13 1 283 67907
1 0.3355998 0.123277 0.6770892 1 24.75242 1.476247 6003113 13 1 78.63274 1.439027 6003113 13 1 284 67943
1 1.174602 1.053046 1.204645 1 14.49874 1.697369 6002113 13 1 10.21188 1.49942 6002113 13 1 284 68009
1 1.033406 1.101364 0.958024 1 0.03354711 2.133461 6003113 13 1 139.8576 1.651558 6003113 13 1 284 68019
1 1.199428 1.046014 1.251733 0 743.2157 1.366989 6003113 13 1 148.5455 1.718014 6003113 13 1 297 71226
1 1.173319 1.196671 1.139395 1 103.382 2.604559 6002113 13 1 19.98924 1.76068 6002113 13 1 297 71253
1 1.0427 1.134261 0.9473373 1 60.89971 3.129718 6002113 13 1 57.26617 1.896211 6002113 13 1 298 71348
1 1.099519 1.139476 1.051563 1 56.22945 1.615167 6003113 13 1 51.30278 1.652264 6003113 13 1 298 71494
1 1.050919 0.8056091 1.198818 1 27.48217 1.509655 6002113 13 1 94.92006 1.741606 6002113 13 1 387 92694
1 0.7055845 0.3974356 1.016366 1 121.6344 6.19847 6002113 13 1 76.40493 2.77543 6002113 13 1 387 92734
1 0.5380682 0.2637946 0.8676014 1 31.73051 2.083283 6002113 13 1 47.50431 3.359547 6002113 13 1 388 93072
1 1.190567 1.223018 1.152597 1 80.5834 1.596136 6002113 13 1 108.8326 1.306285 6002113 13 1 393 94158
1 1.190567 1.223018 1.152597 1 73.55111 1.538018 6002113 13 1 4.082365 1.611125 6002113 13 1 393 94171
1 0.2539062 0.08544197 0.5475258 1 1.639135 1.418948 6002113 13 1 104.5649 1.381557 6002113 13 1 394 94494
1 1.227292 1.202911 1.205555 1 10.02263 1.429224 6001113 13 1 0.8905259 1.932336 6001113 13 1 395 94704
1 1.20651 1.16088 1.193521 1 24.23838 2.228849 6002113 13 1 30.25609 2.031044 6002113 13 1 396 94821
1 1.083255 0.8452013 1.220206 1 47.3401 1.529922 6002113 13 1 26.01579 1.680007 6002113 13 1 396 94874
1 1.083255 0.8452013 1.220206 1 47.3401 1.529922 6002113 13 1 26.01579 1.680007 6002113 13 1 396 94874
1 0.4903168 0.2233237 0.8385035 1 139.5309 2.049725 6003113 13 1 924.2 6.16678 6003113 13 1 409 98004
1 1.109295 1.155893 1.053631 1 12.33556 1.484766 6002113 13 1 16.32645 1.601362 6002113 13 1 410 98290
1 1.194803 1.137859 1.187115 1 20.01681 1.851923 6002113 13 1 25.05372 4.132911 6002113 13 1 410 98350
1 1.194803 1.137859 1.187115 1 20.01681 1.851923 6002113 13 1 25.05372 4.132911 6002113 13 1 410 98350
1 1.227292 1.202911 1.205555 0 19.44284 2.591507 6002113 13 1 23.79609 1.639002 6002113 13 1 410 98396
1 0.2443026 0.07741789 0.5517042 1 13.0081 1.686782 6003113 13 1 69.18127 1.751284 6003113 13 1 411 98526
1 0.9138955 0.6245104 1.1333 1 21.62118 1.693936 6002113 13 1 78.69183 1.477892 6002113 13 1 412 98758
1 1.866054 2.331325 1.3979 1 35.71832 2.140086 6002113 13 1 34.49469 1.597596 6002113 13 1 413 98990
1 1.75908 2.248522 1.290011 1 6.713713 1.825345 6002113 13 0 27.42543 1.594143 6002113 13 1 414 99226
1 1.209625 1.112975 1.222657 1 40.65606 1.435593 6002113 13 1 41.92369 1.687284 6002113 13 1 414 99273
1 0.5179346 0.9281273 0.2807825 1 44.12507 1.378471 6002113 13 1 43.5505 1.802493 6002113 13 1 61 14407
1 1.057513 1.112379 0.9951048 1 72.51473 1.369992 6002113 13 1 105.8608 1.420848 6002113 13 1 62 14669
1 1.329532 1.478061 1.189894 1 38.53456 1.304823 6002113 13 1 12.1461 2.142183 6002113 13 1 69 16449
1 1.199401 1.201198 1.170168 1 15.33238 1.492784 6001113 13 1 1.325363 1.377924 6001113 13 1 69 16499
1 1.194803 1.137859 1.187115 1 23.59681 1.852093 6002113 13 1 55.82235 1.678569 6002113 13 1 70 16695
1 1.641128 1.972201 1.285192 1 6.770044 1.410706 6002113 13 1 11.9166 1.391459 6002113 13 1 84 20134
1 1.035838 1.098122 0.9666125 1 7.332928 1.711861 6002113 13 1 89.79183 1.528487 6002113 13 1 91 21721
1 1.199428 1.046014 1.251733 1 59.85312 1.571153 6002113 13 1 84.05637 1.355185 6002113 13 1 92 21967
1 0.5279956 0.2465533 0.8852676 1 160.9819 1.420747 6003113 13 1 190.6767 1.496201 6003113 13 1 125 29828
1 1.405111 1.934095 0.9833891 1 31.3308 1.655197 6002113 13 1 7.849271 1.482294 6002113 13 1 187 44738
1 1.035838 1.098122 0.9666125 0 105.8205 1.847247 6003113 13 1 78.97397 1.548372 6003113 13 1 187 44762
1 0.0739324 0.01495082 0.2461688 1 19.37426 2.100883 6002113 13 1 92.96786 2.196382 6002113 13 1 188 45019
1 1.192805 1.083559 1.213989 1 38.79263 1.61609 6003113 13 1 143.6829 1.582881 6003113 13 1 188 45094
1 1.217313 1.182622 1.199648 1 269.2425 3.814331 6003113 13 1 57.33921 1.615738 6003113 13 1 223 53333
1 1.575265 1.775696 1.383444 1 13.26256 1.457507 6002113 13 1 38.28872 1.442816 6002113 13 1 223 53338
1 0.6235333 0.981489 0.3895437 0 821.3642 1.957966 6003113 13 1 167.3667 1.608886 6003113 13 1 223 53426
1 0.7934737 0.4881172 1.065644 1 20.99992 2.609128 6002113 13 1 9.239443 1.615927 6002113 13 1 224 53589
1 0.114587 0.02674881 0.3330998 1 27.26018 1.76972 6002113 13 1 21.9851 1.352738 6002113 13 1 224 53657
1 1.405111 1.934095 0.9833891 1 53.73784 1.557864 6002113 13 1 7.269658 1.395642 6002113 13 1 224 53687
1 1.213336 1.227995 1.180605 1 38.23445 1.976198 6002113 13 1 163.957 1.75467 6002113 13 1 231 55217
1 1.190567 1.223018 1.152597 1 104.9468 1.502167 6002113 13 1 30.98346 1.341983 6002113 13 1 231 55235
1 1.134034 1.248093 1.022271 0 697.9452 1.566678 6003113 13 1 63.45313 1.456147 6003113 13 1 231 55278
1 1.641128 1.972201 1.285192 1 52.79652 1.60151 6003113 13 1 295.6865 1.594672 6003113 13 1 231 55313
1 1.524498 1.73059 1.317664 1 140.5974 1.632753 6003113 13 1 170.0774 3.178905 6003113 13 1 232 55455
1 1.227292 1.202911 1.205555 1 23.49191 1.484468 6003113 13 0 1090.101 4.255621 6003113 13 1 232 55547
1 1.062846 1.139449 0.9784784 1 25.14782 1.478635 6002113 13 1 24.08076 1.398698 6002113 13 1 232 55630
1 1.75908 2.248522 1.290011 1 39.55288 1.61992 6002113 13 1 128.3288 2.216187 6002113 13 1 232 55672
1 1.75908 2.248522 1.290011 1 39.55288 1.61992 6002113 13 1 128.3288 2.216187 6002113 13 1 232 55672
1 1.152971 1.190243 1.109341 1 11.86189 1.758545 6002113 13 1 8.91833 3.205817 6002113 13 1 235 56208
1 1.033406 1.101364 0.958024 0 23.58318 1.953121 6002113 13 1 56.75483 1.647302 6002113 13 1 236 56426
1 1.199428 1.046014 1.251733 1 22.93647 1.725793 6002113 13 1 24.15369 2.058363 6002113 13 1 236 56463
1 1.176288 1.010978 1.239274 1 73.70791 1.403963 6002113 13 1 46.59878 1.515088 6002113 13 1 263 63120
1 1.157728 1.196465 1.111764 1 9.739004 4.564157 6002113 13 1 56.73217 1.693747 6002113 13 1 264 63136
1 0.2792014 0.09677438 0.588659 1 12.51529 1.255616 6003113 13 1 40.84657 1.982007 6003113 13 1 289 69187
1 1.147959 1.183877 1.106546 1 32.2214 2.0265 6002113 13 1 22.63597 2.316544 6002113 13 1 289 69338
1 1.147959 1.183877 1.106546 1 32.2214 2.0265 6002113 13 1 22.63597 2.316544 6002113 13 1 289 69338
1 1.151918 0.9752633 1.225726 1 59.96246 1.505777 6003113 13 1 66.48956 1.391119 6003113 13 1 290 69470
1 1.566869 2.206142 1.088645 1 42.54502 2.127918 6002113 13 1 32.11967 1.74476 6002113 13 1 290 69574
1 0.665028 0.3662483 0.9755856 1 500.1645 4.862723 6003113 13 1 71.8673 2.166172 6003113 13 1 317 76003
1 1.182032 1.113501 1.180358 1 43.0358 1.727357 6002113 13 0 15.04571 2.146727 6002113 13 1 329 78803
1 1.056557 1.108524 0.9965968 0 30.40936 5.269457 6002113 13 1 59.5925 1.871267 6002113 13 1 330 79012
1 0.4442115 0.1872741 0.8068974 1 35.2478 2.20714 6002113 13 1 9.36898 1.894983 6002113 13 1 330 79076
1 1.179161 1.206147 1.144075 1 78.97094 3.388164 6003113 13 0 7.405866 1.762569 6003113 13 1 201 48075
1 0.8339615 0.5241884 1.101491 1 38.73957 1.919677 6003113 13 1 111.1184 1.513118 6003113 13 1 201 48195
1 1.017868 0.7662661 1.176325 1 16.14706 1.50778 6002113 13 1 77.92294 1.399248 6002113 13 1 202 48310
1 0.7268606 1.122648 0.4611204 0 511.6157 1.355812 6003113 13 1 118.4541 1.389612 6003113 13 1 245 58746
1 1.143675 1.253919 1.033471 1 41.24223 1.486424 6002113 13 1 79.48051 1.526446 6002113 13 1 245 58788
1 1.063672 0.7860307 1.245813 1 59.94789 1.568403 6002113 13 1 28.53142 1.886498 6002113 13 1 246 58895
1 1.298986 1.452146 1.156092 1 46.51703 1.609908 6002113 13 1 7.785716 1.735836 6002113 13 1 246 58916
1 1.062846 1.139449 0.9784784 1 127.3541 1.774848 6003113 13 0 129.4566 3.601954 6003113 13 1 271 64882
1 1.151918 0.9752633 1.225726 1 240.4016 1.613025 6003113 13 1 47.29586 1.28531 6003113 13 1 271 64953
1 1.190567 1.223018 1.152597 1 15.78828 1.691916 6002113 13 1 37.19415 1.474201 6002113 13 1 271 65002
1 1.866054 2.331325 1.3979 1 68.91931 1.768012 6002113 13 1 28.65366 1.437272 6002113 13 1 272 65111
1 1.147959 1.183877 1.106546 1 60.85102 1.472223 6002113 13 1 48.78699 1.82193 6002113 13 1 272 65225
1 1.083255 0.8452013 1.220206 1 52.00151 1.786855 6003113 13 1 181.326 1.500193 6003113 13 1 272 65271
1 1.114777 0.884905 1.24054 1 7.265567 4.573663 6002113 13 1 30.67338 1.516231 6002113 13 1 325 77848
1 0.6159488 0.3166172 0.9557644 1 0.1360322 2.909222 6001113 13 1 10.07923 1.56909 6001113 13 1 326 78144
1 0.4442115 0.1872741 0.8068974 1 111.798 1.617063 6003113 13 1 339.8355 1.859352 6003113 13 1 326 78171
1 0.6998869 0.3767799 1.045889 1 41.83605 3.708539 6002113 13 1 8.227119 1.901687 6002113 13 1 335 80190
1 1.152971 1.190243 1.109341 1 22.07553 1.852447 6002113 13 1 69.735 3.778927 6002113 13 1 330 79110
1 1.143675 1.253919 1.033471 1 71.37818 2.583611 6002113 13 1 7.373626 2.667245 6002113 13 1 330 79133
1 1.152501 1.258655 1.04415 1 13.13757 1.72952 6002113 13 1 37.92591 2.855153 6002113 13 1 377 90263
1 0.003019196 0.0005044267 0.01820843 1 76.99343 3.274664 6002113 13 1 19.18012 3.116447 6002113 13 1 377 90451
1 1.0427 1.134261 0.9473373 1 49.3279 1.390467 6002113 13 1 52.49018 1.54366 6002113 13 1 378 90557
1 1.0427 1.134261 0.9473373 1 49.3279 1.390467 6002113 13 1 52.49018 1.54366 6002113 13 1 378 90557
1 1.036252 1.095703 0.9699052 1 33.33283 1.214888 6003113 13 1 303.7472 2.229972 6003113 13 1 378 90713
1 1.641128 1.972201 1.285192 1 17.88626 2.894676 6002113 13 1 4.507223 1.59848 6002113 13 1 3 582
1 1.033406 1.101364 0.958024 1 30.56867 1.574363 6002113 13 1 20.2363 2.002243 6002113 13 1 4 855
1 1.134034 1.248093 1.022271 0 444.1812 1.540852 6003113 13 1 116.962 1.656004 6003113 13 1 15 3405
1 1.031225 1.102163 0.9526981 1 87.73876 1.510023 6002113 13 0 89.67711 1.994727 6002113 13 1 15 3449
1 1.524498 1.73059 1.317664 0 409.3337 2.071385 6003113 13 1 78.8905 1.707409 6003113 13 1 15 3548
1 0.5226254 0.8798594 0.3137767 1 29.72367 2.819457 6002113 13 1 42.7889 3.145844 6002113 13 1 16 3827
1 1.0427 1.134261 0.9473373 1 102.6038 1.459081 6002113 13 1 53.60505 1.388086 6002113 13 1 17 3853
1 1.192805 1.083559 1.213989 1 44.79154 1.412187 6003113 13 1 15.28032 2.436351 6003113 13 1 17 3891
1 1.054444 1.13827 0.9640688 1 510.5483 1.815159 6003113 13 1 73.55148 1.775939 6003113 13 1 18 4280
1 1.083255 0.8452013 1.220206 1 32.90157 1.473047 6002113 13 1 21.8343 1.450305 6002113 13 1 131 31366
1 1.099696 0.9023142 1.195627 1 199.2281 1.419002 6003113 13 1 323.6902 1.689328 6003113 13 1 137 32816
1 0.8339615 0.5241884 1.101491 1 38.12427 2.612676 6002113 13 1 72.11855 1.611619 6002113 13 1 137 32833
1 0.4442115 0.1872741 0.8068974 1 93.67007 3.605106 6002113 13 1 33.34655 1.851659 6002113 13 1 138 32958
1 0.02402195 0.003812468 0.1069883 1 77.68307 4.050697 6002113 13 1 37.10939 3.005852 6002113 13 1 140 33493
1 1.031225 1.102163 0.9526981 1 240.5646 1.606471 6003113 13 1 344.38 1.718741 6003113 13 1 140 33593
1 0.01536516 0.002346602 0.07345495 1 103.9626 1.77694 6002113 13 1 53.32989 2.365172 6002113 13 1 273 65505
1 0.5675248 0.271593 0.9330701 1 28.92295 1.715218 6003113 13 1 65.65539 2.548923 6003113 13 1 274 65660
1 1.062846 1.139449 0.9784784 1 48.87394 2.07691 6003113 13 0 1007.417 1.486772 6003113 13 1 274 65733
1 1.575265 1.775696 1.383444 1 30.87721 1.389075 6002113 13 1 23.15663 1.469311 6002113 13 1 275 65883
1 1.575265 1.775696 1.383444 1 30.87721 1.389075 6002113 13 1 23.15663 1.469311 6002113 13 1 275 65883
1 0.9894024 0.7036328 1.19152 1 38.34962 1.486066 6002113 13 1 40.22325 1.809947 6002113 13 1 276 66078
1 1.036252 1.095703 0.9699052 1 36.9899 1.764277 6003113 13 1 39.93794 1.909947 6003113 13 1 276 66149
1 1.314649 1.46568 1.173482 1 28.54465 2.989032 6002113 13 0 0.7794011 8.619206 6002113 13 1 276 66206
1 0.1214868 0.03012302 0.3349064 1 33.43583 3.186512 6002113 13 1 209.4088 2.240259 6002113 13 1 293 70309
1 0.1214868 0.03012302 0.3349064 1 33.43583 3.186512 6002113 13 1 209.4088 2.240259 6002113 13 1 293 70309
1 1.0427 1.134261 0.9473373 1 84.85618 1.546701 6002113 13 1 48.28453 1.567095 6002113 13 1 294 70321
1 0.9517445 0.6636014 1.162862 1 78.25455 1.723511 6002113 13 1 21.01173 1.612417 6002113 13 1 294 70435
1 1.194803 1.137859 1.187115 1 8.821237 1.868689 6002113 13 1 19.51372 1.461025 6002113 13 1 294 70438
1 0.0007062813 0.0001618114 0.003399837 1 72.71706 2.066658 6002113 13 1 18.37864 1.729223 6002113 13 1 294 70519
1 1.705086 2.017803 1.363962 1 17.11204 1.415032 6002113 13 1 49.73982 1.383373 6002113 13 1 299 71598
1 1.099696 0.9023142 1.195627 1 24.21084 1.727587 6002113 13 1 43.37585 1.217209 6002113 13 1 299 71672
1 1.137649 1.170432 1.099925 1 141.5265 1.673154 6002113 13 0 4.382802 3.593141 6002113 13 1 299 71680
1 1.036252 1.095703 0.9699052 1 44.45303 1.718247 6002113 13 1 85.0802 1.488676 6002113 13 1 300 71879
1 0.5226254 0.8798594 0.3137767 1 0.9215173 2.072808 6002113 13 1 45.96095 2.314035 6002113 13 1 331 79254
1 1.157728 1.196465 1.111764 1 46.89347 2.004611 6002113 13 1 3.411414 3.518618 6002113 13 1 331 79290
1 0.4094664 0.1680855 0.7591912 1 27.55829 1.381122 6003113 13 1 132.3788 1.455279 6003113 13 1 332 79524
1 0.4094664 0.1680855 0.7591912 1 27.55829 1.381122 6003113 13 1 132.3788 1.455279 6003113 13 1 332 79524
1 0.8748782 0.5617447 1.136825 0 987.5574 2.089731 6003113 13 1 83.43172 1.465111 6003113 13 1 332 79641
1 1.054444 1.13827 0.9640688 1 80.26523 1.395272 6002113 13 0 2.658826 1.446567 6002113 13 1 341 81655
1 1.157728 1.196465 1.111764 1 4.483068 1.492461 6003113 13 1 41.72932 2.860935 6003113 13 1 341 81772
1 0.7268606 1.122648 0.4611204 1 66.50724 2.130342 6002113 13 1 21.51905 1.781935 6002113 13 1 342 81878
1 1.059052 1.139164 0.9715886 1 80.16242 2.0913 6003113 13 1 177.3031 2.044686 6003113 13 1 342 81912
1 1.179161 1.206147 1.144075 1 44.34029 1.354528 6002113 13 1 62.02077 4.704967 6002113 13 1 343 82262
1 1.123647 1.241142 1.010512 1 68.73192 1.600652 6003113 13 1 161.13 1.830597 6003113 13 1 344 82380
1 1.282494 1.437562 1.137462 1 19.37935 1.396695 6001113 13 1 9.522734 1.602716 6001113 13 1 344 82460
1 1.282494 1.437562 1.137462 1 19.37935 1.396695 6001113 13 1 9.522734 1.602716 6001113 13 1 344 82460
1 1.524498 1.73059 1.317664 1 17.03313 1.723194 6002113 13 1 41.24115 1.419378 6002113 13 1 347 83112
1 1.0427 1.134261 0.9473373 1 18.6191 1.479107 6002113 13 1 45.51001 1.472318 6002113 13 1 348 83281
1 1.145385 0.9245803 1.259718 0 20.98431 1.749729 6002113 13 1 14.89023 1.465631 6002113 13 1 348 83300
1 0.1080031 0.02598027 0.3057024 1 127.1684 2.01553 6003113 13 1 105.5881 2.4638 6003113 13 1 348 83416
1 0.747205 0.4303799 1.057145 1 135.2953 1.809624 6002113 13 1 9.014418 2.698832 6002113 13 1 152 36435
1 1.033406 1.101364 0.958024 1 38.64634 3.077637 6002113 13 1 42.91883 1.699935 6002113 13 1 153 36481
1 0.1707681 0.04642279 0.4356818 1 51.76198 1.419716 6003113 13 1 0.3794909 1.830187 6003113 13 1 153 36634
1 1.329532 1.478061 1.189894 0 813.451 1.738645 6003113 13 1 112.3301 1.488255 6003113 13 1 153 36648
1 0.4544891 0.2018274 0.792879 1 292.8936 1.573962 6003113 13 1 97.29635 1.453577 6003113 13 1 154 36809
1 0.06482654 0.01276116 0.2218368 1 43.76153 1.572783 6002113 13 1 8.235649 1.45857 6002113 13 1 154 36902
1 1.059052 1.139164 0.9715886 1 17.11387 1.549406 6002113 13 1 56.29331 2.262867 6002113 13 1 154 36950
1 1.034916 1.100018 0.9626585 1 97.08138 1.708218 6002113 13 1 17.54634 1.333007 6002113 13 1 175 41898
1 1.063672 0.7860307 1.245813 1 127.0232 1.542141 6003113 13 1 95.08563 1.43643 6003113 13 1 175 41910
1 1.137649 1.170432 1.099925 1 43.64653 1.545534 6003113 13 0 1411.791 1.550893 6003113 13 1 175 41968
1 0.665028 0.3662483 0.9755856 1 13.75894 1.793412 6002113 13 1 36.0658 2.188724 6002113 13 1 219 52346
1 0.5675248 0.271593 0.9330701 1 10.18367 1.758142 6003113 13 1 162.7991 8.43416 6003113 13 1 219 52462
1 1.099519 1.139476 1.051563 1 25.04159 1.973629 6002113 13 1 46.3304 1.665434 6002113 13 1 220 52643
1 1.0427 1.134261 0.9473373 1 28.73724 3.380163 6002113 13 1 57.2277 1.893589 6002113 13 1 220 52746
1 1.761918 2.058838 1.43754 1 7.669519 2.579648 6002113 13 1 67.56006 2.59805 6002113 13 1 255 61031
1 1.035838 1.098122 0.9666125 1 51.23974 1.484772 6002113 13 1 5.184485 1.383385 6002113 13 1 255 61097
1 1.10316 1.145079 1.05266 1 476.1227 1.84896 6003113 13 0 159.7403 3.201958 6003113 13 1 256 61237
1 1.057513 1.112379 0.9951048 1 57.95858 2.005771 6003113 13 0 168.5963 4.495873 6003113 13 1 301 72006
1 1.134034 1.248093 1.022271 1 67.44489 1.91235 6002113 13 1 30.83076 3.236744 6002113 13 1 301 72018
1 1.176288 1.010978 1.239274 1 24.2086 2.444054 6002113 13 1 26.70146 1.48595 6002113 13 1 380 91023
1 0.0739324 0.01495082 0.2461688 1 6.293968 3.522819 6002113 13 1 57.3331 1.774666 6002113 13 1 11 2557
1 1.151918 0.9752633 1.225726 1 34.67886 1.551286 6002113 13 0 6.607163 1.81899 6002113 13 1 11 2574
1 1.10316 1.145079 1.05266 1 65.507 1.421955 6002113 13 1 32.86346 1.425125 6002113 13 1 12 2654
1 1.174602 1.053046 1.204645 1 215.2371 2.711749 6003113 13 1 41.39014 1.81616 6003113 13 1 12 2731
1 1.031225 1.102163 0.9526981 1 49.65197 1.664775 6002113 13 1 57.11751 1.397482 6002113 13 1 39 9143
1 1.152971 1.190243 1.109341 0 46.70185 3.14848 6002113 13 1 42.96585 1.618427 6002113 13 1 39 9165
1 1.033406 1.101364 0.958024 1 195.0743 1.93682 6003113 13 1 30.04455 1.344425 6003113 13 1 39 9297
1 1.099696 0.9023142 1.195627 1 324.6966 1.608995 6003113 13 1 39.43824 1.760056 6003113 13 1 40 9437
1 1.034916 1.100018 0.9626585 1 99.57891 1.489391 6002113 13 1 37.28952 1.74736 6002113 13 1 45 10645
1 1.182032 1.113501 1.180358 1 17.11071 1.442881 6002113 13 1 15.65734 1.440688 6002113 13 1 45 10656
1 1.182032 1.113501 1.180358 1 17.11071 1.442881 6002113 13 1 15.65734 1.440688 6002113 13 1 45 10656
1 1.1849 1.214892 1.148506 1 155.0721 1.479192 6003113 13 0 821.2386 1.67435 6003113 13 1 46 11022
1 0.3064061 0.1093534 0.631845 1 99.37333 1.840232 6003113 13 1 96.13427 1.41096 6003113 13 1 46 11040
1 1.157728 1.196465 1.111764 1 16.96331 1.367021 6002113 13 1 45.81438 1.478953 6002113 13 1 54 12749
1 1.056557 1.108524 0.9965968 1 61.48289 1.394336 6002113 13 1 36.52123 1.538616 6002113 13 1 54 12856
1 1.314649 1.46568 1.173482 1 52.79939 1.441815 6002113 13 1 57.6843 2.080135 6002113 13 1 54 12896
1 1.314649 1.46568 1.173482 1 61.45418 1.419698 6002113 13 1 14.64188 1.661504 6002113 13 1 65 15434
1 1.575265 1.775696 1.383444 1 29.27018 2.841023 6002113 13 0 63.70807 8.088022 6002113 13 1 65 15465
1 1.114777 0.884905 1.24054 0 17.36974 1.915698 6003113 13 1 53.60927 1.605466 6003113 13 1 65 15533
1 0.7934737 0.4881172 1.065644 1 70.9344 1.352609 6002113 13 1 20.10624 1.581217 6002113 13 1 66 15672
1 1.26516 1.422013 1.117256 1 19.83162 1.652581 6002113 13 0 0.654033 2.425902 6002113 13 1 66 15723
1 1.048836 1.548763 0.7254791 1 3.114967 1.605215 6002113 13 1 21.84691 1.515787 6002113 13 1 89 21315
1 0.03009876 0.005032814 0.1242768 1 101.4044 1.623155 6002113 13 1 12.98554 1.849259 6002113 13 1 90 21440
1 1.036252 1.095703 0.9699052 1 81.84503 1.455029 6002113 13 1 7.916732 1.435843 6002113 13 1 90 21534
1 1.026751 0.7444853 1.219196 1 39.34753 1.687294 6002113 13 1 27.42344 3.156649 6002113 13 1 90 21582
1 1.526225 2.04983 1.080738 1 19.07719 1.405075 6002113 13 1 33.73225 1.406272 6002113 13 1 95 22569
1 0.1363718 0.034862 0.3662451 1 76.48201 1.657152 6002113 13 0 18.98569 2.742752 6002113 13 1 95 22584
1 0.6235333 0.981489 0.3895437 0 48.24828 5.713136 6002113 13 1 76.80286 2.707046 6002113 13 1 97 23087
1 1.314649 1.46568 1.173482 1 35.8167 2.339915 6002113 13 1 71.95604 2.206621 6002113 13 1 97 23120
1 1.095596 1.133769 1.050051 1 186.9213 1.645591 6003113 13 1 200.7465 2.948056 6003113 13 1 105 25018
1 1.10316 1.145079 1.05266 1 56.36275 2.506697 6003113 13 1 113.976 6.885191 6003113 13 1 105 25178
1 1.46424 1.680344 1.235249 1 44.07515 1.407442 6003113 13 0 638.4938 1.488707 6003113 13 1 106 25325
1 1.209625 1.112975 1.222657 1 68.72697 1.494593 6002113 13 1 11.24751 1.791479 6002113 13 1 106 25380
1 1.192805 1.083559 1.213989 1 19.74246 1.748254 6002113 13 1 88.19949 2.530181 6002113 13 1 109 26102
1 1.152501 1.258655 1.04415 1 33.70605 1.458463 6002113 13 1 15.75627 1.384587 6002113 13 1 109 26134
1 1.641128 1.972201 1.285192 1 0.2431273 1.764827 6002113 13 1 80.75235 1.492503 6002113 13 1 110 26235
1 0.789787 0.4650854 1.097808 1 137.2212 1.583524 6002113 13 1 43.76617 1.47447 6002113 13 1 110 26320
1 1.314649 1.46568 1.173482 1 55.1792 3.906414 6002113 13 1 4.814161 2.360044 6002113 13 1 122 29206
1 1.034916 1.100018 0.9626585 1 43.78038 1.896934 6003113 13 0 731.9235 1.46853 6003113 13 1 191 45660
1 1.137649 1.170432 1.099925 1 12.11653 1.699733 6002113 13 1 68.56699 1.283661 6002113 13 1 191 45837
1 1.157728 1.196465 1.111764 1 10.60876 1.864313 6003113 13 1 39.56818 1.757404 6003113 13 1 192 45905
1 0.4442115 0.1872741 0.8068974 1 19.05211 1.87229 6002113 13 1 2.704634 1.426885 6002113 13 1 192 45928
1 0.2304392 0.07526134 0.508429 1 45.50002 1.473714 6003113 13 1 11.62732 1.789602 6003113 13 1 192 45984
1 1.179161 1.206147 1.144075 1 15.65607 1.733591 6002113 13 1 37.82307 1.623608 6002113 13 1 192 46017
1 0.4269872 0.7264097 0.2541938 1 114.9781 1.420814 6002113 13 1 31.08666 1.471607 6002113 13 1 192 46061
1 0.5380682 0.2637946 0.8676014 1 128.7204 2.383884 6002113 13 1 6.829026 1.29566 6002113 13 1 197 47068
1 1.114777 0.884905 1.24054 1 46.31607 1.922278 6002113 13 0 31.73763 4.676012 6002113 13 1 198 47441
1 1.033406 1.101364 0.958024 1 117.7688 3.584272 6003113 13 1 100.955 1.717315 6003113 13 1 199 47625
1 0.1610681 0.04515641 0.4007308 1 51.47706 1.425659 6002113 13 1 2.470368 1.414498 6002113 13 1 348 83486
1 1.227292 1.202911 1.205555 1 32.59009 1.566705 6002113 13 1 16.42433 1.872892 6002113 13 1 302 72315
1 1.137649 1.170432 1.099925 1 24.47065 2.636568 6002113 13 1 2.442348 2.172825 6002113 13 1 302 72351
1 1.109295 1.155893 1.053631 1 101.2397 1.586098 6003113 13 1 97.82617 1.568151 6003113 13 1 310 74324
1 1.142868 1.177299 1.103399 1 64.47708 2.096959 6003113 13 1 436.9748 3.492143 6003113 13 1 319 76379
1 1.75908 2.248522 1.290011 1 2.374989 1.330778 6002113 13 1 22.44254 1.712 6002113 13 1 319 76425
1 1.123647 1.241142 1.010512 1 0.4139822 1.439025 6002113 13 1 76.17545 1.412724 6002113 13 1 320 76611
1 1.20651 1.16088 1.193521 0 6.934941 13.71059 6003113 13 1 68.03871 1.849828 6003113 13 1 320 76794
1 1.866054 2.331325 1.3979 1 36.46317 2.429369 6002113 13 1 12.57354 1.689382 6002113 13 1 323 77323
1 1.225386 1.141194 1.230719 1 37.10576 1.971437 6002113 13 1 91.05973 2.258053 6002113 13 1 323 77378
1 0.02605346 0.004275305 0.110374 1 88.32104 1.651204 6002113 13 0 3.047248 6.839931 6002113 13 1 324 77688
1 0.9574994 0.6410515 1.205563 1 179.5493 1.518115 6003113 13 1 136.047 1.715906 6003113 13 1 337 80738
1 1.575265 1.775696 1.383444 1 54.94563 1.45483 6002113 13 1 72.60942 1.414042 6002113 13 1 338 81111
1 1.575265 1.775696 1.383444 1 54.94563 1.45483 6002113 13 1 72.60942 1.414042 6002113 13 1 338 81111
1 0.5675248 0.271593 0.9330701 0 436.8629 1.163474 6003113 13 1 29.23755 1.838487 6003113 13 1 346 82853
1 1.033406 1.101364 0.958024 1 10.89326 1.990729 6001113 13 1 1.719392 1.47574 6001113 13 1 346 82874
1 1.217313 1.182622 1.199648 1 8.722193 1.421623 6001113 13 1 0.7758607 1.523254 6001113 13 1 357 85579
1 1.182032 1.113501 1.180358 1 55.44282 1.327693 6003113 13 0 958.2679 1.998315 6003113 13 1 358 85848
1 1.641128 1.972201 1.285192 1 31.67894 2.572518 6002113 13 1 40.9827 5.520573 6002113 13 1 1 9
1 0.6342273 1.05356 0.3835326 1 19.92436 2.567997 6002113 13 1 11.44784 1.886872 6002113 13 1 1 53
1 1.099696 0.9023142 1.195627 0 2.139793 3.661096 6002113 13 1 47.83635 1.791641 6002113 13 1 1 212
1 1.167323 1.186361 1.134647 1 14.02995 1.586417 6002113 13 1 9.652959 1.613765 6002113 13 1 2 457
1 1.157728 1.196465 1.111764 1 3.019301 1.40544 6002113 13 1 92.23013 1.472689 6002113 13 1 35 8219
1 1.062846 1.139449 0.9784784 1 46.54121 2.935527 6003113 13 0 79.55402 2.143897 6003113 13 1 159 38023
1 1.566869 2.206142 1.088645 1 38.88712 1.858833 6002113 13 1 8.038117 1.846255 6002113 13 1 160 38233
1 0.8339615 0.5241884 1.101491 1 47.92149 1.217437 6002113 13 1 94.84455 2.254715 6002113 13 1 160 38396
1 1.143675 1.253919 1.033471 1 70.22784 1.314878 6002113 13 1 10.75623 3.654346 6002113 13 1 169 40484
1 1.036252 1.095703 0.9699052 1 117.809 1.590737 6003113 13 1 88.33774 1.436752 6003113 13 1 169 40489
1 1.192805 1.083559 1.213989 1 55.97123 2.053601 6002113 13 1 35.78236 1.6638 6002113 13 1 170 40689
1 1.083255 0.8452013 1.220206 1 26.01541 1.692544 6002113 13 0 21.3014 1.879474 6002113 13 1 212 50847
1 0.9894024 0.7036328 1.19152 1 33.73255 1.38632 6003113 13 1 100.4649 1.493837 6003113 13 1 261 62464
1 1.641128 1.972201 1.285192 1 30.94929 2.145271 6002113 13 1 61.20816 2.020781 6002113 13 1 261 62572
1 1.194803 1.137859 1.187115 1 121.3109 1.661458 6003113 13 1 2.371492 1.964542 6003113 13 1 262 62695
1 1.123647 1.241142 1.010512 1 41.94754 1.554448 6002113 13 1 27.82981 1.508291 6002113 13 1 262 62730
1 0.3170899 0.1198369 0.6261138 1 142.4025 1.85977 6003113 13 1 44.864 1.552937 6003113 13 1 262 62758
1 1.314649 1.46568 1.173482 1 51.69186 4.595049 6002113 13 0 12.80265 15.86905 6002113 13 1 303 72538
1 1.550791 1.753763 1.352368 1 160.0315 1.923602 6003113 13 1 103.8183 2.021943 6003113 13 1 303 72662
1 1.036252 1.095703 0.9699052 1 60.87378 2.081041 6002113 13 1 36.09292 1.862081 6002113 13 1 304 72748
1 1.036252 1.095703 0.9699052 1 60.87378 2.081041 6002113 13 1 36.09292 1.862081 6002113 13 1 304 72748
1 1.017868 0.7662661 1.176325 1 62.46296 1.746807 6002113 13 1 130.5257 1.964664 6002113 13 1 304 72854
1 1.034916 1.100018 0.9626585 1 17.908 2.114903 6002113 13 1 46.70827 2.441394 6002113 13 1 333 79742
1 0.02402195 0.003812468 0.1069883 1 48.81214 1.704335 6002113 13 1 34.06194 1.852331 6002113 13 1 333 79758
1 1.566869 2.206142 1.088645 1 59.79218 1.69098 6002113 13 1 114.1474 2.37134 6002113 13 1 333 79773
1 0.4903168 0.2233237 0.8385035 1 84.92012 1.498002 6003113 13 1 108.9042 1.86588 6003113 13 1 334 80105
1 0.6571895 0.3457574 1.000641 1 94.39696 2.504001 6002113 13 1 17.87575 1.604564 6002113 13 1 365 87486
1 1.058012 1.115802 0.9930252 1 176.8159 1.934631 6003113 13 1 60.67171 1.654392 6003113 13 1 365 87568
1 1.114777 0.884905 1.24054 1 21.76098 1.899706 6002113 13 0 35.04905 3.749633 6002113 13 1 366 87751
1 1.034916 1.100018 0.9626585 1 21.89891 1.480296 6002113 13 1 8.379197 1.74421 6002113 13 1 366 87773
1 1.059052 1.139164 0.9715886 1 0.05404429 1.915567 6002113 13 1 45.38715 1.237201 6002113 13 1 369 88345
1 1.179161 1.206147 1.144075 1 3.51915 2.132605 6002113 13 1 59.77888 1.965944 6002113 13 1 369 88436
1 1.123647 1.241142 1.010512 1 24.28443 1.466351 6002113 13 0 14.40498 1.485749 6002113 13 1 369 88461
1 1.167323 1.186361 1.134647 1 28.00419 3.663035 6003113 13 1 206.1494 4.194939 6003113 13 1 369 88475
1 1.055133 1.104334 0.9975671 1 299.8841 1.204891 6003113 13 1 57.87643 1.952469 6003113 13 1 5 1082
1 1.057513 1.112379 0.9951048 1 48.09857 2.476092 6002113 13 1 16.85497 2.297582 6002113 13 1 37 8814
1 1.147959 1.183877 1.106546 1 7.622644 1.418123 6002113 13 1 82.42545 1.432991 6002113 13 1 38 9104
1 1.151918 0.9752633 1.225726 1 91.42057 2.177769 6003113 13 1 139.6736 1.472581 6003113 13 1 81 19211
1 1.49586 1.706142 1.278772 1 60.71672 2.13037 6002113 13 0 3.375341 3.460644 6002113 13 1 81 19228
