1 0.02605346 0.004275305 0.110374 0 18.1925 1.986623 6002113 13 1 24.3544 1.371807 6002113 13 1 137 32847
1 0.6235333 0.981489 0.3895437 1 32.74609 1.087082 6002113 13 1 3.848072 1.437892 6002113 13 1 141 33662
1 1.26516 1.422013 1.117256 1 63.06438 1.21348 6002113 13 0 24.13531 2.001501 6002113 13 1 275 65986
1 1.213336 1.227995 1.180605 1 5.631876 2.259788 6002113 13 1 19.09128 3.790668 6002113 13 1 317 75962
1 1.575265 1.775696 1.383444 1 22.93107 2.401251 6002113 13 0 7.304292 1.609171 6002113 13 1 396 94851
1 1.550791 1.753763 1.352368 0 7.872715 1.393398 6003113 13 1 85.49373 1.179606 6003113 13 1 396 94953
1 1.058012 1.115802 0.9930252 1 28.35542 1.833564 6002113 13 0 0.751896 3.493072 6002113 13 1 410 98380
1 1.10316 1.145079 1.05266 0 672.4325 1.35606 6003113 13 1 92.99463 1.063555 6003113 13 1 36 8635
1 1.15499 1.021547 1.194574 0 59.81881 1.387517 6002113 13 0 17.78323 2.352698 6002113 13 1 45 10731
1 1.123647 1.241142 1.010512 0 22.15311 6.794044 6002113 13 1 48.71008 2.070768 6002113 13 1 139 33194
1 1.194803 1.137859 1.187115 1 51.89105 1.200595 6003113 13 0 97.47137 1.407442 6003113 13 1 139 33337
1 0.9894024 0.7036328 1.19152 1 68.05552 1.270336 6003113 13 0 441.1946 1.15418 6003113 13 1 155 37013
1 1.209625 1.112975 1.222657 1 74.94373 1.783589 6003113 13 0 386.2736 6.113484 6003113 13 1 165 39578
1 1.866054 2.331325 1.3979 1 53.07808 2.755104 6002113 13 1 26.39393 1.519364 6002113 13 1 213 51114
1 1.550791 1.753763 1.352368 1 48.56327 1.30838 6002113 13 0 28.23622 2.8401 6002113 13 1 218 52126
1 0.5380682 0.2637946 0.8676014 1 19.05357 2.04599 6002113 13 0 17.27353 2.232852 6002113 13 1 221 52846
1 1.761918 2.058838 1.43754 1 88.12196 1.930706 6003113 13 0 87.51765 1.404966 6003113 13 1 296 70807
1 1.151918 0.9752633 1.225726 0 51.34789 6.488832 6002113 13 0 28.10991 1.239265 6002113 13 1 329 78865
1 1.26516 1.422013 1.117256 0 12.82222 1.672045 6002113 13 1 87.84712 2.142452 6002113 13 1 345 82709
1 1.145385 0.9245803 1.259718 1 25.05803 1.656795 6002113 13 1 26.07641 1.577246 6002113 13 1 353 84670
1 1.054444 1.13827 0.9640688 0 196.6664 1.176023 6003113 13 0 165.4585 1.262804 6003113 13 1 338 80886
1 1.176288 1.010978 1.239274 1 26.5878 1.203439 6002113 13 0 4.713941 1.380168 6002113 13 1 338 81111
1 0.1991887 0.05938704 0.4717879 0 32.0302 8.861578 6003113 13 1 122.9211 1.695283 6003113 13 1 7 1492
1 1.062846 1.139449 0.9784784 1 177.8663 1.869946 6003113 13 0 31.58042 2.179917 6003113 13 1 14 3243
1 1.053247 1.09991 0.9980844 0 95.54414 1.183726 6003113 13 1 46.53167 1.490016 6003113 13 1 22 5262
1 1.053247 1.09991 0.9980844 0 95.54414 1.183726 6003113 13 1 46.53167 1.490016 6003113 13 1 22 5262
1 1.143675 1.253919 1.033471 0 280.6201 1.214641 6003113 13 0 40.68053 1.505018 6003113 13 1 127 30418
1 1.20651 1.16088 1.193521 1 39.98526 1.371542 6002113 13 0 1.720902 3.811999 6002113 13 1 160 38221
1 0.7268606 1.122648 0.4611204 1 39.97203 1.710306 6003113 13 0 151.8134 3.730591 6003113 13 1 148 35472
1 1.209625 1.112975 1.222657 1 2.880633 1.313798 6002113 13 1 37.8102 1.571553 6002113 13 1 171 40990
1 1.059052 1.139164 0.9715886 0 15.6223 1.150526 6002113 13 1 27.23665 1.401823 6002113 13 1 190 45387
1 1.142868 1.177299 1.103399 0 39.34255 1.811607 6002113 13 1 23.37707 1.933808 6002113 13 1 168 40168
1 1.145385 0.9245803 1.259718 1 112.0606 1.297698 6003113 13 1 97.9709 1.589496 6003113 13 1 168 40224
1 1.050919 0.8056091 1.198818 1 64.05391 1.339438 6003113 13 1 117.3783 1.379596 6003113 13 1 205 49176
1 1.167323 1.186361 1.134647 1 64.26496 1.238982 6003113 13 0 450.509 1.150195 6003113 13 1 19 4477
1 0.7242169 1.085561 0.4754195 1 70.66335 1.300092 6003113 13 1 7.185771 2.688592 6003113 13 1 31 7432
1 1.063672 0.7860307 1.245813 0 402.7641 1.48395 6003113 13 1 49.17664 1.216792 6003113 13 1 35 8215
1 1.134034 1.248093 1.022271 1 33.57969 1.292317 6003113 13 1 83.35191 2.115287 6003113 13 1 111 26609
1 0.3767309 0.1505117 0.7131262 0 15.67408 1.682569 6002113 13 1 14.44652 1.114937 6002113 13 1 316 75722
1 1.173319 1.196671 1.139395 1 41.08346 3.892283 6003113 13 0 80.38174 1.635833 6003113 13 1 74 17585
1 1.056557 1.108524 0.9965968 1 30.69118 1.092103 6002113 13 0 4.451508 1.237481 6002113 13 1 76 18113
1 0.9517445 0.6636014 1.162862 1 39.51544 3.917943 6003113 13 1 124.6103 1.451269 6003113 13 1 116 27754
1 0.4445066 0.7265916 0.2710897 1 183.8537 1.311983 6003113 13 1 44.90027 1.402637 6003113 13 1 122 29088
1 1.0427 1.134261 0.9473373 0 368.5905 1.402433 6003113 13 1 100.6347 1.759826 6003113 13 1 122 29192
1 1.15499 1.021547 1.194574 0 95.10784 7.922729 6003113 13 1 74.74886 1.510229 6003113 13 1 401 96001
1 0.3355998 0.123277 0.6770892 0 5.82765 1.631851 6002113 13 1 51.28012 3.057921 6002113 13 1 405 97045
1 1.151918 0.9752633 1.225726 1 12.90096 1.813255 6001113 13 0 0.5531543 7.214189 6001113 13 1 409 98118
1 0.6571895 0.3457574 1.000641 0 10.49247 1.626061 6002113 13 1 63.51492 1.181377 6002113 13 1 104 24905
1 1.054444 1.13827 0.9640688 0 897.0621 6.704572 6003113 13 1 21.86023 1.850032 6003113 13 1 132 31451
1 1.059052 1.139164 0.9715886 1 41.99934 3.077705 6002113 13 1 33.57545 1.604511 6002113 13 1 136 32582
1 0.0739324 0.01495082 0.2461688 1 96.2308 1.48925 6002113 13 1 3.284368 2.414113 6002113 13 1 146 34879
1 1.575265 1.775696 1.383444 1 96.39874 1.208364 6003113 13 0 68.47072 9.383389 6003113 13 1 348 83496
1 1.137649 1.170432 1.099925 0 21.044 1.551788 6002113 13 1 28.45222 2.568523 6002113 13 1 252 60388
1 1.126364 0.9389989 1.211138 0 2.627068 1.832414 6002113 13 1 80.28622 1.759386 6002113 13 1 254 60802
1 1.526225 2.04983 1.080738 1 51.8139 1.220376 6002113 13 0 24.44722 8.397799 6002113 13 1 254 60895
1 1.199401 1.201198 1.170168 1 77.11358 1.440433 6002113 13 0 27.04754 1.437088 6002113 13 1 255 60964
1 1.095596 1.133769 1.050051 1 173.7228 1.152595 6003113 13 1 61.81626 1.205371 6003113 13 1 262 62738
1 1.083255 0.8452013 1.220206 1 54.44326 1.382293 6003113 13 1 246.6381 1.22936 6003113 13 1 277 66406
1 1.054444 1.13827 0.9640688 1 134.3062 1.230717 6003113 13 0 110.1334 1.91906 6003113 13 1 288 68912
1 1.137649 1.170432 1.099925 0 6.805808 5.431152 6002113 13 0 66.28993 1.55956 6002113 13 1 295 70768
1 0.8200224 1.218482 0.5472287 0 118.7412 2.450516 6003113 13 1 161.4673 1.412239 6003113 13 1 300 71862
1 0.005758415 0.0008804548 0.03337169 1 17.20171 1.417185 6002113 13 1 21.84698 1.569402 6002113 13 1 106 25248
1 0.4903168 0.2233237 0.8385035 0 29.94039 2.994015 6003113 13 1 244.2199 1.353531 6003113 13 1 106 25406
1 1.20651 1.16088 1.193521 1 48.84665 1.931797 6003113 13 1 178.6582 2.416176 6003113 13 1 211 50618
1 1.058012 1.115802 0.9930252 0 58.22342 1.301072 6003113 13 1 186.3173 1.891425 6003113 13 1 210 50348
1 1.190567 1.223018 1.152597 0 41.37375 1.231365 6002113 13 1 41.21714 1.500893 6002113 13 1 212 50880
1 1.048836 1.548763 0.7254791 0 19.11914 1.409533 6002113 13 1 41.8418 1.662177 6002113 13 1 226 54152
1 1.206555 1.21522 1.17542 1 27.86748 1.455611 6002113 13 1 23.62669 1.135074 6002113 13 1 397 95201
1 1.192805 1.083559 1.213989 0 33.11729 1.742255 6003113 13 1 157.782 1.195867 6003113 13 1 397 95278
1 0.7934737 0.4881172 1.065644 0 7.558607 1.137021 6002113 13 0 68.10416 1.232101 6002113 13 1 398 95418
1 0.5675248 0.271593 0.9330701 0 74.46185 1.709687 6003113 13 0 66.3196 1.236219 6003113 13 1 398 95482
1 0.1793033 0.05184105 0.4351809 1 25.7269 2.096049 6003113 13 1 65.96825 2.118639 6003113 13 1 403 96497
1 1.059052 1.139164 0.9715886 1 107.3525 2.100975 6003113 13 0 45.18767 1.296262 6003113 13 1 23 5298
1 1.137649 1.170432 1.099925 0 36.47356 1.307016 6002113 13 1 30.93958 1.223578 6002113 13 1 24 5712
1 0.3767309 0.1505117 0.7131262 1 67.90829 1.680922 6002113 13 0 19.12336 3.756132 6002113 13 1 240 57474
1 0.6342273 1.05356 0.3835326 1 29.00138 1.406941 6002113 13 1 33.93503 2.145938 6002113 13 1 243 58296
1 1.036252 1.095703 0.9699052 0 368.0623 1.37661 6003113 13 1 26.48146 3.005334 6003113 13 1 269 64405
1 1.054444 1.13827 0.9640688 1 39.17937 1.425852 6002113 13 0 61.04726 2.084775 6002113 13 1 269 64475
1 1.036252 1.095703 0.9699052 0 168.5854 1.262506 6003113 13 1 100.3421 1.789874 6003113 13 1 272 65090
1 1.034916 1.100018 0.9626585 0 70.7145 4.157448 6003113 13 0 62.47808 1.283042 6003113 13 1 278 66664
1 1.192805 1.083559 1.213989 1 122.352 2.112407 6003113 13 0 35.07238 3.358751 6003113 13 1 278 66689
1 1.152971 1.190243 1.109341 1 30.09818 1.194117 6002113 13 0 19.97075 3.60483 6002113 13 1 382 91610
1 0.3170899 0.1198369 0.6261138 1 0.2385927 1.159472 6002113 13 1 34.79486 1.293605 6002113 13 1 400 95940
1 1.190567 1.223018 1.152597 1 56.66174 1.221953 6003113 13 0 79.70385 1.67619 6003113 13 1 383 91906
1 0.5226254 0.8798594 0.3137767 1 99.07755 2.526785 6002113 13 0 17.50351 1.715105 6002113 13 1 388 93059
1 1.083255 0.8452013 1.220206 0 3.86285 2.31909 6002113 13 1 25.69911 1.230942 6002113 13 1 393 94314
1 1.183608 1.169262 1.159476 1 73.11451 1.379144 6003113 13 0 211.2942 3.60511 6003113 13 1 5 1116
1 1.112575 1.233052 0.9981722 1 72.38477 1.47321 6003113 13 1 39.97887 2.704465 6003113 13 1 43 10084
1 0.2443026 0.07741789 0.5517042 0 0.003795007 1.896975 6002113 13 1 24.84815 1.076301 6002113 13 1 49 11654
1 1.191782 1.185832 1.16486 0 131.0554 2.855103 6003113 13 1 82.50669 1.231998 6003113 13 1 82 19598
1 0.001468385 0.0002809328 0.008622341 1 25.27623 1.071625 6002113 13 0 47.36355 1.524864 6002113 13 1 83 19820
1 1.059052 1.139164 0.9715886 1 9.902983 1.196388 6002113 13 1 22.08878 2.043561 6002113 13 1 187 44651
1 1.048997 1.136673 0.9559695 1 68.84452 1.363626 6002113 13 1 3.671337 3.432549 6002113 13 1 204 48773
1 1.057513 1.112379 0.9951048 0 25.53062 1.331606 6002113 13 1 31.97127 1.408669 6002113 13 1 273 65411
1 0.03009876 0.005032814 0.1242768 0 12.98274 1.583953 6003113 13 1 103.2861 1.531218 6003113 13 1 53 12588
1 0.006131473 0.0009213082 0.03465866 0 34.14295 5.419426 6002113 13 1 69.81281 1.433243 6002113 13 1 58 13766
1 1.26516 1.422013 1.117256 0 5.510019 2.911458 6003113 13 1 83.35056 1.266888 6003113 13 1 61 14533
1 0.3170899 0.1198369 0.6261138 0 5.248418 1.475015 6002113 13 1 77.1443 1.404581 6002113 13 1 61 14611
1 0.0400028 0.006971349 0.1567229 1 38.67685 1.902795 6002113 13 0 26.26844 2.732769 6002113 13 1 64 15360
1 0.9138955 0.6245104 1.1333 1 379.2943 1.848858 6003113 13 1 75.70975 1.897895 6003113 13 1 79 18810
1 1.054444 1.13827 0.9640688 1 157.9089 1.540087 6003113 13 1 32.99104 1.790425 6003113 13 1 88 20890
1 1.053247 1.09991 0.9980844 0 16.25439 1.406281 6002113 13 1 92.70693 2.662044 6002113 13 1 38 9019
1 1.147959 1.183877 1.106546 1 112.2219 1.248728 6003113 13 0 398.3059 1.256586 6003113 13 1 15 3592
1 1.114777 0.884905 1.24054 1 23.83451 1.424007 6003113 13 1 126.0279 1.327482 6003113 13 1 21 4872
1 1.298986 1.452146 1.156092 0 21.08014 1.447491 6002113 13 1 11.50623 1.120234 6002113 13 1 25 5911
1 1.329532 1.478061 1.189894 0 95.71323 3.836893 6003113 13 1 115.0939 1.163543 6003113 13 1 182 43492
1 1.524498 1.73059 1.317664 1 137.3813 2.152051 6003113 13 0 22.4193 1.461082 6003113 13 1 183 43737
1 0.5675248 0.271593 0.9330701 1 182.0226 1.151971 6003113 13 0 2.977031 3.968562 6003113 13 1 333 79878
1 1.059052 1.139164 0.9715886 0 19.86802 1.372219 6002113 13 1 50.60555 1.165963 6002113 13 1 340 81364
1 0.8332192 0.5015442 1.138243 1 33.50406 1.306155 6002113 13 0 2.439661 1.568073 6002113 13 1 340 81424
1 0.9138955 0.6245104 1.1333 1 85.04067 1.103486 6002113 13 0 7.723785 3.208211 6002113 13 1 347 83230
1 0.5179346 0.9281273 0.2807825 1 42.98471 2.838944 6003113 13 1 219.0701 1.278306 6003113 13 1 356 85297
1 0.9160994 0.6007248 1.171549 0 34.32791 2.180198 6002113 13 1 19.50719 2.413126 6002113 13 1 369 88328
1 1.017868 0.7662661 1.176325 1 66.94547 1.346378 6002113 13 0 29.68421 2.258645 6002113 13 1 369 88342
1 1.192805 1.083559 1.213989 0 1.631082 4.992053 6002113 13 1 23.94541 2.409371 6002113 13 1 369 88415
1 1.142868 1.177299 1.103399 1 13.31191 2.193858 6002113 13 1 54.00987 1.973325 6002113 13 1 306 73330
1 1.524498 1.73059 1.317664 0 5.40674 2.092033 6002113 13 1 36.91541 1.514374 6002113 13 1 311 74605
1 1.095596 1.133769 1.050051 1 94.65308 1.220775 6003113 13 0 370.8405 2.350202 6003113 13 1 325 77811
1 0.4544891 0.2018274 0.792879 1 19.8661 1.10216 6002113 13 1 8.612912 1.15496 6002113 13 1 331 79242
1 0.7934737 0.4881172 1.065644 1 112.4433 1.279749 6003113 13 1 12.87658 1.134438 6003113 13 1 336 80415
1 1.151918 0.9752633 1.225726 0 6.468799 2.633166 6002113 13 1 77.7558 1.276207 6002113 13 1 336 80601
1 1.182032 1.113501 1.180358 1 201.838 2.161015 6003113 13 1 16.42284 1.815075 6003113 13 1 134 32105
1 1.42456 2.044705 0.9864829 1 130.8362 1.263195 6003113 13 1 22.82971 1.553466 6003113 13 1 34 8017
1 1.149237 1.698801 0.7921503 0 71.38043 1.235723 6003113 13 0 312.4973 1.246691 6003113 13 1 37 8697
1 0.8332192 0.5015442 1.138243 0 135.3273 1.227859 6003113 13 1 97.21846 1.056848 6003113 13 1 39 9311
1 1.179161 1.206147 1.144075 0 705.8235 2.09613 6003113 13 1 101.6034 1.338627 6003113 13 1 77 18320
1 1.566869 2.206142 1.088645 1 30.99137 3.249959 6002113 13 1 3.545183 1.453019 6002113 13 1 129 30787
1 0.8748782 0.5617447 1.136825 1 88.91012 1.592453 6003113 13 0 94.41679 1.152502 6003113 13 1 242 57917
1 1.225386 1.141194 1.230719 0 19.82361 1.709649 6002113 13 1 27.98545 1.044959 6002113 13 1 238 57077
1 0.2208223 0.06788179 0.510611 0 49.79002 1.530972 6002113 13 1 3.641994 1.750678 6002113 13 1 373 89486
1 1.152971 1.190243 1.109341 0 102.6727 4.286618 6003113 13 0 38.75532 1.939876 6003113 13 1 373 89511
1 0.5675248 0.271593 0.9330701 0 3.968235 2.761261 6002113 13 0 54.86926 1.627903 6002113 13 1 381 91207
1 0.1014541 0.02299071 0.3029553 1 18.34857 2.555783 6002113 13 1 5.919522 2.146496 6002113 13 1 50 11979
1 0.2208223 0.06788179 0.510611 1 86.31088 1.90109 6003113 13 1 124.7045 2.288043 6003113 13 1 92 22061
1 1.057513 1.112379 0.9951048 1 50.02775 1.283862 6003113 13 0 13.70765 1.708166 6003113 13 1 222 53123
1 1.20651 1.16088 1.193521 0 7.46818 1.724859 6003113 13 1 154.7842 1.200285 6003113 13 1 222 53154
1 1.059052 1.139164 0.9715886 1 41.78967 2.730323 6003113 13 1 46.9762 2.288077 6003113 13 1 222 53159
1 1.083255 0.8452013 1.220206 0 93.95148 7.383153 6002113 13 1 25.54059 1.245515 6002113 13 1 230 55058
1 1.126364 0.9389989 1.211138 0 34.14225 1.183541 6002113 13 0 29.31006 2.028367 6002113 13 1 89 21124
1 1.106427 1.150534 1.053346 1 95.69972 2.052197 6003113 13 1 47.33356 1.396721 6003113 13 1 179 42912
1 0.9574994 0.6410515 1.205563 1 128.4791 1.122597 6003113 13 1 46.39303 1.945478 6003113 13 1 189 45182
1 1.173319 1.196671 1.139395 1 55.74323 2.399353 6003113 13 0 698.8381 1.415885 6003113 13 1 192 46063
1 1.034916 1.100018 0.9626585 1 22.7145 1.369454 6003113 13 1 223.8014 1.396796 6003113 13 1 257 61539
1 1.050919 0.8056091 1.198818 0 355.9791 2.168208 6003113 13 1 40.2396 1.957525 6003113 13 1 260 62189
1 1.134034 1.248093 1.022271 1 158.3068 1.812757 6003113 13 1 100.3942 1.47877 6003113 13 1 267 63978
1 0.9574994 0.6410515 1.205563 1 57.12067 1.462026 6002113 13 0 1.19443 2.670618 6002113 13 1 374 89580
1 1.157728 1.196465 1.111764 1 31.49792 1.184694 6002113 13 1 0.7923931 1.083646 6002113 13 1 376 90101
1 1.114777 0.884905 1.24054 0 1.271237 6.405705 6002113 13 1 29.05214 1.362465 6002113 13 1 121 28944
