1 1.645109 2.1548 1.183545 1 24.06746 1.101161 6003113 13 0 54.53249 2.672802 6003113 11 1 268 64203
1 1.46424 1.680344 1.235249 1 14.45378 1.547239 6002113 13 1 26.18791 2.309668 6002113 11 1 273 65485
1 1.225386 1.141194 1.230719 1 33.11574 1.05453 6003113 13 1 60.45249 1.116395 6003113 11 1 317 75868
1 1.152501 1.258655 1.04415 1 26.7136 1.129873 6002113 13 0 16.93453 1.326357 6002113 11 1 317 75999
1 0.3064061 0.1093534 0.631845 0 355.9305 1.108449 6003113 11 1 23.6793 1.084425 6003113 13 1 322 77207
1 0.5675248 0.271593 0.9330701 1 22.35537 1.057624 6003113 13 1 20.82373 2.760393 6003113 11 1 322 77253
1 0.7934737 0.4881172 1.065644 0 40.62715 4.030993 6003113 11 1 36.97861 1.84111 6003113 13 1 347 83115
1 1.083255 0.8452013 1.220206 1 14.12148 1.040515 6002113 13 1 0.2624205 1.141451 6002113 11 1 358 85690
1 0.9219857 1.364073 0.6240806 1 0.5241997 2.189282 6002113 11 1 30.50949 1.080726 6002113 13 1 369 88530
1 1.206555 1.21522 1.17542 1 9.508327 1.090938 6002113 13 1 11.02356 1.199922 6002113 11 1 368 88273
1 0.008330494 0.001239311 0.04569742 0 239.1613 1.643677 6003113 11 1 18.15511 1.133098 6003113 13 1 368 88307
1 1.114777 0.884905 1.24054 1 58.49981 1.090028 6003113 13 1 65.84524 1.464163 6003113 11 1 372 89113
1 1.059052 1.139164 0.9715886 1 113.0558 1.303142 6003113 13 0 121.0436 5.286644 6003113 11 1 372 89174
1 0.9138955 0.6245104 1.1333 1 50.74715 2.667984 6003113 11 1 89.12007 1.098361 6003113 13 1 370 88750
1 1.812285 2.096335 1.505211 1 2.417459 1.19433 6002113 11 1 20.04796 1.065939 6002113 13 1 386 92420
1 1.026751 0.7444853 1.219196 1 18.476 1.204611 6003113 13 0 174.2977 2.469551 6003113 11 1 386 92499
1 1.143675 1.253919 1.033471 1 9.796799 1.210023 6002113 13 1 3.673905 1.243598 6002113 11 1 386 92521
1 1.036252 1.095703 0.9699052 1 3.898587 1.646096 6002113 11 1 21.1196 1.447768 6002113 13 1 386 92546
1 0.003497112 0.0005740048 0.02103336 1 9.315398 1.664062 6002113 11 1 23.56389 1.977665 6002113 13 1 388 92959
1 1.182032 1.113501 1.180358 0 103.6066 1.069497 6003113 11 1 60.0783 1.274515 6003113 13 1 388 93054
1 1.705086 2.017803 1.363962 1 0.1651134 2.325084 6002113 11 1 29.34766 1.152901 6002113 13 1 393 94153
1 1.761918 2.058838 1.43754 1 20.77504 2.839084 6002113 13 1 12.50589 1.319019 6002113 11 1 393 94255
1 1.217313 1.182622 1.199648 1 39.02085 1.19483 6003113 13 1 96.16358 1.059384 6003113 11 1 401 96023
1 1.053247 1.09991 0.9980844 1 10.35414 1.130544 6002113 11 1 31.70722 1.647367 6002113 13 1 401 96073
1 1.199428 1.046014 1.251733 1 3.56095 1.261957 6002113 11 1 12.98952 1.149897 6002113 13 1 404 96801
1 1.314649 1.46568 1.173482 0 455.4836 2.408856 6003113 11 1 70.55545 1.136607 6003113 13 1 404 96902
1 0.08964617 0.01972916 0.2750357 1 1.296246 1.059644 6002113 11 1 28.80195 1.048723 6002113 13 1 408 97901
1 0.5380682 0.2637946 0.8676014 1 46.26755 1.881669 6003113 13 1 44.03069 1.547575 6003113 11 1 408 97912
1 1.526225 2.04983 1.080738 1 80.55678 1.048902 6003113 13 1 31.70107 1.049011 6003113 11 1 412 98755
1 1.524498 1.73059 1.317664 1 28.82904 1.359047 6002113 13 1 4.709876 1.291886 6002113 11 1 104 24741
1 1.199428 1.046014 1.251733 1 21.48218 1.177865 6002113 13 0 11.04852 6.627866 6002113 11 1 105 24961
1 1.054444 1.13827 0.9640688 1 23.61999 1.072352 6002113 13 1 0.1685905 1.146237 6002113 11 1 105 24968
1 1.142868 1.177299 1.103399 1 36.86503 2.562581 6003113 13 1 51.14439 1.095257 6003113 11 1 141 33700
1 1.03119 1.524041 0.7057037 0 2.427436 3.355485 6003113 11 1 45.66676 1.288385 6003113 13 1 141 33758
1 0.6342273 1.05356 0.3835326 1 130.9358 1.178367 6003113 11 1 30.30421 2.129071 6003113 13 1 149 35613
1 1.49586 1.706142 1.278772 1 43.95144 1.165756 6003113 13 1 51.0896 1.0512 6003113 11 1 149 35673
1 1.866054 2.331325 1.3979 1 9.735637 3.05142 6002113 13 1 7.495783 1.83396 6002113 11 1 149 35750
1 1.152971 1.190243 1.109341 1 36.20655 1.23154 6003113 13 1 68.77023 2.047671 6003113 11 1 150 35814
1 1.036252 1.095703 0.9699052 0 2.627479 3.630428 6003113 11 1 54.92864 1.15775 6003113 13 1 150 35989
1 1.0427 1.134261 0.9473373 1 62.09746 1.249017 6003113 13 0 393.9258 2.37587 6003113 11 1 151 36166
1 1.641128 1.972201 1.285192 1 12.62071 1.085852 6003113 11 1 78.50114 1.173709 6003113 13 1 151 36211
1 1.147959 1.183877 1.106546 1 49.03713 1.107589 6003113 11 1 46.52679 1.080604 6003113 13 1 414 99298
1 0.5179346 0.9281273 0.2807825 1 95.93488 1.217028 6003113 11 1 42.16864 1.858237 6003113 13 1 414 99344
1 1.054444 1.13827 0.9640688 1 46.12514 1.11366 6003113 11 1 21.48934 1.976042 6003113 13 1 22 5078
1 1.194803 1.137859 1.187115 1 9.496317 1.408808 6003113 13 1 3.788559 1.142698 6003113 11 1 40 9498
1 1.174602 1.053046 1.204645 1 0.05565425 1.086003 6002113 11 1 16.49209 1.051815 6002113 13 1 26 6053
1 1.575265 1.775696 1.383444 1 89.2368 2.344291 6003113 11 1 16.0172 1.134143 6003113 13 1 26 6096
1 1.109295 1.155893 1.053631 1 30.49245 1.12346 6003113 13 0 120.5327 1.143142 6003113 11 1 26 6123
1 0.8339615 0.5241884 1.101491 1 41.72292 1.536181 6003113 13 1 107.1327 1.492088 6003113 11 1 30 7132
1 1.182032 1.113501 1.180358 1 67.63351 1.091267 6003113 13 1 147.6225 1.757556 6003113 11 1 44 10466
1 1.053247 1.09991 0.9980844 1 15.59783 1.101691 6002113 13 0 13.22731 4.898788 6002113 11 1 68 16093
1 1.329532 1.478061 1.189894 0 290.8292 1.741958 6003113 11 1 57.68129 1.269582 6003113 13 1 68 16142
1 1.034916 1.100018 0.9626585 1 12.04746 1.09312 6002113 13 1 3.290831 1.051875 6002113 11 1 71 16854
1 0.1991887 0.05938704 0.4717879 1 62.38909 1.930368 6003113 11 1 59.70925 1.393872 6003113 13 1 130 31017
1 1.190567 1.223018 1.152597 1 23.21509 1.280509 6002113 13 1 1.8729 1.112336 6002113 11 1 142 33915
1 0.1080031 0.02598027 0.3057024 1 29.97788 1.274473 6002113 11 1 4.411413 1.205457 6002113 13 1 142 33931
1 0.5762256 0.2893137 0.9113798 1 79.82721 1.128368 6003113 11 1 45.25734 1.064428 6003113 13 1 145 34627
1 0.7055845 0.3974356 1.016366 1 39.19479 1.040088 6002113 13 1 21.08153 1.154781 6002113 11 1 146 34973
1 0.9160994 0.6007248 1.171549 1 27.10404 1.115959 6002113 13 1 3.57559 1.063456 6002113 11 1 167 39932
1 0.1793033 0.05184105 0.4351809 0 2.933343 4.014638 6002113 11 1 25.82509 1.488815 6002113 13 1 204 48908
1 1.048997 1.136673 0.9559695 0 72.8369 4.689739 6003113 11 1 55.13287 1.185089 6003113 13 1 207 49558
1 0.7934737 0.4881172 1.065644 0 3.460581 1.245035 6002113 11 1 23.27752 1.632434 6002113 13 1 218 52130
1 1.147959 1.183877 1.106546 1 19.51519 1.598104 6002113 13 1 9.267268 2.582677 6002113 11 1 225 53837
1 1.048997 1.136673 0.9559695 1 12.59045 3.002801 6002113 13 1 10.98051 2.01521 6002113 11 1 233 55754
1 0.2304392 0.07526134 0.508429 1 39.30885 1.070047 6003113 13 1 44.64836 1.049328 6003113 11 1 233 55814
1 1.106427 1.150534 1.053346 1 11.51817 1.115276 6002113 13 1 13.52945 1.41427 6002113 11 1 233 55855
1 1.033406 1.101364 0.958024 1 20.7824 1.270845 6003113 13 0 339.77 1.374157 6003113 11 1 234 55986
1 0.06958118 0.01446482 0.2254303 1 33.8749 1.123357 6002113 13 1 4.297453 3.06624 6002113 11 1 234 56028
1 1.866054 2.331325 1.3979 1 12.49792 1.872625 6002113 13 0 12.78978 2.792863 6002113 11 1 265 63464
1 1.42456 2.044705 0.9864829 1 25.06423 1.08154 6002113 13 1 3.615246 1.061811 6002113 11 1 274 65549
1 1.033406 1.101364 0.958024 0 261.0605 1.170092 6003113 11 1 20.52043 1.425358 6003113 13 1 274 65686
1 1.106427 1.150534 1.053346 1 0.09694148 1.147458 6002113 11 1 24.50728 1.926937 6002113 13 1 274 65729
1 0.6998869 0.3767799 1.045889 1 9.280046 1.274397 6002113 13 1 10.86221 1.513824 6002113 11 1 276 66129
1 1.179161 1.206147 1.144075 1 27.95571 2.77728 6003113 11 1 60.56223 1.196529 6003113 13 1 276 66164
1 1.036252 1.095703 0.9699052 1 18.34374 1.232239 6002113 13 1 8.283636 2.545114 6002113 11 1 276 66186
1 1.174602 1.053046 1.204645 1 0.460869 1.525968 6002113 11 1 5.401194 1.100816 6002113 13 1 276 66216
1 1.209625 1.112975 1.222657 1 27.22328 1.174718 6002113 11 1 23.15847 1.0666 6002113 13 1 46 10805
1 0.7934737 0.4881172 1.065644 0 12.02866 5.92429 6002113 11 1 12.04356 1.571216 6002113 13 1 46 10832
1 0.1014541 0.02299071 0.3029553 1 7.684794 1.061766 6002113 13 1 7.102237 1.365406 6002113 11 1 188 44945
1 0.9517445 0.6636014 1.162862 0 186.9568 1.151359 6003113 11 1 54.43321 1.211518 6003113 13 1 188 45025
1 1.192805 1.083559 1.213989 1 26.04037 1.620212 6002113 13 1 5.241642 2.443532 6002113 11 1 179 42852
1 1.152501 1.258655 1.04415 1 38.5763 1.176691 6002113 13 1 5.107761 1.114844 6002113 11 1 180 43013
1 1.083255 0.8452013 1.220206 1 44.55097 1.218456 6003113 13 0 512.7398 2.727963 6003113 11 1 180 43030
1 0.8200224 1.218482 0.5472287 1 9.397813 1.056989 6002113 13 1 5.642612 1.326967 6002113 11 1 180 43050
1 0.8200224 1.218482 0.5472287 1 27.17263 1.172594 6002113 13 0 8.833216 4.308836 6002113 11 1 1 106
1 1.053247 1.09991 0.9980844 1 24.27423 1.144952 6002113 13 0 3.622287 5.506949 6002113 11 1 1 240
1 1.761918 2.058838 1.43754 1 8.459683 1.268581 6002113 13 0 2.784914 3.217242 6002113 11 1 18 4154
1 0.003151584 0.0005086883 0.01887308 1 62.34623 6.171136 6003113 13 0 131.5432 6.992599 6003113 11 1 18 4306
1 0.5380682 0.2637946 0.8676014 1 41.22736 1.401624 6002113 13 1 1.383704 1.307264 6002113 11 1 23 5352
1 1.225386 1.141194 1.230719 1 30.10469 2.179247 6002113 11 1 16.77476 1.337573 6002113 13 1 23 5374
1 1.142868 1.177299 1.103399 1 19.81385 1.070736 6003113 13 1 14.12386 1.220068 6003113 11 1 23 5388
1 0.5292084 0.8493549 0.3262614 0 405.0171 1.264488 6003113 11 1 72.04649 1.084639 6003113 13 1 23 5461
1 1.46424 1.680344 1.235249 1 42.88033 1.080097 6003113 13 0 187.6993 1.198355 6003113 11 1 25 5937
1 1.227292 1.202911 1.205555 0 63.833 6.615733 6003113 11 0 70.11862 1.191143 6003113 13 1 25 5980
1 0.5380682 0.2637946 0.8676014 1 20.91069 1.072874 6002113 13 1 9.768208 1.451349 6002113 11 1 24 5617
1 1.213336 1.227995 1.180605 1 2.011849 1.597524 6002113 11 1 26.39523 2.995965 6002113 13 1 24 5683
1 1.134034 1.248093 1.022271 1 8.39385 1.260501 6002113 13 1 4.621441 2.075898 6002113 11 1 187 44700
1 1.217313 1.182622 1.199648 1 87.68736 1.115532 6003113 11 1 38.61954 1.987884 6003113 13 1 187 44733
1 1.298986 1.452146 1.156092 1 39.13847 1.412973 6003113 13 1 66.16922 1.13588 6003113 11 1 187 44792
1 1.641128 1.972201 1.285192 1 99.92511 1.246041 6003113 13 1 46.1833 1.741761 6003113 11 1 36 8401
1 1.812285 2.096335 1.505211 0 76.4669 2.550282 6003113 11 1 27.77924 1.070247 6003113 13 1 36 8492
1 1.03119 1.524041 0.7057037 1 112.687 1.354386 6003113 11 1 26.3472 1.145375 6003113 13 1 36 8599
1 1.173319 1.196671 1.139395 1 52.89455 1.069527 6003113 13 1 51.75276 1.513882 6003113 11 1 36 8618
1 1.174602 1.053046 1.204645 0 52.26318 1.251569 6003113 11 1 58.72084 1.074408 6003113 13 1 99 23591
1 1.034916 1.100018 0.9626585 1 24.45832 1.18619 6003113 13 1 141.7178 1.911012 6003113 11 1 99 23621
1 1.058012 1.115802 0.9930252 0 23.54852 5.942401 6003113 11 1 61.23889 1.696493 6003113 13 1 99 23699
1 1.179161 1.206147 1.144075 1 85.49628 1.159956 6003113 13 1 16.24777 1.862821 6003113 11 1 114 27132
1 0.6998869 0.3767799 1.045889 0 487.8571 1.314998 6003113 11 1 96.93232 1.070378 6003113 13 1 114 27331
1 1.123647 1.241142 1.010512 1 54.5908 1.098595 6003113 11 1 27.36753 1.317846 6003113 13 1 125 29996
1 1.183608 1.169262 1.159476 1 6.390068 2.013997 6002113 11 1 4.544208 1.134393 6002113 13 1 158 37681
1 1.123647 1.241142 1.010512 1 12.28779 1.093734 6002113 11 1 16.9621 1.061373 6002113 13 1 158 37809
1 1.192805 1.083559 1.213989 1 45.86845 1.097359 6002113 13 1 5.013207 1.049347 6002113 11 1 159 38150
1 1.183608 1.169262 1.159476 1 87.78 1.141629 6003113 11 1 21.94725 1.065409 6003113 13 1 229 54808
1 1.173319 1.196671 1.139395 1 12.52549 1.571666 6003113 11 1 28.65837 1.090705 6003113 13 1 236 56406
1 1.10316 1.145079 1.05266 1 62.15522 1.061204 6003113 11 1 61.72142 1.070862 6003113 13 1 236 56443
1 0.009710893 0.001441682 0.05238557 1 24.57774 1.199271 6002113 13 1 3.813176 1.113902 6002113 11 1 382 91462
1 1.167323 1.186361 1.134647 1 46.8708 1.04478 6003113 13 1 88.61539 1.070657 6003113 11 1 382 91585
1 1.147959 1.183877 1.106546 0 8.288492 1.677761 6003113 11 1 47.61945 1.075652 6003113 13 1 241 57767
1 0.2304392 0.07526134 0.508429 1 29.04947 1.346175 6003113 11 1 28.23926 1.646463 6003113 13 1 244 58428
1 1.173319 1.196671 1.139395 1 34.3014 1.059879 6003113 11 1 31.3554 1.231414 6003113 13 1 244 58445
1 1.56971 1.920896 1.202337 1 7.430972 2.434613 6002113 11 1 27.99476 1.12301 6002113 13 1 244 58534
1 0.9517445 0.6636014 1.162862 1 22.46851 1.145187 6003113 13 1 63.46299 1.113331 6003113 11 1 245 58645
1 0.1610681 0.04515641 0.4007308 1 10.59429 1.058438 6003113 13 0 214.7653 1.447072 6003113 11 1 245 58715
1 1.114777 0.884905 1.24054 1 10.46267 1.123136 6002113 13 0 1.159418 1.23615 6002113 11 1 269 64401
1 0.1527629 0.0402692 0.399808 1 55.03756 1.370627 6003113 13 0 105.03 5.224766 6003113 11 1 282 67446
1 1.057513 1.112379 0.9951048 1 13.79725 1.049481 6002113 13 0 5.869266 1.049523 6002113 11 1 282 67486
1 1.213336 1.227995 1.180605 1 10.37071 1.045088 6002113 13 1 2.187191 1.051719 6002113 11 1 282 67519
1 0.3767309 0.1505117 0.7131262 1 22.89345 1.504274 6003113 11 1 52.04448 1.056114 6003113 13 1 282 67547
1 1.157728 1.196465 1.111764 1 39.12461 1.736764 6003113 13 1 65.05619 3.419705 6003113 11 1 282 67560
1 1.112575 1.233052 0.9981722 1 42.76821 1.485123 6003113 13 1 44.29818 1.078202 6003113 11 1 298 71350
1 1.114777 0.884905 1.24054 1 72.66353 1.638746 6003113 11 1 28.32063 1.298509 6003113 13 1 291 69750
1 1.314649 1.46568 1.173482 1 34.18898 1.268098 6003113 13 1 51.99001 1.602949 6003113 11 1 387 92801
1 0.4094664 0.1680855 0.7591912 1 0.51272 1.857401 6003113 11 1 51.82949 1.360605 6003113 13 1 387 92876
1 1.526225 2.04983 1.080738 1 18.36508 1.129677 6002113 13 1 5.15959 1.280474 6002113 11 1 389 93182
1 1.812285 2.096335 1.505211 1 8.369668 1.335059 6002113 11 1 25.10663 1.146042 6002113 13 1 399 95723
1 0.01649731 0.002495913 0.08064243 1 6.059238 1.981504 6003113 11 1 86.00029 1.07917 6003113 13 1 409 98019
1 1.46424 1.680344 1.235249 1 21.74112 1.495484 6003113 11 1 30.93474 1.67265 6003113 13 1 9 1960
1 1.058012 1.115802 0.9930252 1 10.73556 1.313149 6002113 11 1 18.03367 1.38131 6002113 13 1 20 4587
1 0.665028 0.3662483 0.9755856 1 8.643999 1.163885 6002113 13 1 8.001412 1.127899 6002113 11 1 12 2659
1 1.149237 1.698801 0.7921503 1 33.29743 1.118644 6002113 11 1 17.60069 1.305932 6002113 13 1 12 2745
1 1.42456 2.044705 0.9864829 1 47.13647 1.449948 6003113 11 1 59.1431 1.482625 6003113 13 1 12 2753
1 0.7055845 0.3974356 1.016366 0 8.449113 1.072594 6002113 11 1 20.61221 1.454954 6002113 13 1 12 2771
1 1.179161 1.206147 1.144075 1 22.13608 1.080922 6003113 13 0 263.5465 1.14263 6003113 11 1 12 2866
1 0.0400028 0.006971349 0.1567229 0 472.4744 2.082806 6003113 11 1 70.17049 1.106245 6003113 13 1 21 4899
1 1.056557 1.108524 0.9965968 1 0.5612177 1.2064 6003113 11 1 55.18705 1.428938 6003113 13 1 16 3670
1 1.142868 1.177299 1.103399 0 377.3641 1.444868 6003113 11 1 79.02985 1.149787 6003113 13 1 16 3680
1 0.3459568 0.1344595 0.6687537 1 21.647 1.094665 6003113 13 1 30.22384 2.207854 6003113 11 1 16 3796
1 1.151918 0.9752633 1.225726 1 65.80792 1.108634 6003113 13 1 86.61536 1.924759 6003113 11 1 19 4363
1 1.147959 1.183877 1.106546 1 30.91696 1.036493 6003113 13 1 2.219949 1.080276 6003113 11 1 19 4522
1 1.152971 1.190243 1.109341 1 39.66315 1.11516 6003113 13 0 363.7049 1.131561 6003113 11 1 33 7769
1 0.01649731 0.002495913 0.08064243 1 24.34062 1.569043 6002113 11 1 22.07498 1.123666 6002113 13 1 33 7826
1 1.151918 0.9752633 1.225726 1 96.09051 1.089885 6003113 11 1 30.39998 1.178629 6003113 13 1 39 9279
1 1.055133 1.104334 0.9975671 1 7.250562 1.100269 6002113 11 1 20.22908 1.078394 6002113 13 1 41 9673
1 1.112575 1.233052 0.9981722 1 21.44647 1.2045 6002113 13 1 27.83213 1.793751 6002113 11 1 41 9726
1 1.123647 1.241142 1.010512 1 29.41909 1.54946 6003113 11 1 41.15349 1.330734 6003113 13 1 41 9787
1 1.209625 1.112975 1.222657 1 31.2223 1.052508 6003113 13 0 358.6987 1.921386 6003113 11 1 45 10574
1 1.15499 1.021547 1.194574 1 16.47581 1.074901 6003113 11 1 22.81482 1.055725 6003113 13 1 45 10680
1 1.054444 1.13827 0.9640688 1 7.267021 1.088879 6002113 11 1 11.32151 1.175257 6002113 13 1 45 10698
1 1.566869 2.206142 1.088645 1 41.84258 1.666546 6003113 11 1 25.61035 2.159116 6003113 13 1 45 10757
1 1.575265 1.775696 1.383444 0 2.946949 3.143191 6002113 11 1 32.39421 1.10875 6002113 13 1 65 15548
1 1.194803 1.137859 1.187115 1 62.49455 1.065684 6003113 13 1 57.55014 1.630017 6003113 11 1 66 15767
1 1.033406 1.101364 0.958024 1 46.70423 1.160212 6003113 13 1 73.71545 1.252572 6003113 11 1 69 16348
1 1.26516 1.422013 1.117256 1 15.33179 1.595806 6002113 11 1 14.7452 1.456493 6002113 13 1 69 16360
1 1.199428 1.046014 1.251733 0 2.936676 3.547461 6002113 11 1 27.6785 1.115193 6002113 13 1 70 16639
1 1.059052 1.139164 0.9715886 1 131.6157 1.245865 6003113 13 0 5.809215 4.95309 6003113 11 1 70 16647
1 1.048997 1.136673 0.9559695 1 103.8432 1.14267 6003113 13 1 71.57096 1.062086 6003113 11 1 70 16661
1 1.123647 1.241142 1.010512 1 122.5821 1.033375 6003113 11 1 10.77165 1.071839 6003113 13 1 70 16711
1 1.062846 1.139449 0.9784784 1 87.09322 1.053608 6003113 11 1 59.40212 1.30157 6003113 13 1 70 16777
1 1.15499 1.021547 1.194574 1 54.6613 1.075977 6003113 13 0 198.9502 1.213946 6003113 11 1 73 17341
1 0.009710893 0.001441682 0.05238557 1 74.26593 1.101228 6003113 13 1 5.850279 3.523316 6003113 11 1 73 17362
1 1.03119 1.524041 0.7057037 1 15.76563 1.220834 6002113 13 1 6.200039 1.280191 6002113 11 1 73 17399
1 1.191782 1.185832 1.16486 1 65.1971 1.057216 6003113 13 0 206.8866 1.060491 6003113 11 1 74 17652
1 1.183608 1.169262 1.159476 1 58.38037 1.683991 6003113 13 1 114.8511 1.155938 6003113 11 1 76 18003
1 1.550791 1.753763 1.352368 1 41.29628 1.340656 6003113 13 1 48.40083 1.063367 6003113 11 1 76 18057
1 1.058012 1.115802 0.9930252 1 25.89217 1.153742 6003113 13 0 208.2179 1.034558 6003113 11 1 174 41555
1 1.199428 1.046014 1.251733 1 21.04574 1.107694 6002113 11 1 8.89989 1.164127 6002113 13 1 174 41654
1 1.174602 1.053046 1.204645 1 61.98684 1.085293 6003113 13 1 41.37681 1.943668 6003113 11 1 177 42294
1 1.298986 1.452146 1.156092 1 11.33803 2.286279 6002113 11 1 33.94384 1.052543 6002113 13 1 177 42377
1 1.190567 1.223018 1.152597 1 73.9962 1.104378 6003113 13 0 46.41774 1.372212 6003113 11 1 206 49230
1 1.034916 1.100018 0.9626585 1 43.70208 1.053539 6003113 13 1 111.5844 1.365158 6003113 11 1 206 49433
1 1.035838 1.098122 0.9666125 1 37.27987 1.057543 6002113 13 1 1.521944 1.079071 6002113 11 1 216 51627
1 1.191782 1.185832 1.16486 1 24.85068 1.133579 6003113 13 0 6.309284 1.267766 6003113 11 1 216 51721
1 1.199401 1.201198 1.170168 1 7.819975 1.172173 6002113 13 1 3.948689 2.581204 6002113 11 1 216 51729
1 1.109295 1.155893 1.053631 1 60.25595 1.047708 6003113 13 1 13.5067 1.063746 6003113 11 1 231 55216
1 1.191782 1.185832 1.16486 1 2.491065 1.081995 6002113 11 1 20.88331 1.207019 6002113 13 1 231 55404
1 0.4442115 0.1872741 0.8068974 1 4.873665 1.065943 6002113 11 1 11.67963 1.038926 6002113 13 1 231 55429
1 1.151918 0.9752633 1.225726 1 46.83035 1.165179 6003113 13 0 61.09041 1.870176 6003113 11 1 312 74679
1 1.055133 1.104334 0.9975671 1 0.2266075 1.935477 6002113 11 1 10.99246 1.582815 6002113 13 1 312 74775
1 1.059052 1.139164 0.9715886 1 5.433438 1.057331 6002113 11 1 22.17403 1.232415 6002113 13 1 312 74779
1 1.199428 1.046014 1.251733 1 47.27058 1.138623 6003113 11 1 39.66159 1.094142 6003113 13 1 197 47047
1 1.123647 1.241142 1.010512 1 23.04033 1.249516 6002113 13 1 1.990888 1.066003 6002113 11 1 197 47214
1 1.099519 1.139476 1.051563 1 18.43053 1.133661 6003113 13 0 188.1091 1.22212 6003113 11 1 210 50204
1 0.8332192 0.5015442 1.138243 0 16.73386 2.01817 6003113 11 1 33.2161 1.424927 6003113 13 1 210 50227
1 1.026751 0.7444853 1.219196 1 36.44824 1.149514 6003113 13 0 300.8615 1.274618 6003113 11 1 209 50033
1 1.106427 1.150534 1.053346 0 164.1499 4.086908 6003113 11 1 55.13321 1.094203 6003113 13 1 211 50480
1 0.1793033 0.05184105 0.4351809 0 2.842275 4.245597 6002113 11 1 14.44595 1.126913 6002113 13 1 211 50629
1 1.199401 1.201198 1.170168 1 27.62786 1.174467 6003113 13 1 6.648419 1.322074 6003113 11 1 241 57669
1 1.035838 1.098122 0.9666125 1 6.258372 1.080194 6002113 11 1 4.204762 1.144793 6002113 13 1 152 36425
1 1.106427 1.150534 1.053346 1 71.10652 1.057198 6003113 13 1 10.82671 1.05436 6003113 11 1 157 37498
1 1.282494 1.437562 1.137462 1 39.6564 1.186378 6003113 11 1 64.24912 1.183923 6003113 13 1 157 37512
1 1.050919 0.8056091 1.198818 1 154.7976 1.24815 6003113 11 1 54.2228 1.647205 6003113 13 1 157 37643
1 0.8748782 0.5617447 1.136825 1 2.111095 1.856246 6002113 11 1 12.14108 1.079297 6002113 13 1 160 38179
1 1.035838 1.098122 0.9666125 1 29.33819 1.090718 6002113 13 1 1.754521 2.045137 6002113 11 1 161 38482
1 1.298986 1.452146 1.156092 1 56.69325 1.058366 6003113 13 1 76.915 1.494748 6003113 11 1 161 38591
1 1.048836 1.548763 0.7254791 1 54.97992 1.095763 6003113 13 0 195.981 1.119583 6003113 11 1 164 39291
1 1.036252 1.095703 0.9699052 1 17.16097 1.241908 6002113 13 1 13.37093 1.060395 6002113 11 1 164 39293
1 1.199401 1.201198 1.170168 1 70.88847 1.118745 6003113 11 1 42.82359 1.054019 6003113 13 1 175 41852
1 1.099696 0.9023142 1.195627 0 622.5619 1.064106 6003113 11 1 55.23981 1.087135 6003113 13 1 199 47529
1 1.143675 1.253919 1.033471 1 156.6903 1.426329 6003113 11 1 56.7054 1.120745 6003113 13 1 199 47540
1 1.761918 2.058838 1.43754 1 7.318076 1.124987 6003113 13 0 147.6582 2.530164 6003113 11 1 199 47564
1 1.314649 1.46568 1.173482 1 9.532427 1.337183 6002113 11 1 12.98638 1.097052 6002113 13 1 337 80668
1 0.9138955 0.6245104 1.1333 0 1.826881 1.083176 6003113 11 1 57.40817 1.060349 6003113 13 1 337 80679
1 1.282494 1.437562 1.137462 0 465.0955 1.301528 6003113 11 1 5.010186 1.179905 6003113 13 1 222 53245
1 1.134034 1.248093 1.022271 1 10.55159 1.106351 6003113 11 1 33.8765 1.076203 6003113 13 1 228 54602
1 1.206555 1.21522 1.17542 1 29.466 1.246458 6003113 13 0 135.8638 3.232781 6003113 11 1 253 60710
1 0.8383967 1.273376 0.5409222 1 88.73441 1.626371 6003113 11 1 44.02516 1.102862 6003113 13 1 254 60941
1 0.001301394 0.0002630141 0.007386751 1 2.165559 1.439551 6002113 11 1 10.49075 2.971789 6002113 13 1 257 61645
1 1.20651 1.16088 1.193521 1 31.65162 1.185959 6003113 13 1 9.539244 2.241701 6003113 11 1 288 68915
1 1.095596 1.133769 1.050051 1 122.0465 1.2405 6003113 11 1 34.79274 1.239033 6003113 13 1 288 69057
1 1.194803 1.137859 1.187115 1 33.97135 1.071622 6003113 13 1 140.7263 1.274496 6003113 11 1 296 70833
1 1.167323 1.186361 1.134647 1 34.3543 1.728712 6003113 11 1 55.24009 1.138678 6003113 13 1 296 70836
1 1.1849 1.214892 1.148506 1 58.65167 1.120536 6003113 11 1 33.88324 1.11915 6003113 13 1 296 70967
1 1.566869 2.206142 1.088645 1 48.52312 1.045559 6002113 13 1 8.442324 1.59358 6002113 11 1 379 90782
1 1.112575 1.233052 0.9981722 0 20.97006 2.121839 6003113 11 1 50.5252 1.180311 6003113 13 1 379 90860
1 0.4094664 0.1680855 0.7591912 1 42.18942 1.052343 6003113 13 1 76.4028 1.730165 6003113 11 1 367 87911
1 1.191782 1.185832 1.16486 1 14.53744 1.0858 6002113 13 0 10.51167 1.754163 6002113 11 1 371 89023
1 1.134034 1.248093 1.022271 1 6.770352 1.271886 6002113 11 1 19.21879 1.048222 6002113 13 1 106 25258
1 1.56971 1.920896 1.202337 1 3.707459 1.501285 6002113 11 1 6.996017 1.421942 6002113 13 1 106 25307
1 1.056557 1.108524 0.9965968 1 13.92715 1.045624 6002113 13 1 13.27118 1.080366 6002113 11 1 106 25390
1 1.050919 0.8056091 1.198818 0 164.1156 1.183143 6003113 11 1 43.5478 1.054935 6003113 13 1 107 25541
1 1.812285 2.096335 1.505211 1 25.32671 3.933555 6003113 13 1 42.16082 2.016338 6003113 11 1 107 25680
1 1.49586 1.706142 1.278772 1 28.19634 1.058417 6003113 13 1 4.082972 1.201762 6003113 11 1 108 25851
1 1.055133 1.104334 0.9975671 1 28.66195 2.364818 6003113 11 1 32.36166 1.193337 6003113 13 1 132 31552
1 1.173319 1.196671 1.139395 1 23.64982 1.140303 6003113 13 0 87.06271 8.208413 6003113 11 1 132 31663
1 1.151918 0.9752633 1.225726 1 17.15954 1.164333 6002113 13 1 6.035368 1.316933 6002113 11 1 111 26552
1 1.057513 1.112379 0.9951048 1 20.15689 1.149382 6003113 13 1 37.23851 1.311569 6003113 11 1 111 26554
1 1.866054 2.331325 1.3979 1 135.7025 2.312895 6003113 11 1 12.70609 1.298314 6003113 13 1 112 26740
1 0.0005054539 0.0001192409 0.002211735 0 62.21375 1.450689 6003113 11 1 14.54817 1.250322 6003113 13 1 112 26762
1 1.151918 0.9752633 1.225726 1 38.45481 1.235306 6003113 13 1 100.3991 2.850931 6003113 11 1 112 26860
1 1.059052 1.139164 0.9715886 1 14.1577 1.110271 6002113 13 1 6.210039 1.048947 6002113 11 1 143 34276
1 0.3064061 0.1093534 0.631845 1 8.202882 1.253852 6002113 13 1 1.900557 1.845707 6002113 11 1 153 36518
1 0.4544891 0.2018274 0.792879 1 28.00627 1.134362 6003113 13 1 79.33711 1.058921 6003113 11 1 153 36546
1 1.137649 1.170432 1.099925 1 20.80381 1.484872 6002113 11 1 37.29176 1.269682 6002113 13 1 153 36653
1 0.6571895 0.3457574 1.000641 1 19.89761 1.894747 6003113 13 1 43.712 1.125918 6003113 11 1 153 36668
1 1.152971 1.190243 1.109341 1 62.80558 1.082119 6003113 13 1 13.72405 1.418034 6003113 11 1 147 35107
1 1.866054 2.331325 1.3979 1 18.89459 1.766634 6002113 13 0 19.30276 1.282193 6002113 11 1 147 35270
1 0.4442115 0.1872741 0.8068974 1 25.59352 1.08147 6002113 11 1 31.28245 1.222169 6002113 13 1 148 35446
1 1.026751 0.7444853 1.219196 1 27.38332 1.249164 6003113 13 0 255.0524 3.442132 6003113 11 1 155 37013
1 1.575265 1.775696 1.383444 1 25.45938 1.090816 6002113 11 1 20.03227 3.993647 6002113 13 1 155 37082
1 1.167323 1.186361 1.134647 1 41.90017 1.059239 6003113 13 1 29.3865 1.115995 6003113 11 1 165 39577
1 1.49586 1.706142 1.278772 1 2.41065 1.153325 6003113 11 1 47.90681 1.452847 6003113 13 1 166 39622
1 1.03119 1.524041 0.7057037 1 29.19335 1.163254 6003113 11 1 65.46445 1.065501 6003113 13 1 166 39769
1 1.199428 1.046014 1.251733 1 18.45592 1.059933 6003113 13 1 6.852219 1.163773 6003113 11 1 176 42085
1 1.209625 1.112975 1.222657 1 53.5711 1.057438 6003113 13 1 14.8619 1.122515 6003113 11 1 176 42095
1 1.167323 1.186361 1.134647 1 49.11872 1.47381 6003113 11 1 48.7867 1.357377 6003113 13 1 212 50768
1 0.7934737 0.4881172 1.065644 1 6.200566 1.024485 6003113 13 1 127.3795 1.650638 6003113 11 1 213 50981
1 1.10316 1.145079 1.05266 1 47.91763 1.060646 6003113 13 0 162.2217 1.064749 6003113 11 1 214 51174
1 1.10316 1.145079 1.05266 1 5.122164 1.070338 6002113 13 1 9.346073 1.057449 6002113 11 1 214 51243
1 1.46424 1.680344 1.235249 1 43.0255 1.061625 6003113 13 0 218.8414 1.410482 6003113 11 1 262 62773
1 1.227292 1.202911 1.205555 0 2.604325 2.324882 6002113 11 1 23.74001 1.060056 6002113 13 1 307 73589
1 1.213336 1.227995 1.180605 0 144.8297 1.050548 6003113 11 1 44.94604 1.162146 6003113 13 1 351 84042
1 1.190567 1.223018 1.152597 1 21.01277 1.065949 6003113 13 1 46.93257 1.95617 6003113 11 1 351 84132
1 1.095596 1.133769 1.050051 1 20.55237 1.237724 6002113 13 1 5.32257 1.531675 6002113 11 1 351 84197
1 1.050919 0.8056091 1.198818 1 66.70502 1.191225 6003113 13 1 33.59642 1.12754 6003113 11 1 351 84229
1 1.028816 2.178673 0.4767559 1 2.227445 1.586577 6003113 11 1 21.13186 1.226686 6003113 13 1 352 84257
1 1.143675 1.253919 1.033471 0 96.40029 4.206059 6003113 11 1 20.41404 1.164816 6003113 13 1 380 90985
1 1.063672 0.7860307 1.245813 1 13.45882 1.072524 6002113 13 1 20.1669 1.301389 6002113 11 1 380 91163
1 0.8339615 0.5241884 1.101491 1 32.99386 1.076497 6002113 13 1 2.910238 1.644335 6002113 11 1 385 92163
1 0.004946925 0.0007649757 0.02896901 1 22.75088 1.080565 6002113 13 1 2.155779 1.597772 6002113 11 1 385 92283
1 1.057513 1.112379 0.9951048 1 26.29423 1.248515 6002113 13 1 4.353721 1.383019 6002113 11 1 392 93847
1 1.206555 1.21522 1.17542 1 20.15067 1.775134 6003113 11 1 40.15024 1.061528 6003113 13 1 392 93881
1 1.048997 1.136673 0.9559695 1 22.04582 1.07416 6002113 13 1 22.77018 1.094379 6002113 11 1 392 93926
1 1.26516 1.422013 1.117256 1 68.64947 1.268567 6003113 13 1 37.14411 1.175469 6003113 11 1 394 94523
1 1.190567 1.223018 1.152597 1 49.91713 1.1064 6003113 13 1 6.314109 1.096466 6003113 11 1 395 94770
1 1.106427 1.150534 1.053346 1 34.87534 1.044339 6003113 13 1 25.37498 1.249193 6003113 11 1 395 94800
1 0.1793033 0.05184105 0.4351809 1 89.81591 1.326465 6003113 13 0 225.0863 1.716596 6003113 11 1 398 95301
1 1.126364 0.9389989 1.211138 1 17.0475 1.851904 6002113 13 1 7.191503 1.108321 6002113 11 1 398 95309
1 1.209625 1.112975 1.222657 0 126.5467 1.495967 6003113 11 1 20.98846 2.64457 6003113 13 1 398 95316
1 0.2792014 0.09677438 0.588659 1 39.65403 1.203311 6003113 13 1 80.32501 1.065587 6003113 11 1 398 95401
1 1.151918 0.9752633 1.225726 1 7.625063 1.101057 6003113 13 1 2.813533 1.354941 6003113 11 1 402 96316
1 1.199428 1.046014 1.251733 1 16.19407 1.126302 6002113 13 1 8.213981 1.328158 6002113 11 1 402 96341
1 1.173319 1.196671 1.139395 1 8.192274 2.269943 6003113 11 1 30.98509 1.110236 6003113 13 1 402 96399
1 1.182032 1.113501 1.180358 1 12.45093 1.344532 6002113 13 0 10.27737 4.064983 6002113 11 1 360 86356
1 1.062846 1.139449 0.9784784 1 44.99205 1.157977 6003113 13 1 39.69281 1.047633 6003113 11 1 360 86393
1 1.213336 1.227995 1.180605 1 22.42716 1.880257 6003113 13 1 125.7199 1.836727 6003113 11 1 363 86930
1 1.575265 1.775696 1.383444 1 31.09427 1.135171 6003113 13 0 70.38382 1.437495 6003113 11 1 363 87107
1 1.15499 1.021547 1.194574 1 22.38306 2.581047 6002113 13 1 9.145391 1.079373 6002113 11 1 364 87196
1 1.0427 1.134261 0.9473373 1 8.798249 1.145012 6003113 11 1 87.14774 1.060516 6003113 13 1 50 11916
1 0.114587 0.02674881 0.3330998 1 0.7636894 2.019964 6002113 11 1 13.8288 1.057697 6002113 13 1 75 17796
1 1.167323 1.186361 1.134647 1 20.93609 1.146641 6002113 13 0 2.039841 2.035832 6002113 11 1 75 17955
1 1.20651 1.16088 1.193521 1 6.955757 1.064617 6002113 13 0 4.557661 2.129217 6002113 11 1 81 19220
1 1.173319 1.196671 1.139395 1 0.3238275 1.031926 6002113 11 1 17.98096 1.093297 6002113 13 1 81 19428
1 0.5762256 0.2893137 0.9113798 1 84.23665 1.381963 6003113 13 0 18.17412 5.122555 6003113 11 1 82 19516
1 1.035838 1.098122 0.9666125 1 2.085936 1.055866 6002113 11 1 29.12445 1.101288 6002113 13 1 169 40423
1 0.07905591 0.01690496 0.2492307 1 15.96691 1.441095 6002113 13 1 2.565494 1.030143 6002113 11 1 169 40441
1 1.083255 0.8452013 1.220206 1 118.8065 1.467855 6003113 11 1 41.33334 1.065966 6003113 13 1 169 40463
1 0.5675248 0.271593 0.9330701 1 92.18302 1.251252 6003113 13 1 18.95728 1.098364 6003113 11 1 169 40504
1 1.227292 1.202911 1.205555 1 2.894777 2.343836 6002113 11 1 16.15602 1.087887 6002113 13 1 169 40520
1 1.282494 1.437562 1.137462 1 32.42122 1.21434 6003113 13 0 228.3497 2.541695 6003113 11 1 63 14882
1 1.190567 1.223018 1.152597 1 49.20735 1.141641 6003113 13 1 145.0518 2.279069 6003113 11 1 63 14982
1 1.217313 1.182622 1.199648 1 33.04624 1.090443 6003113 11 1 39.67463 1.17797 6003113 13 1 63 15001
1 0.4544891 0.2018274 0.792879 1 6.599317 1.077426 6003113 11 1 77.26472 1.138055 6003113 13 1 64 15224
1 1.550791 1.753763 1.352368 1 49.43114 1.12831 6002113 13 1 3.78856 1.086546 6002113 11 1 89 21152
1 1.099696 0.9023142 1.195627 1 30.95192 1.07057 6003113 13 1 35.89714 1.08391 6003113 11 1 89 21230
1 1.099519 1.139476 1.051563 1 12.63831 1.155129 6002113 13 1 1.05029 1.066642 6002113 11 1 89 21237
1 0.3170899 0.1198369 0.6261138 1 33.14407 2.994665 6002113 13 0 1.680702 5.77979 6002113 11 1 89 21260
1 1.217313 1.182622 1.199648 1 5.500718 1.162971 6002113 11 1 9.276315 1.41635 6002113 13 1 118 28193
1 1.314649 1.46568 1.173482 1 26.17578 1.045919 6002113 13 1 4.411501 1.077561 6002113 11 1 118 28276
1 1.15499 1.021547 1.194574 1 14.81312 1.344053 6002113 13 0 12.56212 4.9192 6002113 11 1 119 28386
1 1.329532 1.478061 1.189894 1 10.40636 1.136318 6002113 13 0 20.85893 2.689516 6002113 11 1 119 28497
1 0.9574994 0.6410515 1.205563 1 40.22527 1.04099 6003113 13 1 22.69726 1.919856 6003113 11 1 191 45813
1 1.048997 1.136673 0.9559695 1 30.28176 1.140183 6003113 13 1 2.934513 1.552172 6003113 11 1 191 45838
1 0.7268606 1.122648 0.4611204 1 128.632 1.392046 6003113 11 1 48.1597 3.128093 6003113 13 1 193 46120
1 1.147959 1.183877 1.106546 1 30.47178 1.386504 6003113 11 1 40.53514 1.066207 6003113 13 1 193 46207
1 1.143675 1.253919 1.033471 1 18.17467 1.139998 6002113 13 1 32.58989 1.091188 6002113 11 1 170 40674
1 1.147959 1.183877 1.106546 1 3.993729 1.751844 6002113 11 1 10.54255 3.157386 6002113 13 1 201 48062
1 0.6235333 0.981489 0.3895437 1 13.27812 1.355544 6002113 11 1 15.8046 1.243814 6002113 13 1 226 54166
1 0.8748782 0.5617447 1.136825 1 19.18345 2.840158 6002113 11 1 14.19138 1.133556 6002113 13 1 226 54176
1 0.3767309 0.1505117 0.7131262 1 2.563271 1.580254 6002113 11 1 7.73235 1.150234 6002113 13 1 226 54225
1 1.227292 1.202911 1.205555 1 25.82433 1.364952 6003113 13 0 16.31035 4.560799 6003113 11 1 232 55560
1 1.705086 2.017803 1.363962 1 12.47558 1.228705 6002113 11 1 16.73215 1.073714 6002113 13 1 258 61765
1 1.225386 1.141194 1.230719 1 26.01944 1.087512 6003113 11 1 49.68742 2.735646 6003113 13 1 258 61855
1 1.213336 1.227995 1.180605 1 1.061689 1.584822 6002113 11 1 9.164366 1.409476 6002113 13 1 261 62495
1 1.209625 1.112975 1.222657 1 44.99729 1.137862 6003113 13 0 194.7652 1.458417 6003113 11 1 285 68391
1 1.173319 1.196671 1.139395 0 14.07205 2.693511 6002113 11 1 29.92239 1.198679 6002113 13 1 313 75098
1 0.4442115 0.1872741 0.8068974 1 3.173807 1.268213 6002113 11 1 20.05567 1.145273 6002113 13 1 299 71626
1 0.1991887 0.05938704 0.4717879 1 28.94994 1.428815 6003113 13 0 19.29204 6.803123 6003113 11 1 300 71897
1 1.182032 1.113501 1.180358 1 11.25001 1.109232 6002113 13 1 15.25937 1.163338 6002113 11 1 308 73784
1 0.0005054539 0.0001192409 0.002211735 1 56.48478 1.073353 6003113 11 1 35.53848 1.04936 6003113 13 1 346 82876
1 1.199401 1.201198 1.170168 1 32.98385 1.109461 6003113 13 1 65.76117 1.480231 6003113 11 1 346 82951
1 1.145385 0.9245803 1.259718 0 184.0378 1.164131 6003113 11 1 53.44175 1.327688 6003113 13 1 375 89864
1 1.053247 1.09991 0.9980844 1 15.17239 1.874341 6003113 11 1 76.74187 1.203791 6003113 13 1 366 87607
1 1.575265 1.775696 1.383444 0 397.1924 2.681516 6003113 11 1 52.97964 1.270082 6003113 13 1 373 89494
1 0.4205023 0.1819855 0.7484848 1 90.7007 1.063326 6003113 13 1 138.3327 1.71041 6003113 11 1 378 90505
1 0.08964617 0.01972916 0.2750357 1 8.240516 1.312595 6002113 13 1 0.5250056 1.471437 6002113 11 1 378 90718
1 1.164201 1.711426 0.8059074 1 29.46764 1.400937 6003113 13 0 202.1021 1.119973 6003113 11 1 397 95182
1 1.109295 1.155893 1.053631 1 7.548556 1.188354 6003113 13 0 6.838719 6.796607 6003113 11 1 397 95272
1 0.6998869 0.3767799 1.045889 1 165.0256 1.234511 6003113 11 1 33.82399 1.171218 6003113 13 1 397 95273
1 1.199401 1.201198 1.170168 1 8.252261 1.090446 6002113 13 1 3.241569 1.087329 6002113 11 1 3 608
1 1.192805 1.083559 1.213989 1 0.8248501 1.495699 6002113 11 1 22.05902 1.09173 6002113 13 1 3 691
1 0.0008292547 0.0001828615 0.00428265 0 237.9176 1.53151 6003113 11 1 43.08961 1.092964 6003113 13 1 5 1162
1 1.033406 1.101364 0.958024 1 21.27534 1.254095 6003113 11 1 47.46433 1.240737 6003113 13 1 4 830
1 1.147959 1.183877 1.106546 1 60.68875 1.454173 6003113 13 0 77.51653 5.766796 6003113 11 1 4 890
1 1.063672 0.7860307 1.245813 1 142.2899 1.513924 6003113 11 0 78.75844 1.143917 6003113 13 1 255 61108
1 1.057513 1.112379 0.9951048 1 2.457236 1.300266 6003113 11 1 36.70699 1.198371 6003113 13 1 14 3153
1 0.5226254 0.8798594 0.3137767 1 2.505767 1.187765 6002113 11 1 16.3542 2.633216 6002113 13 1 14 3261
1 1.059052 1.139164 0.9715886 1 21.33362 1.9193 6002113 11 1 30.18598 1.140576 6002113 13 1 14 3298
1 1.152501 1.258655 1.04415 1 0.8849499 1.041375 6002113 11 1 9.862187 1.22639 6002113 13 1 14 3323
1 1.112575 1.233052 0.9981722 1 18.41987 1.140174 6003113 13 0 86.09247 1.043899 6003113 11 1 15 3424
1 1.866054 2.331325 1.3979 1 85.65993 1.059898 6003113 13 1 139.701 1.25002 6003113 11 1 49 11612
1 1.167323 1.186361 1.134647 1 7.403273 1.07057 6002113 13 1 22.07337 2.241236 6002113 11 1 49 11614
1 1.017868 0.7662661 1.176325 1 49.95854 1.075226 6003113 13 0 54.2015 1.422219 6003113 11 1 49 11657
1 1.143675 1.253919 1.033471 1 2.098323 1.591771 6002113 11 1 15.64308 1.076398 6002113 13 1 49 11692
1 1.0427 1.134261 0.9473373 1 43.36277 1.388753 6003113 11 1 23.31451 1.058248 6003113 13 1 49 11738
1 1.190567 1.223018 1.152597 0 37.494 5.707078 6003113 11 1 50.29111 1.156942 6003113 13 1 51 12238
1 0.8748782 0.5617447 1.136825 1 20.93988 1.353529 6002113 13 0 5.810759 2.302076 6002113 11 1 115 27569
1 1.167323 1.186361 1.134647 1 7.448347 2.036778 6002113 11 1 12.31464 1.323201 6002113 13 1 173 41286
1 1.10316 1.145079 1.05266 0 1.310476 2.47946 6002113 11 1 16.82251 1.156777 6002113 13 1 224 53551
1 1.053247 1.09991 0.9980844 1 11.80581 1.050439 6002113 13 1 9.658537 1.466235 6002113 11 1 224 53609
1 1.524498 1.73059 1.317664 0 59.92007 3.798869 6003113 11 1 46.41152 1.395186 6003113 13 1 224 53623
1 1.059052 1.139164 0.9715886 1 45.85921 1.102424 6003113 11 1 23.08244 1.043845 6003113 13 1 252 60260
1 1.109295 1.155893 1.053631 1 49.51242 1.110096 6003113 13 1 69.65746 2.778944 6003113 11 1 252 60470
1 1.26516 1.422013 1.117256 1 26.05798 1.076475 6003113 11 1 114.7989 1.279351 6003113 13 1 230 54976
1 0.01217822 0.001818087 0.06209253 0 139.4873 3.076349 6003113 11 1 62.23691 1.229217 6003113 13 1 230 55008
1 1.191782 1.185832 1.16486 1 45.12014 1.100456 6003113 11 1 11.5564 1.352605 6003113 13 1 260 62285
1 0.5675248 0.271593 0.9330701 1 26.48497 1.193752 6002113 13 1 5.390302 1.223072 6002113 11 1 260 62308
1 1.145385 0.9245803 1.259718 1 108.0063 1.363999 6003113 11 1 56.9504 1.215734 6003113 13 1 238 56888
1 1.134034 1.248093 1.022271 1 30.27474 1.13918 6002113 13 1 0.05001335 1.687662 6002113 11 1 238 57019
1 1.048997 1.136673 0.9559695 1 4.316545 1.38731 6002113 11 1 48.16667 1.797382 6002113 13 1 246 58933
1 1.147959 1.183877 1.106546 1 28.43748 1.287346 6003113 13 1 53.3177 1.184359 6003113 11 1 247 59155
1 1.575265 1.775696 1.383444 1 2.675128 1.125758 6002113 11 1 13.70357 1.151977 6002113 13 1 247 59158
1 1.566869 2.206142 1.088645 1 51.36351 1.03494 6002113 11 1 11.16587 1.381028 6002113 13 1 247 59182
1 1.174602 1.053046 1.204645 1 13.16653 2.884102 6002113 13 1 0.8487022 1.136118 6002113 11 1 256 61225
1 1.190567 1.223018 1.152597 1 19.90097 1.096269 6002113 13 1 2.427254 1.241239 6002113 11 1 256 61415
1 1.206555 1.21522 1.17542 0 399.2945 1.125403 6003113 11 1 21.74449 2.170967 6003113 13 1 256 61426
1 0.2304392 0.07526134 0.508429 1 26.7002 1.066873 6003113 13 1 50.68196 1.151134 6003113 11 1 259 61997
1 1.050919 0.8056091 1.198818 1 37.23193 1.237652 6003113 13 1 154.9595 2.60932 6003113 11 1 263 62985
1 1.526225 2.04983 1.080738 1 12.33632 1.300676 6003113 13 1 164.9066 1.085046 6003113 11 1 263 62993
1 0.9160994 0.6007248 1.171549 1 93.74932 1.421524 6003113 13 1 0.6234909 1.50135 6003113 11 1 263 63004
1 1.035838 1.098122 0.9666125 1 2.532381 2.050834 6002113 11 1 27.97021 1.559135 6002113 13 1 266 63634
1 0.8332192 0.5015442 1.138243 1 10.2808 1.062291 6002113 11 1 64.02129 1.266063 6002113 13 1 266 63663
1 1.114777 0.884905 1.24054 0 46.93455 1.38828 6003113 11 1 31.06386 1.254776 6003113 13 1 181 43269
1 1.055133 1.104334 0.9975671 0 13.39942 6.878524 6002113 11 1 7.722528 1.479879 6002113 13 1 181 43336
1 1.095596 1.133769 1.050051 1 108.4265 1.05185 6003113 11 1 58.37905 1.04884 6003113 13 1 182 43468
1 1.190567 1.223018 1.152597 0 186.2018 1.101719 6003113 11 1 52.77144 1.093313 6003113 13 1 182 43488
1 1.143675 1.253919 1.033471 1 8.858068 1.132727 6002113 13 1 9.889978 1.10886 6002113 11 1 182 43593
1 1.035838 1.098122 0.9666125 1 43.40072 2.006205 6003113 13 1 4.12512 1.076543 6003113 11 1 182 43667
1 1.123647 1.241142 1.010512 0 183.0537 1.058586 6003113 11 1 100.4976 1.353754 6003113 13 1 192 46044
1 0.4445066 0.7265916 0.2710897 1 20.27676 1.093222 6002113 13 1 6.663297 1.042341 6002113 11 1 220 52651
1 1.183608 1.169262 1.159476 1 3.198068 1.070755 6003113 11 1 20.46648 1.626333 6003113 13 1 221 52822
1 1.109295 1.155893 1.053631 1 10.86639 1.1528 6002113 13 0 5.885215 1.625956 6002113 11 1 221 52947
1 0.9219857 1.364073 0.6240806 1 21.57096 2.378032 6003113 11 1 25.97454 1.080229 6003113 13 1 251 60024
1 1.031225 1.102163 0.9526981 1 24.55475 1.078436 6003113 13 1 31.16122 1.118467 6003113 11 1 251 60103
1 1.026751 0.7444853 1.219196 1 32.71319 1.116315 6003113 13 1 130.4229 1.91376 6003113 11 1 251 60119
1 1.289688 1.878288 0.892531 1 3.278789 2.178411 6002113 11 1 9.520342 1.05495 6002113 13 1 289 69161
1 1.575265 1.775696 1.383444 1 128.9604 1.255547 6003113 13 1 26.58685 1.554015 6003113 11 1 270 64569
1 0.9517445 0.6636014 1.162862 1 50.11537 1.054985 6003113 13 1 101.9977 1.066148 6003113 11 1 270 64698
1 1.036252 1.095703 0.9699052 0 47.00587 3.576852 6003113 11 1 50.13363 1.256976 6003113 13 1 270 64781
1 1.056557 1.108524 0.9965968 0 14.38068 1.053192 6002113 11 1 37.13234 1.319438 6002113 13 1 302 72297
1 1.206555 1.21522 1.17542 1 0.725853 1.174008 6002113 11 1 10.61221 1.126195 6002113 13 1 304 72906
1 1.058012 1.115802 0.9930252 1 12.22604 1.062378 6002113 13 0 18.21461 1.055144 6002113 11 1 304 72935
1 1.49586 1.706142 1.278772 1 9.839714 1.316565 6002113 13 1 2.316573 1.093663 6002113 11 1 304 72948
1 1.705086 2.017803 1.363962 0 128.2548 1.464542 6003113 11 1 15.07014 1.290016 6003113 13 1 316 75632
1 0.789787 0.4650854 1.097808 1 24.96508 1.352901 6002113 13 1 2.051596 1.565578 6002113 11 1 330 78981
1 1.031225 1.102163 0.9526981 1 76.77013 1.212359 6003113 13 1 150.3784 1.096882 6003113 11 1 330 79021
1 1.225386 1.141194 1.230719 1 70.22716 1.436061 6003113 13 1 41.64196 1.226117 6003113 11 1 330 79083
1 1.182032 1.113501 1.180358 1 39.8712 1.123784 6003113 13 0 311.9607 1.296059 6003113 11 1 359 85983
1 0.9138955 0.6245104 1.1333 0 387.2553 1.447104 6003113 11 1 35.01933 1.256672 6003113 13 1 359 85987
1 1.194803 1.137859 1.187115 1 70.45441 1.216339 6003113 13 1 27.86716 1.269606 6003113 11 1 359 86042
1 1.289688 1.878288 0.892531 1 19.16438 1.467706 6002113 13 1 4.908862 1.259459 6002113 11 1 10 2374
1 0.3767309 0.1505117 0.7131262 0 227.5208 1.049915 6003113 11 1 30.27734 1.174185 6003113 13 1 11 2465
1 1.209625 1.112975 1.222657 1 5.602032 1.113666 6002113 11 1 33.02926 1.076508 6002113 13 1 11 2548
1 1.761918 2.058838 1.43754 1 25.44052 1.051067 6003113 13 0 194.467 1.149511 6003113 11 1 11 2549
1 1.10316 1.145079 1.05266 1 3.331467 1.293944 6002113 13 1 1.810116 1.331177 6002113 11 1 32 7461
1 0.4205023 0.1819855 0.7484848 1 6.546872 1.087533 6003113 13 1 16.47982 2.011257 6003113 11 1 32 7462
1 0.1610681 0.04515641 0.4007308 1 31.43446 1.276868 6002113 13 0 2.581572 1.05771 6002113 11 1 42 10019
1 1.199428 1.046014 1.251733 1 19.72485 1.051311 6003113 13 0 42.51159 1.049691 6003113 11 1 42 10069
1 1.034916 1.100018 0.9626585 1 68.44511 1.054019 6003113 13 1 0.8854854 1.07252 6003113 11 1 52 12320
1 1.028816 2.178673 0.4767559 1 32.24395 1.097408 6003113 13 0 291.7021 1.073793 6003113 11 1 52 12449
1 1.083255 0.8452013 1.220206 1 40.10163 1.070645 6003113 13 1 6.685991 1.247575 6003113 11 1 61 14494
1 1.109295 1.155893 1.053631 1 18.1642 1.867467 6002113 13 1 8.870212 1.072487 6002113 11 1 61 14525
1 1.289688 1.878288 0.892531 1 59.94839 1.107506 6003113 13 1 47.80618 2.291138 6003113 11 1 61 14543
1 1.114777 0.884905 1.24054 1 74.07646 2.484696 6003113 11 1 13.96818 1.233464 6003113 13 1 62 14779
1 0.1363718 0.034862 0.3662451 1 0.2962666 1.091131 6002113 11 1 19.21017 1.088355 6002113 13 1 62 14816
1 1.099696 0.9023142 1.195627 1 57.76345 1.194464 6003113 13 0 3.958667 7.503445 6003113 11 1 361 86563
1 0.1610681 0.04515641 0.4007308 1 12.33759 1.066196 6002113 13 1 11.75954 1.539655 6002113 11 1 361 86606
1 1.174602 1.053046 1.204645 1 34.74235 2.417216 6002113 11 1 33.73784 1.233654 6002113 13 1 362 86701
1 1.106427 1.150534 1.053346 0 76.07444 5.847416 6003113 11 1 28.82586 1.17657 6003113 13 1 362 86708
1 1.192805 1.083559 1.213989 1 4.96962 1.500114 6002113 11 1 16.83087 1.084095 6002113 13 1 400 95899
1 1.112575 1.233052 0.9981722 1 33.00863 1.114599 6003113 13 1 23.91081 1.659746 6003113 11 1 400 95906
1 1.017868 0.7662661 1.176325 0 21.45407 2.616702 6002113 11 1 40.72041 1.274292 6002113 13 1 406 97265
1 1.031225 1.102163 0.9526981 0 2.458828 2.1484 6002113 11 1 28.86541 1.09347 6002113 13 1 406 97346
1 1.179161 1.206147 1.144075 1 45.68866 1.117159 6003113 11 1 57.81491 1.228149 6003113 13 1 407 97539
1 1.112575 1.233052 0.9981722 1 6.259819 1.320014 6002113 11 1 14.62557 1.244373 6002113 13 1 411 98480
1 1.054444 1.13827 0.9640688 0 1.780447 1.116349 6003113 11 1 23.48518 1.410869 6003113 13 1 415 99367
1 0.2792014 0.09677438 0.588659 1 126.001 1.066096 6003113 11 1 64.02171 1.329305 6003113 13 1 415 99440
1 1.26516 1.422013 1.117256 1 25.7351 1.034268 6003113 13 0 69.21517 1.084775 6003113 11 1 415 99568
1 0.4903168 0.2233237 0.8385035 1 34.72357 1.093782 6002113 13 0 5.905458 2.258968 6002113 11 1 416 99795
1 1.217313 1.182622 1.199648 1 58.6059 1.14489 6003113 13 0 51.87149 1.516047 6003113 11 1 28 6603
1 0.8748782 0.5617447 1.136825 1 13.80517 1.185707 6003113 13 1 61.50058 1.185014 6003113 11 1 31 7360
1 1.112575 1.233052 0.9981722 1 4.310829 1.262956 6003113 11 1 12.04001 1.152031 6003113 13 1 190 45382
1 1.173319 1.196671 1.139395 1 27.99151 1.065532 6003113 13 1 76.19429 1.090188 6003113 11 1 190 45429
1 0.1363718 0.034862 0.3662451 1 99.1996 1.23456 6003113 11 1 48.72003 2.293071 6003113 13 1 190 45502
1 1.176288 1.010978 1.239274 1 86.79682 1.543667 6003113 11 1 80.06446 1.063788 6003113 13 1 267 63968
1 1.183608 1.169262 1.159476 1 13.81076 1.103073 6002113 13 1 7.198089 1.931811 6002113 11 1 205 48969
1 0.5279956 0.2465533 0.8852676 1 1.122143 1.215771 6003113 11 1 55.03609 1.054757 6003113 13 1 205 49044
1 1.095596 1.133769 1.050051 1 27.7272 1.094136 6002113 13 1 24.32395 1.879494 6002113 11 1 205 49138
1 1.147959 1.183877 1.106546 1 41.57191 1.062319 6003113 13 0 210.6993 1.175446 6003113 11 1 208 49696
1 1.15499 1.021547 1.194574 1 29.6081 1.107498 6003113 13 1 30.04517 1.389787 6003113 11 1 208 49803
1 1.054444 1.13827 0.9640688 0 0.717723 2.836959 6002113 11 1 26.0835 1.481448 6002113 13 1 208 49859
1 1.109295 1.155893 1.053631 1 0.4713772 2.79352 6002113 11 1 6.738659 1.218406 6002113 13 1 235 56298
1 0.4544891 0.2018274 0.792879 0 12.8492 1.201055 6002113 11 1 20.65987 3.107764 6002113 13 1 237 56857
1 1.147959 1.183877 1.106546 1 32.45288 1.062008 6002113 13 1 28.79336 1.084782 6002113 11 1 242 57939
1 1.575265 1.775696 1.383444 1 6.154737 2.398562 6002113 11 1 7.141639 1.110071 6002113 13 1 242 58009
1 1.152501 1.258655 1.04415 1 117.0486 1.382199 6003113 13 1 1.968238 1.478029 6003113 11 1 242 58028
1 1.75908 2.248522 1.290011 0 105.5034 1.18349 6003113 11 1 21.91482 1.105967 6003113 13 1 280 67006
1 1.209625 1.112975 1.222657 1 108.7637 1.643621 6003113 11 1 35.85016 1.095695 6003113 13 1 280 67172
1 1.053247 1.09991 0.9980844 1 19.33673 1.522462 6003113 13 0 174.5071 2.556849 6003113 11 1 281 67325
1 1.206555 1.21522 1.17542 1 1.391263 1.247812 6003113 11 1 65.25481 1.253992 6003113 13 1 287 68715
1 1.137649 1.170432 1.099925 1 24.47356 1.292242 6003113 13 1 14.13253 1.743314 6003113 11 1 290 69533
1 1.095596 1.133769 1.050051 1 18.93006 1.140327 6003113 13 1 36.83934 1.040123 6003113 11 1 294 70421
1 1.314649 1.46568 1.173482 1 1.628327 1.100521 6002113 11 1 22.55398 1.074868 6002113 13 1 295 70597
1 1.055133 1.104334 0.9975671 1 49.90339 2.010116 6003113 11 1 19.86332 1.135075 6003113 13 1 295 70675
1 1.099519 1.139476 1.051563 1 44.1849 1.060675 6002113 13 1 28.66911 1.06262 6002113 11 1 295 70676
1 1.26516 1.422013 1.117256 1 37.17386 1.060884 6003113 13 1 41.06752 1.077368 6003113 11 1 297 71095
1 1.550791 1.753763 1.352368 1 22.318 1.699712 6002113 11 1 11.80663 1.480747 6002113 13 1 297 71111
1 1.289688 1.878288 0.892531 1 30.87978 1.891205 6003113 11 1 82.72327 1.129943 6003113 13 1 314 75197
1 1.405111 1.934095 0.9833891 0 7.351991 6.05956 6002113 11 1 19.47476 2.961596 6002113 13 1 314 75227
1 1.566869 2.206142 1.088645 1 11.13404 1.121953 6002113 11 1 21.12644 1.132317 6002113 13 1 325 77878
1 1.227292 1.202911 1.205555 1 30.18965 1.073839 6003113 13 1 3.493689 2.149885 6003113 11 1 332 79626
1 0.665028 0.3662483 0.9755856 1 4.066723 1.69338 6002113 11 1 7.864442 1.137829 6002113 13 1 333 79891
1 1.109295 1.155893 1.053631 1 14.02087 1.14234 6002113 13 1 27.22802 1.132341 6002113 11 1 336 80417
1 1.705086 2.017803 1.363962 1 37.10229 1.763904 6003113 11 1 46.03792 1.267384 6003113 13 1 336 80612
1 1.03119 1.524041 0.7057037 1 57.43337 1.11298 6003113 13 1 34.47629 1.218676 6003113 11 1 354 84858
1 0.9894024 0.7036328 1.19152 1 25.46815 4.152093 6003113 11 1 38.33912 2.586426 6003113 13 1 29 6876
1 1.059052 1.139164 0.9715886 1 27.31119 1.93231 6002113 13 1 21.26936 2.256639 6002113 11 1 29 6908
1 1.123647 1.241142 1.010512 1 74.98399 1.224648 6003113 13 1 131.0544 1.053088 6003113 11 1 43 10242
1 1.058012 1.115802 0.9930252 1 5.644478 1.086524 6002113 11 1 10.50924 1.093588 6002113 13 1 34 7981
1 1.157728 1.196465 1.111764 1 125.9024 1.136145 6003113 11 1 78.54192 1.064372 6003113 13 1 189 45153
1 1.183608 1.169262 1.159476 1 31.64057 1.437715 6002113 13 1 2.413162 1.154992 6002113 11 1 189 45283
1 1.137649 1.170432 1.099925 1 178.9952 2.605538 6003113 11 1 26.81012 1.093701 6003113 13 1 47 11219
1 1.053247 1.09991 0.9980844 1 49.59556 1.144738 6003113 11 1 41.20309 1.27074 6003113 13 1 183 43889
1 1.109295 1.155893 1.053631 1 13.70931 1.505442 6002113 13 1 12.75628 1.991496 6002113 11 1 184 44135
1 1.134034 1.248093 1.022271 1 48.84029 1.049346 6003113 13 1 59.83826 1.042873 6003113 11 1 185 44214
1 1.151918 0.9752633 1.225726 1 51.89794 1.104588 6003113 11 1 12.50524 1.099713 6003113 13 1 185 44317
1 1.641128 1.972201 1.285192 0 9.232557 1.688903 6002113 11 1 20.48944 2.015591 6002113 13 1 185 44344
1 1.314649 1.46568 1.173482 1 20.55717 1.262368 6002113 13 1 16.09419 1.285111 6002113 11 1 185 44362
1 1.083255 0.8452013 1.220206 1 2.896085 1.668401 6003113 11 1 11.13313 3.905069 6003113 13 1 194 46408
1 0.665028 0.3662483 0.9755856 1 98.41475 2.578408 6003113 11 1 81.13362 1.116552 6003113 13 1 194 46515
1 1.298986 1.452146 1.156092 1 28.83244 1.154658 6002113 13 1 1.979264 1.11914 6002113 11 1 196 46854
1 0.01417853 0.002128869 0.07081318 1 72.55762 1.083621 6003113 13 1 33.51026 1.065585 6003113 11 1 196 46910
1 1.75908 2.248522 1.290011 1 7.465999 1.959668 6003113 11 1 73.26886 1.061106 6003113 13 1 198 47292
1 0.9894024 0.7036328 1.19152 1 2.326724 1.27626 6002113 11 1 13.46767 1.186096 6002113 13 1 275 65992
1 0.4094664 0.1680855 0.7591912 1 75.5391 1.089733 6003113 13 1 3.36795 1.080475 6003113 11 1 278 66652
1 0.7934737 0.4881172 1.065644 1 18.61901 1.578078 6002113 13 1 1.188849 1.788888 6002113 11 1 277 66279
1 0.5292084 0.8493549 0.3262614 1 16.02774 1.06236 6002113 13 1 2.310237 1.530594 6002113 11 1 277 66400
1 0.9574994 0.6410515 1.205563 1 10.30126 1.217173 6003113 11 0 35.81884 1.095641 6003113 13 1 277 66425
1 1.0427 1.134261 0.9473373 1 29.49949 1.061619 6002113 13 0 17.00204 2.21293 6002113 11 1 277 66471
1 1.112575 1.233052 0.9981722 1 39.4359 1.194003 6003113 11 1 40.14823 1.090276 6003113 13 1 305 73075
1 0.9160994 0.6007248 1.171549 0 44.22449 1.244239 6002113 13 1 1.172518 1.195891 6002113 11 1 293 70216
1 1.190567 1.223018 1.152597 1 6.327941 1.381478 6002113 11 1 15.91919 1.504388 6002113 13 1 306 73381
1 1.575265 1.775696 1.383444 1 50.58638 1.974279 6003113 13 0 88.90556 3.970544 6003113 11 1 306 73419
1 0.9160994 0.6007248 1.171549 1 20.60979 1.281036 6003113 13 1 34.11963 1.093933 6003113 11 1 303 72515
1 1.147959 1.183877 1.106546 1 80.09612 1.689662 6003113 13 1 46.52019 2.954512 6003113 11 1 303 72602
1 1.056557 1.108524 0.9965968 1 28.94524 1.080009 6003113 13 1 27.48797 1.866919 6003113 11 1 303 72709
1 0.2443026 0.07741789 0.5517042 1 67.70245 1.069234 6003113 13 1 74.63243 1.145723 6003113 11 1 311 74527
1 0.747205 0.4303799 1.057145 0 77.9972 1.045734 6003113 11 1 57.07411 1.160116 6003113 13 1 311 74612
1 1.575265 1.775696 1.383444 1 55.91272 1.110815 6003113 11 1 68.08393 3.110629 6003113 13 1 315 75479
1 0.8332192 0.5015442 1.138243 1 162.4886 1.19155 6003113 11 1 54.638 1.05034 6003113 13 1 323 77460
1 1.0427 1.134261 0.9473373 1 78.00798 1.09774 6003113 11 1 34.55183 1.0524 6003113 13 1 323 77470
1 1.575265 1.775696 1.383444 1 23.62661 1.912745 6003113 13 0 18.70247 5.916912 6003113 11 1 320 76596
1 1.705086 2.017803 1.363962 1 32.37436 1.242851 6002113 13 1 10.23508 1.34866 6002113 11 1 328 78588
1 0.001468385 0.0002809328 0.008622341 1 13.91412 1.219928 6002113 13 0 2.068721 3.795972 6002113 11 1 328 78676
1 1.109295 1.155893 1.053631 1 32.36921 1.344862 6003113 13 0 314.6303 1.122179 6003113 11 1 324 77562
1 1.152971 1.190243 1.109341 1 65.39638 1.254653 6003113 11 1 40.50078 1.143235 6003113 13 1 324 77725
1 0.2792014 0.09677438 0.588659 1 0.232896 1.085393 6003113 11 1 82.82166 1.104466 6003113 13 1 343 82119
1 0.5675248 0.271593 0.9330701 0 195.2516 1.608307 6003113 11 1 24.34712 1.233891 6003113 13 1 343 82278
1 1.017868 0.7662661 1.176325 0 193.527 1.077796 6003113 11 1 54.81781 1.555988 6003113 13 1 329 78751
1 1.75908 2.248522 1.290011 1 0.007589973 1.158543 6002113 11 1 17.57156 1.428181 6002113 13 1 329 78875
1 0.009710893 0.001441682 0.05238557 1 23.90104 1.063962 6003113 11 1 56.79723 1.047144 6003113 13 1 331 79216
1 1.036252 1.095703 0.9699052 1 29.03218 1.143546 6002113 13 1 2.482539 1.073234 6002113 11 1 331 79289
1 0.3064061 0.1093534 0.631845 1 24.4026 1.099808 6002113 13 1 0.5645494 1.055514 6002113 11 1 331 79392
1 1.209625 1.112975 1.222657 1 10.05113 1.070595 6002113 13 1 23.78053 1.169251 6002113 11 1 341 81615
1 1.134034 1.248093 1.022271 1 58.53217 1.059697 6003113 13 0 4.716528 1.201674 6003113 11 1 345 82609
1 1.106427 1.150534 1.053346 1 33.53168 1.154184 6002113 13 1 15.29799 1.138604 6002113 11 1 345 82698
1 0.1991887 0.05938704 0.4717879 1 28.51671 1.327476 6003113 13 1 32.60936 1.117429 6003113 11 1 353 84690
1 1.191782 1.185832 1.16486 1 20.90733 1.412826 6002113 11 1 37.81258 1.740648 6002113 13 1 355 85048
1 1.213336 1.227995 1.180605 1 14.33132 1.436065 6002113 11 1 18.34256 1.110829 6002113 13 1 355 85126
1 1.0427 1.134261 0.9473373 1 15.93341 1.238789 6003113 13 0 341.8721 1.07852 6003113 11 1 356 85292
1 1.152501 1.258655 1.04415 1 88.27605 1.047324 6003113 11 1 57.87693 1.474239 6003113 13 1 356 85298
1 1.152971 1.190243 1.109341 1 17.66877 1.201035 6003113 11 1 11.13927 1.050669 6003113 13 1 356 85407
1 1.036252 1.095703 0.9699052 1 0.005899632 1.1171 6002113 11 1 16.50858 1.082993 6002113 13 1 356 85419
1 1.099519 1.139476 1.051563 1 19.52925 1.060038 6002113 13 0 0.1978311 1.052494 6002113 11 1 374 89594
1 1.298986 1.452146 1.156092 1 152.6618 1.149787 6003113 11 1 43.85098 1.37205 6003113 13 1 374 89735
1 1.059052 1.139164 0.9715886 0 98.50858 1.087584 6003113 11 1 35.88342 1.065403 6003113 13 1 391 93789
1 1.282494 1.437562 1.137462 1 12.36853 1.104761 6003113 13 1 35.96319 1.340946 6003113 11 1 390 93556
1 1.053247 1.09991 0.9980844 1 22.85377 1.81537 6003113 13 1 148.7401 1.107694 6003113 11 1 390 93561
1 0.5380682 0.2637946 0.8676014 1 16.49927 1.104646 6002113 13 1 12.30729 1.060848 6002113 11 1 390 93598
1 0.004252809 0.0006661682 0.02512871 1 18.40311 1.059587 6002113 13 1 7.036317 1.362361 6002113 11 1 6 1379
1 1.142868 1.177299 1.103399 1 27.64029 1.39986 6003113 13 1 3.814903 1.237126 6003113 11 1 8 1697
1 0.6235333 0.981489 0.3895437 1 6.291915 2.266437 6002113 11 1 13.49492 1.446995 6002113 13 1 55 13176
1 1.137649 1.170432 1.099925 1 14.85075 1.052556 6002113 11 1 14.80758 1.250514 6002113 13 1 59 13923
1 1.152971 1.190243 1.109341 1 88.30018 1.107352 6003113 11 1 13.05111 1.022088 6003113 13 1 59 13961
1 1.145385 0.9245803 1.259718 0 182.9032 3.941731 6003113 11 1 53.18324 1.448032 6003113 13 1 59 14113
1 0.1610681 0.04515641 0.4007308 1 185.4141 1.340413 6003113 11 1 19.96213 2.212259 6003113 13 1 80 18996
1 1.054444 1.13827 0.9640688 1 17.13263 1.7723 6003113 11 1 105.2073 1.276503 6003113 13 1 80 19119
1 1.191782 1.185832 1.16486 1 10.3201 1.135997 6002113 13 1 2.491365 1.066097 6002113 11 1 78 18501
1 1.031225 1.102163 0.9526981 1 15.89917 1.977271 6002113 13 1 5.650886 1.879387 6002113 11 1 78 18512
1 1.053247 1.09991 0.9980844 1 4.373546 2.057034 6003113 11 1 31.1064 1.153985 6003113 13 1 78 18568
1 1.058012 1.115802 0.9930252 1 8.357563 1.959644 6002113 11 1 23.12547 1.323912 6002113 13 1 78 18641
1 1.017868 0.7662661 1.176325 1 16.1547 1.300542 6002113 13 1 2.525309 1.082263 6002113 11 1 103 24623
1 0.2443026 0.07741789 0.5517042 1 27.34983 1.358238 6002113 13 1 13.34302 1.173853 6002113 11 1 139 33241
1 0.203907 0.4107535 0.09737417 0 5.162922 3.141483 6003113 11 1 19.79641 1.856551 6003113 13 1 139 33262
1 1.1849 1.214892 1.148506 1 76.18798 1.188448 6003113 13 0 165.7468 1.07183 6003113 11 1 139 33281
1 1.149237 1.698801 0.7921503 1 79.55555 1.223083 6003113 11 1 56.80663 1.075798 6003113 13 1 140 33384
1 1.095596 1.133769 1.050051 1 54.02316 1.033381 6003113 13 0 234.0933 1.074908 6003113 11 1 162 38730
1 1.0427 1.134261 0.9473373 1 2.040267 1.072669 6001113 13 1 0.1454856 1.907666 6001113 11 1 163 38913
1 0.789787 0.4650854 1.097808 1 36.07335 2.362619 6003113 13 1 55.66237 1.07022 6003113 11 1 163 38937
1 0.0008292547 0.0001828615 0.00428265 1 14.15217 2.725676 6002113 11 1 36.15986 1.298785 6002113 13 1 163 39088
1 1.054444 1.13827 0.9640688 1 17.24451 1.307859 6002113 13 0 3.049278 1.1719 6002113 11 1 223 53379
1 1.314649 1.46568 1.173482 1 11.62999 2.186937 6002113 13 1 11.44817 1.376461 6002113 11 1 227 54312
1 1.641128 1.972201 1.285192 0 51.84592 1.46255 6003113 11 1 60.52791 1.205838 6003113 13 1 248 59520
1 1.112575 1.233052 0.9981722 1 7.036767 1.790863 6003113 11 1 61.20032 1.275406 6003113 13 1 326 78065
1 1.524498 1.73059 1.317664 1 94.81271 1.338195 6003113 11 1 43.59329 1.362198 6003113 13 1 326 78180
1 0.6571895 0.3457574 1.000641 1 38.17225 3.345106 6003113 11 1 48.37801 1.232282 6003113 13 1 249 59759
1 1.182032 1.113501 1.180358 1 85.99982 1.041675 6003113 13 0 248.3027 1.303706 6003113 11 1 250 59924
1 0.4094664 0.1680855 0.7591912 0 15.94887 1.088887 6002113 11 1 14.07158 1.069114 6002113 13 1 250 59937
1 0.9574994 0.6410515 1.205563 1 15.63238 1.137899 6002113 13 1 11.94816 1.244758 6002113 11 1 279 66842
1 1.524498 1.73059 1.317664 0 2.670547 3.756825 6002113 11 1 15.11257 1.23541 6002113 13 1 286 68627
1 1.298986 1.452146 1.156092 1 29.16612 1.145271 6003113 13 0 25.89778 5.182263 6003113 11 1 301 72020
1 0.4094664 0.1680855 0.7591912 1 20.10139 1.165674 6002113 13 1 9.552081 1.446675 6002113 11 1 321 76854
1 1.152971 1.190243 1.109341 1 22.82437 1.126044 6002113 13 1 4.572245 2.07244 6002113 11 1 327 78286
1 1.227292 1.202911 1.205555 1 25.39795 1.060393 6003113 13 0 70.60409 1.091089 6003113 11 1 327 78336
1 1.191782 1.185832 1.16486 1 34.61455 1.068032 6002113 13 0 0.1986963 1.226654 6002113 11 1 327 78366
1 1.213336 1.227995 1.180605 0 122.9307 2.719895 6003113 11 1 13.56698 2.97224 6003113 13 1 334 79933
1 1.526225 2.04983 1.080738 1 36.27075 1.764136 6003113 11 1 40.26483 1.063544 6003113 13 1 335 80235
1 0.789787 0.4650854 1.097808 1 30.37247 1.044574 6003113 11 1 25.42904 1.063317 6003113 13 1 335 80286
1 1.705086 2.017803 1.363962 1 51.94532 1.118572 6003113 11 1 20.70475 1.069695 6003113 13 1 335 80379
1 1.209625 1.112975 1.222657 1 16.56188 1.048701 6002113 13 1 4.555372 1.050747 6002113 11 1 338 81110
1 1.550791 1.753763 1.352368 1 31.69231 1.071479 6003113 13 1 22.44415 1.443123 6003113 11 1 340 81393
1 1.10316 1.145079 1.05266 0 303.3934 1.072319 6003113 11 1 58.46172 1.061416 6003113 13 1 340 81526
1 1.329532 1.478061 1.189894 1 82.4756 1.252496 6003113 13 1 132.6213 1.683812 6003113 11 1 342 81986
1 0.9894024 0.7036328 1.19152 1 40.27302 1.08554 6003113 13 1 75.21729 2.07193 6003113 11 1 384 91923
1 1.183608 1.169262 1.159476 0 404.908 1.157565 6003113 11 1 67.92546 1.083023 6003113 13 1 384 91955
1 1.147959 1.183877 1.106546 1 52.02369 1.08832 6003113 13 1 30.25562 1.228698 6003113 11 1 350 83793
1 0.0739324 0.01495082 0.2461688 1 4.868445 1.222647 6002113 11 1 28.80422 1.441581 6002113 13 1 350 83955
1 1.225386 1.141194 1.230719 1 72.59682 1.047844 6003113 11 1 87.06536 1.057052 6003113 13 1 405 97095
1 1.114777 0.884905 1.24054 1 54.43976 1.221139 6003113 11 1 31.02136 1.125077 6003113 13 1 405 97142
1 1.15499 1.021547 1.194574 1 9.534349 1.296097 6002113 13 1 13.3066 1.566117 6002113 11 1 405 97162
1 1.057513 1.112379 0.9951048 0 58.65752 1.632321 6003113 11 1 42.59808 1.09221 6003113 13 1 376 90030
