1 1.209625 1.112975 1.222657 1 8.377981 1.373785 6002113 13 1 31.62221 1.327678 6002113 13 1 409 98009
1 1.114777 0.884905 1.24054 1 201.9528 1.519767 6003113 13 1 160.2967 1.640259 6003113 13 1 116 27793
1 1.209625 1.112975 1.222657 1 4.020723 2.013642 6002113 13 1 65.33681 5.816313 6002113 13 1 58 13895
1 1.056557 1.108524 0.9965968 1 71.03295 7.536794 6002113 13 0 107.0939 3.396274 6002113 13 1 235 56354
1 0.8339615 0.5241884 1.101491 1 66.06706 1.507462 6002113 13 1 67.6312 1.55853 6002113 13 1 123 29360
1 1.106427 1.150534 1.053346 1 73.70606 7.045929 6002113 13 1 137.2835 2.34508 6002113 13 1 196 46878
1 1.057513 1.112379 0.9951048 1 30.49768 1.800398 6002113 13 1 108.7417 2.650961 6002113 13 1 290 69548
1 1.026751 0.7444853 1.219196 1 59.14061 1.713371 6002113 13 0 13.76258 1.485241 6002113 13 1 411 98629
1 1.157728 1.196465 1.111764 1 31.02365 1.877763 6002113 13 1 23.59498 1.89508 6002113 13 1 264 63354
1 1.10316 1.145079 1.05266 1 45.01983 1.680372 6002113 13 1 59.58007 3.04989 6002113 13 1 342 81892
1 1.095596 1.133769 1.050051 1 164.4409 2.082735 6003113 13 1 239.4992 1.456042 6003113 13 1 25 5835
1 1.289688 1.878288 0.892531 1 230.3103 6.199352 6003113 13 1 63.40845 1.384951 6003113 13 1 324 77640
