1 0.1991887 0.05938704 0.4717879 1 54.83363 1.432164 1000022 13 0 14.64156 1.864021 1000022 11 1 27 7393
1 1.209625 1.112975 1.222657 1 83.35728 2.192493 1000022 13 1 36.12865 1.464827 1000022 11 1 28 7713
1 1.157728 1.196465 1.111764 1 26.21065 1.575644 1000022 13 1 18.38397 1.626477 1000022 11 1 28 7720
1 1.054444 1.13827 0.9640688 1 29.80396 1.301843 1000022 11 1 19.29655 1.528669 1000022 13 1 29 7783
1 1.157728 1.196465 1.111764 1 24.20367 1.313144 1000022 13 0 14.38518 2.925482 1000022 11 1 30 8042
1 1.036252 1.095703 0.9699052 1 3.348715 1.586026 1000022 11 1 36.39206 1.161551 1000022 13 1 30 8044
1 1.20651 1.16088 1.193521 1 1.573478 1.140525 1000022 11 1 34.50982 1.451177 1000022 13 1 30 8256
1 1.550791 1.753763 1.352368 1 32.82403 2.269206 1000022 11 1 22.07032 1.27858 1000022 13 1 32 8635
1 0.3458254 0.5933005 0.203245 1 0.5348268 1.111166 1000022 13 1 46.58042 1.181267 1000022 13 1 32 8651
1 0.8200224 1.218482 0.5472287 0 10.15972 1.608883 1000022 11 1 50.71249 1.899812 1000022 13 1 36 9847
1 0.3459568 0.1344595 0.6687537 1 0.1217377 1.137216 1000022 11 1 52.18951 1.640191 1000022 13 1 34 9146
1 1.26516 1.422013 1.117256 1 20.99734 4.051747 1000022 11 1 41.4626 1.120268 1000022 13 1 5 1158
1 1.058012 1.115802 0.9930252 1 24.02942 1.108972 1000022 13 0 6.151389 2.483169 1000022 11 1 5 1378
1 1.575265 1.775696 1.383444 0 26.60699 3.056806 1000022 13 1 5.790688 4.223943 1000022 13 1 6 1425
1 1.063672 0.7860307 1.245813 1 59.35816 1.260395 1000022 13 1 8.21836 1.906575 1000022 11 1 6 1539
1 1.083255 0.8452013 1.220206 1 2.724072 2.012714 1000022 11 1 20.74552 2.562719 1000022 13 1 6 1589
1 1.152501 1.258655 1.04415 0 5.010881 3.283186 1000022 11 1 64.82548 1.616247 1000022 13 1 18 4933
1 1.026751 0.7444853 1.219196 1 13.48068 1.525455 1000022 13 0 13.7003 1.762834 1000022 13 1 2 498
1 1.49586 1.706142 1.278772 1 0.6192014 1.169795 1000022 11 1 30.57745 1.186692 1000022 13 1 4 1078
1 1.199428 1.046014 1.251733 0 8.978969 3.339562 1000022 11 1 24.10226 2.11861 1000022 13 1 16 4271
1 1.15499 1.021547 1.194574 1 28.5188 4.666869 1000022 11 1 73.69833 1.30894 1000022 13 1 16 4320
1 1.134034 1.248093 1.022271 1 37.40217 1.315852 1000022 13 0 1.871799 1.826059 1000022 13 1 16 4386
1 1.1849 1.214892 1.148506 1 29.21903 2.216789 1000022 13 0 0.3701837 1.277442 1000022 11 1 24 6624
1 1.026751 0.7444853 1.219196 1 32.55215 1.25085 1000022 13 1 7.583075 1.885837 1000022 11 1 26 7022
1 1.209625 1.112975 1.222657 1 49.57365 1.619061 1000022 13 1 9.292576 1.836367 1000022 13 1 10 2684
1 1.524498 1.73059 1.317664 1 22.77584 3.756024 1000022 11 1 40.09078 1.843279 1000022 13 1 11 2769
1 1.036252 1.095703 0.9699052 1 15.41739 1.202827 1000022 13 1 3.978406 1.69358 1000022 11 1 11 2966
1 1.182032 1.113501 1.180358 0 31.40628 1.76579 1000022 11 1 43.36574 1.422906 1000022 13 1 12 3190
1 1.142868 1.177299 1.103399 1 77.23381 1.827889 1000022 11 1 29.07418 2.579833 1000022 13 1 12 3231
1 1.183608 1.169262 1.159476 1 22.9967 2.143986 1000022 13 1 50.92646 1.558479 1000022 13 1 12 3258
1 1.190567 1.223018 1.152597 0 4.928775 1.237017 1000022 11 1 47.99361 1.31686 1000022 13 1 15 3911
1 0.04323696 0.007888732 0.160549 1 3.508797 2.068305 1000022 13 1 42.78473 2.52047 1000022 13 1 17 4467
1 1.213336 1.227995 1.180605 1 32.72801 1.073715 1000022 13 1 4.942163 4.187644 1000022 11 1 17 4573
