1 1.49586 1.706142 1.278772 1 13.7584 1.671414 6002113 13 1 25.1482 1.085502 6002113 13 1 114 27347
1 1.227292 1.202911 1.205555 1 17.72361 1.845054 6002113 13 1 6.488155 1.06959 6002113 13 1 318 76292
1 1.058012 1.115802 0.9930252 1 17.05815 1.033629 6003113 13 1 42.05919 1.071642 6003113 13 1 241 57798
1 1.033406 1.101364 0.958024 1 21.79303 3.082283 6002113 13 1 10.73177 1.494376 6002113 13 1 387 92755
1 0.9160994 0.6007248 1.171549 1 115.5877 1.058203 6003113 13 1 22.41411 1.365408 6003113 13 1 216 51605
1 1.026751 0.7444853 1.219196 1 10.69178 2.43444 6002113 13 1 9.312576 2.207829 6002113 13 1 377 90251
1 1.152501 1.258655 1.04415 1 67.58329 1.040095 6003113 13 1 90.84142 1.27503 6003113 13 1 266 63809
1 1.10316 1.145079 1.05266 1 30.53383 1.281888 6003113 13 1 161.0303 1.382398 6003113 13 1 237 56872
1 0.2539062 0.08544197 0.5475258 1 11.31197 2.362539 6002113 13 1 15.69179 1.366875 6002113 13 1 243 58317
1 1.10316 1.145079 1.05266 1 5.168163 1.173905 6003113 13 1 22.68248 1.195426 6003113 13 1 314 75340
1 0.7242169 1.085561 0.4754195 1 114.1321 1.143778 6003113 13 1 15.57194 1.466504 6003113 13 1 43 10169
1 0.7055845 0.3974356 1.016366 1 12.00225 1.114491 6002113 13 1 10.3291 1.064179 6002113 13 1 185 44200
1 1.053247 1.09991 0.9980844 1 53.27825 1.111688 6003113 13 1 83.24419 1.061751 6003113 13 1 345 82682
1 1.192805 1.083559 1.213989 1 15.22345 2.058218 6002113 13 1 5.846935 1.137496 6002113 13 1 353 84497
