1 1.183608 1.169262 1.159476 1 12.91285 1.239594 1000022 11 1 14.71651 1.189775 1000022 13 1 32 6386
1 1.1849 1.214892 1.148506 1 19.30977 1.668426 1000022 13 1 4.755729 1.507926 1000022 11 1 37 7335
1 0.5179346 0.9281273 0.2807825 1 27.75841 1.546692 1000022 11 1 56.55413 2.79267 1000022 13 1 39 7838
1 1.182032 1.113501 1.180358 1 20.55604 1.826483 1000022 11 1 33.70182 1.114341 1000022 13 1 40 7848
1 1.151918 0.9752633 1.225726 1 39.26403 1.189536 1000022 13 1 22.55364 1.533898 1000022 13 1 40 7939
1 0.9894024 0.7036328 1.19152 1 28.32932 1.086308 1000022 13 1 1.132159 1.194829 1000022 11 1 40 8037
1 0.9574994 0.6410515 1.205563 1 42.46514 1.823258 1000022 13 1 7.056452 1.183 1000022 13 1 43 8469
1 1.164201 1.711426 0.8059074 1 19.74356 1.204234 1000022 13 1 4.018391 1.6415 1000022 11 1 43 8475
1 1.329532 1.478061 1.189894 1 0.5549465 3.878403 1000022 11 0 79.34714 1.128887 1000022 13 1 44 8681
1 1.035838 1.098122 0.9666125 1 50.98824 1.635989 1000022 13 0 50.72396 13.18552 1000022 11 1 44 8772
1 1.645109 2.1548 1.183545 1 3.513373 2.013448 1000022 11 1 20.07993 1.141971 1000022 13 1 36 7117
1 0.1080031 0.02598027 0.3057024 1 27.30329 1.368757 1000022 13 1 13.63513 3.901742 1000022 11 1 36 7129
1 1.206555 1.21522 1.17542 1 4.61025 1.262492 1000022 11 1 32.03766 1.212485 1000022 13 1 36 7151
1 1.112575 1.233052 0.9981722 1 4.472487 1.350811 1000022 11 1 24.82882 1.32309 1000022 13 1 36 7189
1 1.053247 1.09991 0.9980844 1 31.4004 1.300725 1000022 11 1 67.8518 1.343876 1000022 13 1 41 8049
1 1.1849 1.214892 1.148506 1 18.56374 1.294598 1000022 13 1 26.07685 1.510698 1000022 13 1 41 8178
1 1.123647 1.241142 1.010512 1 2.588433 2.35545 1000022 13 1 11.28779 1.150571 1000022 13 1 42 8389
1 1.048997 1.136673 0.9559695 1 34.27913 1.295181 1000022 13 1 17.38421 1.502227 1000022 11 1 46 9138
1 1.017868 0.7662661 1.176325 1 9.264919 1.119924 1000022 11 1 12.94107 1.68222 1000022 13 1 46 9143
1 1.405111 1.934095 0.9833891 1 0.9066377 4.459755 1000022 13 1 22.18248 1.230147 1000022 13 1 46 9157
1 1.033406 1.101364 0.958024 0 9.404367 7.169721 1000022 13 1 16.73823 1.243682 1000022 13 1 47 9343
1 1.329532 1.478061 1.189894 1 44.08739 1.361884 1000022 11 1 86.08556 1.067759 1000022 13 1 47 9401
1 1.063672 0.7860307 1.245813 1 12.56794 1.752046 1000022 11 1 14.26841 1.895722 1000022 13 1 47 9446
1 0.004946925 0.0007649757 0.02896901 1 9.845773 1.656391 1000022 11 1 50.45943 1.381254 1000022 13 1 48 9545
1 1.179161 1.206147 1.144075 1 38.76748 1.877388 1000022 13 1 11.69108 1.705426 1000022 11 1 48 9570
1 1.143675 1.253919 1.033471 1 5.488612 1.169284 1000022 13 1 42.52922 1.825888 1000022 13 1 50 9891
1 1.048997 1.136673 0.9559695 1 1.937239 2.788256 1000022 11 1 30.01612 1.134793 1000022 13 1 50 9920
1 1.194803 1.137859 1.187115 1 38.97871 1.569824 1000022 11 1 46.46143 3.526595 1000022 13 1 2 211
1 1.036252 1.095703 0.9699052 1 41.45975 1.602236 1000022 13 1 16.01666 3.080208 1000022 13 1 2 275
1 1.298986 1.452146 1.156092 1 8.173378 2.374235 1000022 11 1 43.83894 1.320074 1000022 13 1 17 3259
1 0.8748782 0.5617447 1.136825 1 1.712883 1.343922 1000022 13 1 30.7928 1.324196 1000022 13 1 17 3379
1 1.209625 1.112975 1.222657 1 53.59717 1.21238 1000022 11 1 19.21208 1.16184 1000022 13 1 19 3669
1 1.152501 1.258655 1.04415 1 34.22647 1.842675 1000022 11 1 22.07837 1.096862 1000022 13 1 19 3714
1 1.167323 1.186361 1.134647 1 13.21688 1.249762 1000022 13 1 11.01957 1.268129 1000022 11 1 26 5072
1 1.314649 1.46568 1.173482 1 25.67319 1.154369 1000022 13 0 14.42174 3.247661 1000022 11 1 7 1333
1 1.174602 1.053046 1.204645 1 6.496785 1.546046 1000022 13 1 34.58616 1.280944 1000022 13 1 12 2328
1 0.9574994 0.6410515 1.205563 1 27.99969 1.716138 1000022 11 1 14.51647 1.120111 1000022 13 1 11 2056
1 1.157728 1.196465 1.111764 1 25.61338 1.118459 1000022 13 1 6.590301 2.844927 1000022 11 1 11 2201
1 1.0427 1.134261 0.9473373 1 23.76837 1.889362 1000022 13 1 16.34193 2.927098 1000022 11 1 13 2483
1 1.147959 1.183877 1.106546 1 23.62389 1.184606 1000022 13 1 48.17707 1.136025 1000022 11 1 13 2521
1 1.033406 1.101364 0.958024 1 19.19153 1.421512 1000022 13 1 20.72134 1.311868 1000022 13 1 14 2697
1 0.3459568 0.1344595 0.6687537 1 0.800666 1.343896 1000022 11 1 13.2606 1.249686 1000022 13 1 14 2746
1 1.017868 0.7662661 1.176325 1 29.65405 1.546922 1000022 13 1 8.329012 1.187393 1000022 13 1 15 2867
1 0.1080031 0.02598027 0.3057024 1 13.41682 1.416724 1000022 13 1 10.03869 4.076502 1000022 13 1 15 2891
1 1.190567 1.223018 1.152597 1 33.618 1.292585 1000022 13 0 1.148044 3.42526 1000022 11 1 15 2904
1 1.227292 1.202911 1.205555 1 19.92231 1.521 1000022 13 0 3.7152 4.137643 1000022 11 1 15 2988
1 1.152501 1.258655 1.04415 1 26.92573 1.22929 1000022 13 1 3.555509 1.191171 1000022 13 1 16 3049
1 1.157728 1.196465 1.111764 1 23.31603 7.578599 1000022 11 1 15.84884 1.126792 1000022 13 1 16 3130
1 1.812285 2.096335 1.505211 1 5.990242 1.551874 1000022 11 1 52.14531 1.142098 1000022 13 1 18 3563
1 1.298986 1.452146 1.156092 1 50.24567 2.860118 1000022 13 1 8.757275 1.781867 1000022 11 1 27 5285
1 1.134034 1.248093 1.022271 1 1.420642 2.727316 1000022 11 1 16.52807 1.299287 1000022 13 1 27 5290
1 1.157728 1.196465 1.111764 1 20.4217 1.37984 1000022 13 1 23.25169 1.290695 1000022 13 1 27 5318
1 1.0427 1.134261 0.9473373 1 2.876799 1.515231 1000022 13 1 32.51984 2.396069 1000022 13 1 27 5320
1 1.761918 2.058838 1.43754 1 29.17626 4.663893 1000022 13 1 14.56044 1.687677 1000022 13 1 1 69
1 1.048997 1.136673 0.9559695 1 18.4863 1.266073 1000022 13 1 4.93582 1.196507 1000022 11 1 1 183
1 0.7242169 1.085561 0.4754195 1 35.51761 1.234937 1000022 13 1 31.60745 1.565231 1000022 11 1 3 423
1 0.4442115 0.1872741 0.8068974 0 4.370163 2.354818 1000022 11 1 26.07731 1.255477 1000022 13 1 3 438
1 1.123647 1.241142 1.010512 1 8.788957 1.660615 1000022 11 1 15.88533 1.254279 1000022 13 1 4 659
1 1.054444 1.13827 0.9640688 1 19.84798 1.540619 1000022 13 1 13.964 1.888319 1000022 13 1 5 846
1 1.099696 0.9023142 1.195627 1 27.71282 1.098543 1000022 13 1 4.55586 1.419948 1000022 13 1 5 971
1 1.56971 1.920896 1.202337 0 2.792071 1.361155 1000022 13 1 70.42484 1.546441 1000022 13 1 6 1073
1 1.035838 1.098122 0.9666125 1 83.24504 1.41527 1000022 11 1 62.4458 1.384239 1000022 13 1 6 1159
1 1.190567 1.223018 1.152597 1 24.81631 2.746592 1000022 11 1 62.34751 1.116381 1000022 13 1 8 1578
1 0.6571895 0.3457574 1.000641 1 26.9882 1.734695 1000022 11 1 10.36123 1.286991 1000022 13 1 9 1617
1 1.812285 2.096335 1.505211 1 44.06392 1.528394 1000022 13 1 21.45438 1.609237 1000022 13 1 9 1622
1 1.095596 1.133769 1.050051 1 27.33202 1.253096 1000022 13 1 23.72538 1.653931 1000022 11 1 9 1659
1 0.9894024 0.7036328 1.19152 1 41.97397 5.806243 1000022 13 1 45.5346 1.58839 1000022 13 1 9 1702
1 0.4205023 0.1819855 0.7484848 1 20.73874 1.461535 1000022 13 1 9.586083 1.742013 1000022 11 1 9 1780
1 1.054444 1.13827 0.9640688 1 5.137804 1.290871 1000022 11 1 44.24286 1.096264 1000022 13 1 21 4023
1 1.142868 1.177299 1.103399 1 35.06333 2.388297 1000022 13 1 11.48544 2.265898 1000022 13 1 21 4025
1 1.26516 1.422013 1.117256 1 11.86207 1.167849 1000022 13 1 24.29739 10.20795 1000022 13 1 21 4045
1 0.665028 0.3662483 0.9755856 1 29.67367 1.609877 1000022 13 1 13.23383 1.201061 1000022 11 1 21 4070
1 0.9219857 1.364073 0.6240806 1 67.37778 1.120539 1000022 13 1 1.243819 1.677702 1000022 13 1 21 4106
1 1.641128 1.972201 1.285192 1 20.05252 1.27621 1000022 11 1 24.09396 1.86401 1000022 13 1 22 4246
1 1.109295 1.155893 1.053631 1 16.32146 1.070233 1000022 13 1 3.195768 1.11945 1000022 13 1 22 4259
1 0.1610681 0.04515641 0.4007308 1 14.56582 1.452995 1000022 11 1 13.71239 2.177576 1000022 13 1 24 4749
1 0.6159488 0.3166172 0.9557644 1 19.54701 1.315317 1000022 13 0 12.60564 8.943391 1000022 13 1 24 4769
1 1.182032 1.113501 1.180358 1 24.64472 1.374754 1000022 13 0 7.086384 2.538929 1000022 11 1 25 4900
1 0.2304392 0.07526134 0.508429 1 2.460183 2.284064 1000022 11 1 23.13933 1.334096 1000022 13 1 25 4927
1 0.3355998 0.123277 0.6770892 1 15.24397 1.164571 1000022 11 1 23.87228 1.240186 1000022 13 1 28 5504
1 1.217313 1.182622 1.199648 1 36.00973 1.536165 1000022 13 1 18.83022 1.129883 1000022 13 1 28 5598
1 1.151918 0.9752633 1.225726 1 16.26069 1.361352 1000022 13 1 8.426718 1.208986 1000022 11 1 29 5684
1 1.199401 1.201198 1.170168 1 28.53898 1.325247 1000022 13 1 8.404692 2.161024 1000022 13 1 29 5734
1 1.057513 1.112379 0.9951048 1 20.80351 1.542928 1000022 13 1 49.58046 1.805623 1000022 13 1 29 5829
1 1.062846 1.139449 0.9784784 0 10.86953 3.822594 1000022 13 1 12.39561 1.120901 1000022 13 1 30 5896
1 1.134034 1.248093 1.022271 1 32.22371 1.334997 1000022 13 1 13.70946 5.233155 1000022 11 1 30 5932
1 1.329532 1.478061 1.189894 1 2.192987 1.206117 1000022 11 1 20.65285 2.059534 1000022 13 1 30 5936
1 1.194803 1.137859 1.187115 1 27.74884 1.333091 1000022 13 1 27.66531 1.355263 1000022 13 1 31 6185
1 1.575265 1.775696 1.383444 1 13.66875 1.649365 1000022 13 1 7.154622 1.207271 1000022 11 1 31 6231
1 1.225386 1.141194 1.230719 1 17.75475 1.25298 1000022 13 1 6.211127 4.940479 1000022 11 1 34 6647
1 1.866054 2.331325 1.3979 1 28.40924 1.314855 1000022 13 1 6.250557 1.51107 1000022 11 1 34 6763
1 0.3355998 0.123277 0.6770892 1 23.87662 1.584894 1000022 13 1 45.92662 1.442235 1000022 13 1 34 6830
1 0.5762256 0.2893137 0.9113798 1 18.18646 1.554071 1000022 13 1 0.3190142 1.226952 1000022 13 1 45 8894
1 1.134034 1.248093 1.022271 1 25.41655 1.503553 1000022 13 1 9.013352 2.11865 1000022 11 1 45 8969
