1 1.112575 1.233052 0.9981722 1 1.185179 1.116015 6003113 13 1 32.1433 2.381824 6003113 13 1 393 94303
1 1.095596 1.133769 1.050051 0 88.17451 1.398541 6003113 13 0 21.73419 1.236113 6003113 13 1 403 96718
1 1.550791 1.753763 1.352368 1 22.58113 1.355769 6003113 13 0 7.339902 2.466826 6003113 13 1 225 53920
1 1.167323 1.186361 1.134647 1 37.74724 1.285139 6003113 13 1 30.74589 1.055138 6003113 13 1 323 77340
1 1.227292 1.202911 1.205555 1 42.49153 2.092707 6003113 13 1 31.23182 2.435544 6003113 13 1 382 91569
1 1.137649 1.170432 1.099925 1 25.93075 2.032997 6002113 13 1 3.402777 2.477642 6002113 13 1 391 93726
1 1.147959 1.183877 1.106546 1 37.36108 1.033683 6003113 13 1 12.02174 1.269237 6003113 13 1 415 99443
1 0.0005603043 0.0001318159 0.002487118 1 21.83206 1.005258 6003113 13 0 97.51986 1.010149 6003113 13 1 405 97068
1 1.109295 1.155893 1.053631 1 7.614952 1.618642 6003113 13 1 22.10529 1.150857 6003113 13 1 406 97401
1 1.134034 1.248093 1.022271 0 99.88036 1.346291 6003113 13 1 23.6289 1.998996 6003113 13 1 412 98748
1 1.123647 1.241142 1.010512 1 13.42894 1.073338 6002113 13 0 3.11026 6.716745 6002113 13 1 108 25875
1 0.5292084 0.8493549 0.3262614 1 36.51411 1.847875 6003113 13 1 40.97757 1.064339 6003113 13 1 179 42893
1 1.126364 0.9389989 1.211138 0 34.70935 3.686644 6003113 13 1 13.19943 1.009389 6003113 13 1 148 35494
1 0.8748782 0.5617447 1.136825 1 10.4858 2.021104 6002113 13 1 17.97469 1.321409 6002113 13 1 164 39194
1 1.550791 1.753763 1.352368 0 0.6674327 2.474083 6003113 13 1 19.79246 1.112911 6003113 13 1 122 29240
1 0.009710893 0.001441682 0.05238557 1 29.91711 1.102808 6003113 13 1 11.8709 1.524281 6003113 13 1 30 7144
1 0.9219857 1.364073 0.6240806 1 20.29643 2.482392 6003113 13 1 16.97821 1.388732 6003113 13 1 68 16240
1 1.031225 1.102163 0.9526981 1 29.96915 2.578462 6003113 13 1 14.40655 2.5751 6003113 13 1 87 20751
1 1.282494 1.437562 1.137462 1 5.422212 1.140651 6003113 13 1 28.44146 1.006055 6003113 13 1 94 22486
1 1.134034 1.248093 1.022271 0 5.947397 1.110237 6003113 13 1 29.40644 2.272827 6003113 13 1 260 62210
1 1.083255 0.8452013 1.220206 0 71.41965 7.630422 6003113 13 1 62.00871 1.179317 6003113 13 1 138 33070
1 1.143675 1.253919 1.033471 1 8.663214 1.061064 6002113 13 1 2.616519 1.862984 6002113 13 1 366 87713
1 1.048836 1.548763 0.7254791 1 25.1418 2.20381 6003113 13 1 29.71499 1.145916 6003113 13 1 354 84838
1 1.099519 1.139476 1.051563 0 49.62283 2.26336 6003113 13 1 6.688619 1.457999 6003113 13 1 363 86965
1 1.099696 0.9023142 1.195627 1 0.5105225 3.182866 6003113 13 1 25.94105 1.054892 6003113 13 1 31 7260
1 0.8332192 0.5015442 1.138243 1 41.47097 1.031461 6003113 13 1 7.69892 3.068507 6003113 13 1 105 25018
1 1.1849 1.214892 1.148506 1 20.90238 2.425182 6003113 13 1 9.854181 1.16725 6003113 13 1 303 72640
1 1.199401 1.201198 1.170168 1 7.889648 1.078572 6003113 13 1 18.97207 1.066632 6003113 13 1 5 1080
1 1.026751 0.7444853 1.219196 1 12.41565 1.319627 6002113 13 1 2.151292 1.157671 6002113 13 1 328 78595
1 1.058012 1.115802 0.9930252 1 31.49567 1.017621 6003113 13 0 39.07234 8.519316 6003113 13 1 287 68849
1 1.114777 0.884905 1.24054 1 18.12951 1.94526 6003113 13 1 42.89185 2.15191 6003113 13 1 70 16633
1 1.645109 2.1548 1.183545 1 2.776069 2.387679 6003113 13 1 15.24971 1.121973 6003113 13 1 41 9610
1 1.031225 1.102163 0.9526981 1 27.47384 1.007997 6003113 13 0 127.6976 2.260402 6003113 13 1 174 41637
1 1.20651 1.16088 1.193521 1 19.51155 1.058246 6003113 13 0 48.06231 15.80997 6003113 13 1 197 47103
1 0.6998869 0.3767799 1.045889 1 43.11405 1.909284 6003113 13 1 46.19234 1.132859 6003113 13 1 169 40340
1 1.225386 1.141194 1.230719 0 100.1882 2.540102 6003113 13 1 19.43615 1.016426 6003113 13 1 204 48932
1 0.5292084 0.8493549 0.3262614 0 69.66727 1.022763 6003113 13 1 24.2366 1.007504 6003113 13 1 314 75159
1 0.665028 0.3662483 0.9755856 1 26.6502 1.061129 6003113 13 1 0.6402268 1.030213 6003113 13 1 314 75160
1 1.526225 2.04983 1.080738 1 14.47167 1.016971 6002113 13 1 4.578182 1.726433 6002113 13 1 345 82621
1 1.225386 1.141194 1.230719 1 22.71299 1.292419 6003113 13 1 29.97652 1.044412 6003113 13 1 396 95000
1 1.147959 1.183877 1.106546 1 6.683321 1.066497 6003113 13 1 17.1413 1.015965 6003113 13 1 398 95305
1 0.08964617 0.01972916 0.2750357 1 34.60216 2.248553 6003113 13 1 25.44636 1.310165 6003113 13 1 333 79703
1 1.057513 1.112379 0.9951048 1 1.026282 1.071568 6002113 13 1 6.642807 1.052238 6002113 13 1 152 36310
1 1.1849 1.214892 1.148506 1 34.69054 3.116509 6003113 13 1 38.73563 1.107028 6003113 13 1 348 83518
1 0.3355998 0.123277 0.6770892 0 18.09004 2.339583 6003113 13 0 64.20416 1.026941 6003113 13 1 15 3430
1 1.056557 1.108524 0.9965968 1 3.848995 1.037964 6003113 13 1 36.69191 2.013783 6003113 13 1 220 52692
1 1.199401 1.201198 1.170168 1 22.05971 1.970549 6003113 13 0 106.372 1.618383 6003113 13 1 240 57525
1 1.123647 1.241142 1.010512 1 23.64105 1.011409 6003113 13 0 22.09053 3.309303 6003113 13 1 248 59324
1 1.0427 1.134261 0.9473373 1 27.6292 1.032194 6003113 13 0 23.46975 19.03576 6003113 13 1 247 59078
1 1.033406 1.101364 0.958024 1 18.70718 2.265871 6003113 13 1 43.56416 1.081288 6003113 13 1 250 59979
1 1.329532 1.478061 1.189894 1 29.90688 1.022335 6003113 13 1 3.520297 1.234827 6003113 13 1 378 90625
1 1.15499 1.021547 1.194574 1 21.1963 2.425382 6003113 13 1 44.75591 1.099962 6003113 13 1 416 99751
1 1.112575 1.233052 0.9981722 0 13.86436 5.167181 6003113 13 1 63.78671 1.259518 6003113 13 1 56 13282
1 1.26516 1.422013 1.117256 0 52.6234 1.003501 6003113 13 1 27.81763 1.00937 6003113 13 1 86 20492
1 1.137649 1.170432 1.099925 1 33.33781 1.006597 6003113 13 1 15.25846 1.430566 6003113 13 1 65 15368
1 1.054444 1.13827 0.9640688 0 1.023528 3.077089 6003113 13 1 15.66336 1.023109 6003113 13 1 198 47469
