1 0.1527629 0.0402692 0.399808 0 223.5587 1.260422 6003113 11 0 96.4659 1.479445 6003113 13 1 147 49309
1 0.9138955 0.6245104 1.1333 0 39.48417 19.03829 6003113 11 1 27.95768 2.218626 6003113 13 1 43 14235
1 1.199401 1.201198 1.170168 0 210.498 1.085495 6003113 11 1 44.55964 1.154126 6003113 13 1 48 16090
1 1.329532 1.478061 1.189894 1 75.1314 1.591657 6003113 11 0 52.0803 1.107523 6003113 13 1 223 75044
1 1.036252 1.095703 0.9699052 0 80.85847 4.915891 6003113 11 0 13.38322 2.085234 6003113 13 1 201 67660
1 1.645109 2.1548 1.183545 0 9.624089 3.60118 6002113 11 1 19.81628 3.100118 6002113 13 1 174 58467
1 1.191782 1.185832 1.16486 0 35.99286 2.414793 6003113 11 0 38.60989 2.472221 6003113 13 1 149 50005
1 0.5675248 0.271593 0.9330701 0 2.046824 1.427499 6002113 11 1 33.46717 1.268477 6002113 13 1 80 26742
1 1.151918 0.9752633 1.225726 1 32.11592 1.964505 6002113 13 0 39.9285 2.010247 6002113 11 1 245 82396
1 0.5226254 0.8798594 0.3137767 0 19.39396 2.264442 6002113 13 0 7.951281 3.879587 6002113 11 1 269 90398
1 0.2792014 0.09677438 0.588659 0 298.6742 1.684238 6003113 11 1 23.68473 1.326316 6003113 13 1 283 95141
1 1.176288 1.010978 1.239274 1 27.11595 1.857551 6003113 13 0 53.06328 2.402565 6003113 11 1 102 34272
1 1.126364 0.9389989 1.211138 0 10.82723 1.21629 6002113 11 1 27.99451 1.224743 6002113 13 1 32 10723
1 1.191782 1.185832 1.16486 0 42.43813 1.993442 6002113 11 1 13.98964 1.128841 6002113 13 1 228 76737
1 0.747205 0.4303799 1.057145 0 12.70831 2.777375 6002113 11 1 22.06855 1.910904 6002113 13 1 15 4969
1 1.035838 1.098122 0.9666125 0 8.385159 1.746597 6002113 11 0 26.02802 2.578585 6002113 13 1 17 5629
1 1.137649 1.170432 1.099925 0 8.006717 3.913989 6002113 11 1 21.43916 2.018152 6002113 13 1 1 195
1 1.157728 1.196465 1.111764 0 22.60243 1.103216 6002113 13 0 2.801184 1.088124 6002113 11 1 56 18862
1 1.152501 1.258655 1.04415 0 262.6941 2.5346 6003113 11 0 87.97176 1.303535 6003113 13 1 287 96489
1 0.008330494 0.001239311 0.04569742 0 74.11858 1.205173 6003113 13 0 113.2263 1.161566 6003113 11 1 274 92145
