1 1.209625 1.112975 1.222657 0 5.29537 1.70551 1000022 13 1 24.74121 1.725975 1000022 13 1 27 7202
1 1.199401 1.201198 1.170168 0 33.52509 2.064853 1000022 13 1 5.722224 1.471102 1000022 13 1 27 7205
1 0.7934737 0.4881172 1.065644 1 15.68811 1.242667 1000022 13 1 64.07205 3.335109 1000022 13 1 27 7214
1 0.9574994 0.6410515 1.205563 1 18.8078 2.038337 1000022 13 1 24.38159 1.493609 1000022 13 1 27 7218
1 1.058012 1.115802 0.9930252 0 6.726077 1.182506 1000022 13 0 3.099996 1.139437 1000022 13 1 27 7232
0 0.9517445 0.6636014 1.162862 0 7.156344 6.421336 1000022 13 0 17.60955 1.738441 1000022 13 1 27 7233
1 1.048836 1.548763 0.7254791 1 6.22111 1.312132 1000022 13 0 15.00821 1.968231 1000022 13 1 27 7239
1 0.02402195 0.003812468 0.1069883 0 9.233018 2.218387 1000022 13 0 55.87976 3.388049 1000022 13 1 27 7260
1 0.8200224 1.218482 0.5472287 1 3.534116 1.284652 1000022 13 0 30.83235 2.288841 1000022 13 1 27 7261
1 1.314649 1.46568 1.173482 0 2.435423 3.01179 1000022 13 1 0.08647405 1.502992 1000022 13 1 27 7271
1 0.8332192 0.5015442 1.138243 0 17.81762 1.347115 1000022 13 1 33.24835 2.529798 1000022 13 1 27 7273
1 1.164201 1.711426 0.8059074 1 9.856259 1.241472 1000022 13 1 21.19509 1.792835 1000022 13 1 27 7280
1 0.4094664 0.1680855 0.7591912 1 8.718188 2.670382 1000022 13 1 17.63756 1.770826 1000022 13 1 27 7362
1 1.566869 2.206142 1.088645 0 10.72715 17.40778 1000022 13 1 11.67965 1.601319 1000022 13 1 27 7373
1 1.20651 1.16088 1.193521 1 9.808223 1.590346 1000022 13 1 34.17445 1.515844 1000022 13 1 27 7388
1 1.050919 0.8056091 1.198818 0 27.4908 3.245612 1000022 13 0 103.3101 1.599954 1000022 13 1 27 7409
1 1.183608 1.169262 1.159476 1 12.05995 1.269924 1000022 13 0 9.462107 6.553258 1000022 13 1 27 7421
1 0.7934737 0.4881172 1.065644 1 1.110001 1.442605 1000022 13 1 18.89985 3.262195 1000022 13 1 27 7434
1 1.182032 1.113501 1.180358 0 9.523723 4.07075 1000022 13 0 11.05396 1.648044 1000022 13 1 27 7437
1 0.3355998 0.123277 0.6770892 1 8.711199 1.759452 1000022 13 1 0.1512467 1.237883 1000022 13 1 28 7458
1 1.035838 1.098122 0.9666125 1 4.159032 2.258028 1000022 13 0 8.7815 1.120514 1000022 13 1 28 7466
1 1.059052 1.139164 0.9715886 0 8.32388 1.460319 1000022 13 1 48.22586 2.283619 1000022 13 1 28 7478
0 1.142868 1.177299 1.103399 0 21.16673 3.485077 1000022 13 0 7.457638 1.846992 1000022 13 1 28 7483
0 1.225386 1.141194 1.230719 1 15.65462 2.252159 1000022 13 1 3.285418 1.678069 1000022 13 1 28 7494
1 1.176288 1.010978 1.239274 0 25.40691 3.435959 1000022 13 1 36.23732 1.070233 1000022 13 1 28 7587
1 1.034916 1.100018 0.9626585 1 21.26896 1.137342 1000022 13 0 1.715421 1.763213 1000022 13 1 28 7592
0 0.9138955 0.6245104 1.1333 0 1.548592 2.684549 1000022 13 0 3.620699 4.801428 1000022 13 1 28 7607
1 1.174602 1.053046 1.204645 0 14.89866 3.148098 1000022 13 1 0.9597246 2.043092 1000022 13 1 28 7615
1 1.194803 1.137859 1.187115 1 0.7710487 2.09232 1000022 13 1 7.536146 2.935827 1000022 13 1 28 7618
1 0.9138955 0.6245104 1.1333 0 1.990789 6.157599 1000022 13 1 6.439206 2.611076 1000022 13 1 28 7639
1 1.035838 1.098122 0.9666125 0 10.5613 2.217691 1000022 13 1 0.8801898 1.785648 1000022 13 1 28 7674
1 0.02782141 0.00448657 0.1208789 0 1.529594 1.276141 1000022 13 1 35.1605 4.219634 1000022 13 1 28 7675
1 1.42456 2.044705 0.9864829 1 3.044944 1.280359 1000022 13 1 1.394271 1.707932 1000022 13 1 28 7676
0 0.9894024 0.7036328 1.19152 1 53.55069 2.048129 1000022 13 0 12.65741 1.50325 1000022 13 1 28 7682
0 1.199401 1.201198 1.170168 1 16.48369 2.91027 1000022 13 0 30.93753 6.037776 1000022 13 1 28 7703
1 1.134034 1.248093 1.022271 0 4.441118 1.946171 1000022 13 1 4.624338 1.650195 1000022 13 1 28 7727
1 0.5675248 0.271593 0.9330701 0 0.08413587 1.5258 1000022 13 1 2.570143 1.791821 1000022 13 1 29 7732
1 0.9894024 0.7036328 1.19152 1 3.002059 1.437587 1000022 13 0 17.65434 1.207268 1000022 13 1 29 7747
1 0.9138955 0.6245104 1.1333 1 17.12009 1.463012 1000022 13 0 2.519972 1.192537 1000022 13 1 29 7763
0 1.033406 1.101364 0.958024 0 1.670825 16.95315 1000022 13 0 30.67089 3.050435 1000022 13 1 29 7794
1 0.9219857 1.364073 0.6240806 1 20.87477 1.163259 1000022 13 1 9.033633 2.280142 1000022 13 1 29 7805
1 1.055133 1.104334 0.9975671 0 2.155669 3.391674 1000022 13 0 24.87469 1.33435 1000022 13 1 29 7820
1 0.4442115 0.1872741 0.8068974 1 4.726683 3.028164 1000022 13 1 2.459557 39.69609 1000022 13 1 29 7832
1 0.1014541 0.02299071 0.3029553 0 2.855809 1.665235 1000022 13 1 4.661177 1.232179 1000022 13 1 29 7835
1 0.8748782 0.5617447 1.136825 1 5.264492 2.325101 1000022 13 1 3.176595 1.38607 1000022 13 1 29 7848
1 1.10316 1.145079 1.05266 1 51.52966 1.590427 1000022 13 1 42.77546 1.816548 1000022 13 1 29 7851
1 1.109295 1.155893 1.053631 0 3.731535 1.762872 1000022 13 0 1.424051 1.538229 1000022 13 1 29 7870
1 1.099519 1.139476 1.051563 1 12.63021 1.181164 1000022 13 0 0.0820896 2.016193 1000022 13 1 29 7881
1 0.04601344 0.008200601 0.1755223 1 12.61019 1.379329 1000022 13 0 72.07663 1.15941 1000022 13 1 29 7882
1 0.4442115 0.1872741 0.8068974 1 6.874652 1.249845 1000022 13 0 0.8891777 1.694096 1000022 13 1 29 7900
1 1.174602 1.053046 1.204645 1 29.97371 1.847148 1000022 13 1 12.73552 3.664173 1000022 13 1 29 7907
1 1.176288 1.010978 1.239274 0 0.7387357 1.302718 1000022 13 1 1.492303 1.279989 1000022 13 1 29 7923
1 1.152971 1.190243 1.109341 0 19.07748 1.971005 1000022 13 1 2.926784 1.141565 1000022 13 1 29 7933
1 1.099519 1.139476 1.051563 1 23.53251 1.074232 1000022 13 1 32.09909 1.513495 1000022 13 1 29 7958
0 0.8339615 0.5241884 1.101491 0 15.05957 2.332558 1000022 13 0 2.34016 5.279333 1000022 13 1 29 7966
1 1.329532 1.478061 1.189894 0 5.190377 1.562633 1000022 13 1 4.33075 1.354349 1000022 13 1 29 7973
1 1.174602 1.053046 1.204645 1 2.075703 3.501658 1000022 13 0 14.08099 4.486505 1000022 13 1 29 7991
1 1.167323 1.186361 1.134647 0 19.43643 1.222372 1000022 13 0 19.33345 2.412947 1000022 13 1 30 8015
1 1.550791 1.753763 1.352368 0 20.73233 2.533478 1000022 13 0 39.80893 2.089152 1000022 13 1 30 8037
1 1.282494 1.437562 1.137462 1 9.502972 2.131758 1000022 13 1 23.3283 2.114797 1000022 13 1 30 8040
1 1.10316 1.145079 1.05266 1 17.07237 3.272012 1000022 13 0 30.52446 1.921037 1000022 13 1 30 8053
1 1.225386 1.141194 1.230719 1 34.91216 1.710035 1000022 13 1 41.5131 1.857213 1000022 13 1 30 8071
1 1.083255 0.8452013 1.220206 0 1.578845 1.56633 1000022 13 1 10.95349 1.161992 1000022 13 1 30 8078
1 1.645109 2.1548 1.183545 1 48.01462 5.188612 1000022 13 1 5.897907 1.551632 1000022 13 1 30 8090
1 1.053247 1.09991 0.9980844 0 10.86199 5.507237 1000022 13 0 1.822512 2.788421 1000022 13 1 30 8097
1 1.209625 1.112975 1.222657 0 15.69155 2.045257 1000022 13 1 16.7566 1.10271 1000022 13 1 30 8110
1 1.0427 1.134261 0.9473373 1 16.1921 1.961587 1000022 13 1 4.490097 1.917481 1000022 13 1 30 8140
0 1.053247 1.09991 0.9980844 1 0.994616 2.741701 1000022 13 1 17.48124 2.441178 1000022 13 1 30 8200
1 1.194803 1.137859 1.187115 1 2.514666 1.418977 1000022 13 1 14.57437 1.544533 1000022 13 1 30 8201
1 1.058012 1.115802 0.9930252 0 17.1985 1.447553 1000022 13 1 95.53515 1.859235 1000022 13 1 30 8224
1 1.095596 1.133769 1.050051 1 13.66827 1.570793 1000022 13 1 1.230341 3.827458 1000022 13 1 30 8233
1 1.134034 1.248093 1.022271 1 1.389059 2.187272 1000022 13 0 41.01676 3.258004 1000022 13 1 30 8247
1 1.190567 1.223018 1.152597 1 23.28302 2.173357 1000022 13 0 33.93521 1.44413 1000022 13 1 30 8248
1 0.0007062813 0.0001618114 0.003399837 1 27.11982 1.896302 1000022 13 1 7.395717 1.488954 1000022 13 1 30 8280
1 0.4903168 0.2233237 0.8385035 0 4.984291 5.198064 1000022 13 0 51.56564 4.825521 1000022 13 1 32 8577
1 1.017868 0.7662661 1.176325 0 16.13336 1.562098 1000022 13 0 15.18309 1.492065 1000022 13 1 32 8599
1 0.04323696 0.007888732 0.160549 1 6.257724 1.099776 1000022 13 0 10.68406 1.960202 1000022 13 1 32 8620
0 1.056557 1.108524 0.9965968 0 2.841904 2.810316 1000022 13 0 13.54906 6.323277 1000022 13 1 32 8641
1 1.182032 1.113501 1.180358 0 15.59808 2.030166 1000022 13 0 0.9044411 1.605413 1000022 13 1 32 8682
1 1.75908 2.248522 1.290011 1 13.04859 3.720453 1000022 13 0 3.329504 1.729768 1000022 13 1 32 8684
1 1.46424 1.680344 1.235249 1 16.58814 1.851831 1000022 13 1 45.81432 3.211928 1000022 13 1 32 8687
1 1.182032 1.113501 1.180358 1 3.895516 1.138928 1000022 13 1 31.84797 2.144541 1000022 13 1 32 8700
1 1.1849 1.214892 1.148506 0 6.593357 12.67903 1000022 13 1 0.9790937 1.810148 1000022 13 1 32 8711
1 1.106427 1.150534 1.053346 1 1.184297 2.685593 1000022 13 1 2.64719 1.614988 1000022 13 1 32 8713
1 1.190567 1.223018 1.152597 1 52.05155 4.78388 1000022 13 1 25.55301 1.882671 1000022 13 1 32 8720
1 1.194803 1.137859 1.187115 1 14.48885 1.069466 1000022 13 1 71.49077 1.466388 1000022 13 1 32 8732
1 0.5675248 0.271593 0.9330701 1 18.63821 1.494537 1000022 13 0 54.04515 2.512105 1000022 13 1 32 8748
0 1.134034 1.248093 1.022271 0 4.959156 1.808604 1000022 13 1 0.0136928 1.683689 1000022 13 1 32 8784
1 1.145385 0.9245803 1.259718 0 1.384011 1.743781 1000022 13 0 18.1809 1.626037 1000022 13 1 32 8814
1 0.2304392 0.07526134 0.508429 1 11.31516 1.230104 1000022 13 1 4.507451 1.347769 1000022 13 1 35 9387
1 1.213336 1.227995 1.180605 1 13.19273 1.300731 1000022 13 0 31.24155 1.299409 1000022 13 1 35 9414
0 0.5380682 0.2637946 0.8676014 1 6.451035 1.622315 1000022 13 0 10.37885 2.13472 1000022 13 1 35 9423
1 1.0427 1.134261 0.9473373 1 24.49881 2.045091 1000022 13 0 43.69206 2.133543 1000022 13 1 35 9425
1 1.405111 1.934095 0.9833891 1 9.475688 1.551782 1000022 13 1 0.1575325 2.627936 1000022 13 1 35 9445
1 1.26516 1.422013 1.117256 1 7.948689 5.457887 1000022 13 0 8.606894 1.344358 1000022 13 1 35 9454
1 1.053247 1.09991 0.9980844 1 5.294504 2.384441 1000022 13 1 13.43124 4.114651 1000022 13 1 35 9474
1 1.199401 1.201198 1.170168 1 5.456735 1.826162 1000022 13 1 3.351415 2.392659 1000022 13 1 35 9512
1 0.7055845 0.3974356 1.016366 1 9.522754 1.447439 1000022 13 0 8.417238 2.048673 1000022 13 1 35 9523
0 1.550791 1.753763 1.352368 1 23.24593 1.146653 1000022 13 0 17.42713 1.14013 1000022 13 1 35 9532
1 0.9574994 0.6410515 1.205563 1 38.48467 1.384124 1000022 13 1 20.34801 1.936536 1000022 13 1 35 9535
0 0.2539062 0.08544197 0.5475258 0 2.462034 2.071454 1000022 13 0 61.81738 1.338333 1000022 13 1 35 9557
1 0.5279956 0.2465533 0.8852676 0 12.41545 2.493076 1000022 13 1 11.33101 1.225534 1000022 13 1 35 9564
1 0.0739324 0.01495082 0.2461688 0 27.44276 1.572943 1000022 13 1 22.81129 1.254981 1000022 13 1 35 9582
1 1.026751 0.7444853 1.219196 0 4.122928 2.198538 1000022 13 1 34.37199 1.542468 1000022 13 1 35 9596
1 1.641128 1.972201 1.285192 1 1.144198 2.236924 1000022 13 0 31.09152 11.88017 1000022 13 1 35 9609
0 1.761918 2.058838 1.43754 0 13.32276 7.059298 1000022 13 1 77.86541 1.738444 1000022 13 1 35 9625
1 1.057513 1.112379 0.9951048 0 7.632053 1.881963 1000022 13 0 10.69362 2.91313 1000022 13 1 35 9657
0 1.050919 0.8056091 1.198818 0 13.80209 1.356658 1000022 13 1 16.86756 2.611819 1000022 13 1 37 9947
1 1.028816 2.178673 0.4767559 1 24.17585 2.465745 1000022 13 0 16.29537 5.204878 1000022 13 1 37 9955
0 0.2304392 0.07526134 0.508429 0 8.348036 1.36847 1000022 13 0 4.849794 1.524639 1000022 13 1 37 9958
1 1.109295 1.155893 1.053631 1 3.661179 1.094609 1000022 13 1 1.446401 1.152094 1000022 13 1 37 9972
1 0.9894024 0.7036328 1.19152 1 2.852274 1.368317 1000022 13 0 8.128922 1.777614 1000022 13 1 36 9671
1 1.054444 1.13827 0.9640688 0 18.01258 2.089409 1000022 13 1 3.484775 1.508753 1000022 13 1 36 9686
1 1.048997 1.136673 0.9559695 1 14.63398 71.46688 1000022 13 0 1.512299 3.647144 1000022 13 1 36 9708
1 0.9894024 0.7036328 1.19152 0 9.988648 2.118317 1000022 13 1 2.40769 1.589433 1000022 13 1 36 9716
1 1.20651 1.16088 1.193521 1 19.94633 2.199295 1000022 13 0 20.52795 1.686914 1000022 13 1 36 9720
1 1.1849 1.214892 1.148506 0 0.2201192 2.47953 1000022 13 1 13.90888 1.821709 1000022 13 1 36 9741
1 0.9574994 0.6410515 1.205563 0 1.624636 1.510013 1000022 13 0 4.445123 1.591864 1000022 13 1 36 9755
1 0.9574994 0.6410515 1.205563 1 21.91308 4.518433 1000022 13 1 65.93024 1.482922 1000022 13 1 36 9788
1 0.1527629 0.0402692 0.399808 1 11.3009 1.329681 1000022 13 0 8.914855 2.079194 1000022 13 1 36 9791
1 1.167323 1.186361 1.134647 0 11.88899 3.1376 1000022 13 1 1.19417 1.412683 1000022 13 1 36 9808
0 0.6235333 0.981489 0.3895437 1 36.57642 2.103898 1000022 13 0 8.768623 12.30592 1000022 13 1 36 9817
1 1.298986 1.452146 1.156092 0 23.68357 4.390662 1000022 13 0 40.97636 2.988747 1000022 13 1 36 9828
0 0.2208223 0.06788179 0.510611 0 10.6221 5.144156 1000022 13 1 16.90348 2.155051 1000022 13 1 36 9846
1 1.575265 1.775696 1.383444 1 2.402346 2.6049 1000022 13 1 14.04419 2.270127 1000022 13 1 36 9850
1 0.8332192 0.5015442 1.138243 1 6.384467 3.739859 1000022 13 0 16.13289 2.417893 1000022 13 1 36 9852
1 1.866054 2.331325 1.3979 0 34.22501 5.543433 1000022 13 1 19.88857 1.212302 1000022 13 1 36 9918
1 0.5226254 0.8798594 0.3137767 0 17.92602 3.057002 1000022 13 0 37.55311 4.25738 1000022 13 1 36 9919
1 1.056557 1.108524 0.9965968 1 8.693567 1.374167 1000022 13 0 2.325884 1.793243 1000022 13 1 36 9922
1 1.048997 1.136673 0.9559695 1 3.919827 1.191724 1000022 13 1 4.550169 1.106761 1000022 13 1 36 9934
1 0.06482654 0.01276116 0.2218368 1 14.42404 3.531114 1000022 13 0 39.64792 1.586694 1000022 13 1 33 8977
1 1.033406 1.101364 0.958024 1 19.38793 1.410164 1000022 13 1 15.71914 1.909135 1000022 13 1 33 8988
1 1.095596 1.133769 1.050051 0 1.61573 1.38392 1000022 13 1 15.0856 3.501955 1000022 13 1 33 8995
0 0.07905591 0.01690496 0.2492307 0 6.45449 21.02052 1000022 13 1 47.08456 1.361535 1000022 13 1 33 9025
1 1.034916 1.100018 0.9626585 0 34.00058 2.777076 1000022 13 1 12.46188 3.673878 1000022 13 1 33 9042
1 1.20651 1.16088 1.193521 0 11.21418 1.274101 1000022 13 1 2.913762 1.496903 1000022 13 1 33 9048
1 1.524498 1.73059 1.317664 1 33.53825 1.207243 1000022 13 1 8.682945 1.456996 1000022 13 1 33 9052
1 1.42456 2.044705 0.9864829 1 18.20097 3.843423 1000022 13 0 24.39286 1.916849 1000022 13 1 33 9058
0 0.1080031 0.02598027 0.3057024 0 91.4178 1.815496 1000022 13 1 20.26867 4.789171 1000022 13 1 33 9068
1 0.3767309 0.1505117 0.7131262 0 20.80793 10.10798 1000022 13 0 2.484175 1.621774 1000022 13 1 34 9129
1 1.0427 1.134261 0.9473373 0 29.82056 11.58408 1000022 13 0 2.060987 1.577807 1000022 13 1 34 9132
1 1.209625 1.112975 1.222657 0 19.73681 1.825072 1000022 13 1 8.706185 45.48409 1000022 13 1 34 9145
1 1.143675 1.253919 1.033471 0 34.2276 1.538102 1000022 13 0 31.42657 1.689122 1000022 13 1 34 9150
1 1.524498 1.73059 1.317664 1 0.3015495 2.701155 1000022 13 1 28.07018 2.712216 1000022 13 1 34 9159
0 1.054444 1.13827 0.9640688 0 6.113519 1.489065 1000022 13 0 66.3849 2.390637 1000022 13 1 34 9165
1 1.062846 1.139449 0.9784784 0 9.648022 1.674668 1000022 13 0 11.24463 2.585413 1000022 13 1 34 9166
1 1.145385 0.9245803 1.259718 0 16.37591 1.449071 1000022 13 0 58.65345 5.358177 1000022 13 1 34 9179
1 1.49586 1.706142 1.278772 0 2.865678 1.633752 1000022 13 0 1.641918 1.410421 1000022 13 1 34 9199
1 1.062846 1.139449 0.9784784 0 4.552377 1.724889 1000022 13 1 0.6115435 1.652281 1000022 13 1 34 9235
1 0.5292084 0.8493549 0.3262614 0 29.93852 1.978181 1000022 13 1 11.87964 4.938976 1000022 13 1 34 9246
1 1.059052 1.139164 0.9715886 1 13.76484 3.361206 1000022 13 1 42.01788 1.52 1000022 13 1 34 9249
1 0.4903168 0.2233237 0.8385035 1 15.5518 7.445292 1000022 13 0 7.260036 1.195692 1000022 13 1 34 9269
1 0.6235333 0.981489 0.3895437 1 11.86365 1.49311 1000022 13 1 45.79811 1.571878 1000022 13 1 34 9279
1 0.6571895 0.3457574 1.000641 1 3.006299 1.23701 1000022 13 1 26.7011 1.536141 1000022 13 1 34 9284
1 1.147959 1.183877 1.106546 0 32.30663 2.506939 1000022 13 1 3.186493 1.309978 1000022 13 1 34 9310
1 1.329532 1.478061 1.189894 0 11.9024 1.468245 1000022 13 1 14.47208 1.401212 1000022 13 1 34 9314
1 1.142868 1.177299 1.103399 0 0.7127999 4.389678 1000022 13 1 23.97037 1.179546 1000022 13 1 34 9341
1 1.282494 1.437562 1.137462 1 36.57602 1.658762 1000022 13 1 46.9738 5.033638 1000022 13 1 34 9361
1 1.0427 1.134261 0.9473373 1 4.435746 3.375945 1000022 13 0 6.743132 1.838141 1000022 13 1 1 15
1 1.0427 1.134261 0.9473373 1 16.42322 2.611853 1000022 13 0 33.96787 14.64515 1000022 13 1 1 39
0 1.190567 1.223018 1.152597 0 3.240497 2.07203 1000022 13 0 42.53087 5.626291 1000022 13 1 1 47
1 1.225386 1.141194 1.230719 0 4.801874 4.002487 1000022 13 1 8.719017 1.349884 1000022 13 1 1 53
1 1.026751 0.7444853 1.219196 1 59.36882 6.28577 1000022 13 0 0.6049907 97.31425 1000022 13 1 1 65
1 1.0427 1.134261 0.9473373 0 11.25652 4.108406 1000022 13 1 1.191143 2.611707 1000022 13 1 1 97
1 1.705086 2.017803 1.363962 1 4.53539 2.083337 1000022 13 0 16.32962 4.915154 1000022 13 1 1 104
1 1.1849 1.214892 1.148506 1 10.04719 1.822275 1000022 13 1 1.429202 1.620765 1000022 13 1 1 113
0 0.5279956 0.2465533 0.8852676 0 6.591013 1.703092 1000022 13 0 4.707228 2.00326 1000022 13 1 1 116
1 1.054444 1.13827 0.9640688 1 19.71513 1.613637 1000022 13 1 10.36681 1.742042 1000022 13 1 1 126
1 0.01217822 0.001818087 0.06209253 1 40.36834 1.292011 1000022 13 1 19.09831 2.799924 1000022 13 1 1 128
0 1.137649 1.170432 1.099925 0 17.85837 2.442625 1000022 13 0 6.228155 1.35203 1000022 13 1 1 148
1 1.109295 1.155893 1.053631 1 41.30101 2.994468 1000022 13 0 7.940558 8.679333 1000022 13 1 1 149
1 1.143675 1.253919 1.033471 0 43.95157 3.431947 1000022 13 0 16.29223 1.412768 1000022 13 1 1 154
1 1.191782 1.185832 1.16486 0 6.488458 3.664155 1000022 13 0 11.11953 1.366142 1000022 13 1 1 158
1 1.152501 1.258655 1.04415 0 21.27909 1.524361 1000022 13 0 22.04074 1.440637 1000022 13 1 1 169
1 1.75908 2.248522 1.290011 1 1.676944 1.556856 1000022 13 1 5.312671 1.393359 1000022 13 1 1 172
1 1.217313 1.182622 1.199648 1 7.299508 2.055287 1000022 13 0 13.09645 1.72256 1000022 13 1 1 206
1 0.04957241 0.009268439 0.1791508 0 4.102422 3.197689 1000022 13 0 47.19209 6.614641 1000022 13 1 1 229
1 1.190567 1.223018 1.152597 1 23.44711 1.881769 1000022 13 0 18.27039 12.09457 1000022 13 1 1 236
1 1.048836 1.548763 0.7254791 0 4.418617 1.779871 1000022 13 1 0.726222 1.977193 1000022 13 1 1 251
0 1.048997 1.136673 0.9559695 0 1.876618 1.480394 1000022 13 0 37.08817 2.411237 1000022 13 1 1 258
1 1.282494 1.437562 1.137462 1 7.749303 2.250348 1000022 13 1 1.292842 1.217624 1000022 13 1 1 260
1 1.031225 1.102163 0.9526981 1 7.96258 2.501569 1000022 13 1 0.1821167 1.975984 1000022 13 1 1 268
1 1.126364 0.9389989 1.211138 1 8.589374 1.942386 1000022 13 1 7.3075 4.250607 1000022 13 1 5 1119
1 1.143675 1.253919 1.033471 1 0.5767604 2.112727 1000022 13 1 3.408745 1.863326 1000022 13 1 5 1121
1 1.641128 1.972201 1.285192 1 16.08259 1.222027 1000022 13 0 10.16593 1.455549 1000022 13 1 5 1138
0 1.176288 1.010978 1.239274 1 2.677768 2.956408 1000022 13 0 21.67782 2.621594 1000022 13 1 5 1153
1 1.15499 1.021547 1.194574 1 0.2626431 4.629967 1000022 13 1 4.307181 1.983488 1000022 13 1 5 1200
1 1.550791 1.753763 1.352368 0 41.41648 1.815616 1000022 13 0 57.55355 1.42547 1000022 13 1 5 1210
1 1.031225 1.102163 0.9526981 0 13.07726 1.829357 1000022 13 1 8.482726 1.989834 1000022 13 1 5 1287
1 0.5762256 0.2893137 0.9113798 0 10.11693 1.537886 1000022 13 0 1.012675 1.256361 1000022 13 1 5 1323
1 1.053247 1.09991 0.9980844 0 16.07848 1.551356 1000022 13 1 2.589365 8.135985 1000022 13 1 5 1361
1 1.206555 1.21522 1.17542 1 11.57243 1.449967 1000022 13 1 4.015171 3.45349 1000022 13 1 6 1392
0 1.176288 1.010978 1.239274 0 4.487081 3.342838 1000022 13 1 7.458318 1.188027 1000022 13 1 6 1399
1 1.149237 1.698801 0.7921503 0 7.349802 1.266686 1000022 13 1 1.389504 1.405195 1000022 13 1 6 1435
1 1.057513 1.112379 0.9951048 0 18.73402 1.156657 1000022 13 0 21.98366 1.160451 1000022 13 1 6 1462
1 0.3064061 0.1093534 0.631845 1 3.083125 1.184422 1000022 13 1 8.132664 1.606412 1000022 13 1 6 1469
1 1.099696 0.9023142 1.195627 0 12.95972 2.210824 1000022 13 1 10.72811 1.178857 1000022 13 1 6 1471
1 1.035838 1.098122 0.9666125 1 30.26436 2.579927 1000022 13 1 8.835257 2.81967 1000022 13 1 6 1473
1 1.099519 1.139476 1.051563 0 0.01445775 2.055813 1000022 13 1 4.906625 2.453833 1000022 13 1 6 1493
1 1.167323 1.186361 1.134647 0 1.263528 1.228767 1000022 13 0 3.683509 4.035858 1000022 13 1 6 1496
1 0.00101149 0.0002112473 0.005580286 0 2.573796 1.85611 1000022 13 0 9.341583 1.229696 1000022 13 1 6 1501
1 0.1363718 0.034862 0.3662451 1 18.33574 1.90276 1000022 13 1 11.62945 1.321963 1000022 13 1 6 1519
1 1.031225 1.102163 0.9526981 0 22.44977 2.385061 1000022 13 1 1.282825 2.150429 1000022 13 1 6 1524
1 0.2443026 0.07741789 0.5517042 0 25.63286 1.713566 1000022 13 1 24.97443 2.086072 1000022 13 1 6 1535
1 1.033406 1.101364 0.958024 0 20.42454 1.37418 1000022 13 1 12.37621 2.108824 1000022 13 1 6 1544
0 0.9574994 0.6410515 1.205563 0 1.379152 1.933895 1000022 13 0 35.40484 1.772957 1000022 13 1 6 1582
1 1.099519 1.139476 1.051563 1 101.6451 1.092196 1000022 13 1 8.834237 1.092413 1000022 13 1 6 1611
1 1.173319 1.196671 1.139395 0 3.191366 1.382109 1000022 13 0 124.7386 1.37365 1000022 13 1 6 1632
1 1.034916 1.100018 0.9626585 1 50.69652 2.852867 1000022 13 1 12.30575 1.103851 1000022 13 1 6 1649
1 0.1014541 0.02299071 0.3029553 1 5.810342 1.655843 1000022 13 0 27.89305 1.243022 1000022 13 1 6 1651
1 1.053247 1.09991 0.9980844 0 73.19635 5.044311 1000022 13 1 11.51761 1.706084 1000022 13 1 18 4699
0 1.057513 1.112379 0.9951048 1 19.91949 2.616137 1000022 13 0 5.410774 4.321632 1000022 13 1 18 4732
1 0.08964617 0.01972916 0.2750357 0 16.67261 1.638191 1000022 13 0 9.293958 2.135551 1000022 13 1 18 4744
1 1.173319 1.196671 1.139395 0 11.34578 16.40322 1000022 13 1 29.93981 2.849184 1000022 13 1 18 4754
1 1.209625 1.112975 1.222657 1 14.64653 3.844362 1000022 13 0 33.19487 9.551258 1000022 13 1 18 4758
1 1.142868 1.177299 1.103399 1 32.53604 1.956226 1000022 13 1 24.97139 1.317634 1000022 13 1 18 4783
1 1.058012 1.115802 0.9930252 1 4.721995 3.238286 1000022 13 1 82.5947 1.576526 1000022 13 1 18 4787
1 1.143675 1.253919 1.033471 0 52.68931 1.397524 1000022 13 1 20.37297 1.186061 1000022 13 1 18 4793
1 0.3355998 0.123277 0.6770892 1 25.46902 2.023718 1000022 13 0 17.07114 2.173522 1000022 13 1 18 4806
1 1.123647 1.241142 1.010512 1 9.087112 4.81176 1000022 13 0 15.62065 2.688015 1000022 13 1 18 4816
1 0.8339615 0.5241884 1.101491 0 32.79192 5.380473 1000022 13 1 8.012854 2.079406 1000022 13 1 18 4833
1 1.1849 1.214892 1.148506 1 0.01683232 1.160478 1000022 13 0 9.208826 2.210612 1000022 13 1 18 4842
1 1.031225 1.102163 0.9526981 1 3.131362 1.348701 1000022 13 1 1.238908 1.773477 1000022 13 1 18 4856
1 1.143675 1.253919 1.033471 1 40.18685 2.33586 1000022 13 1 32.01775 1.346743 1000022 13 1 18 4861
1 0.3358336 0.6520145 0.2384313 0 32.78007 2.375938 1000022 13 1 6.242832 3.019399 1000022 13 1 18 4869
1 1.036252 1.095703 0.9699052 1 13.471 1.373467 1000022 13 1 17.11856 1.551531 1000022 13 1 18 4897
0 1.095596 1.133769 1.050051 0 16.70802 1.727883 1000022 13 0 48.32851 1.6445 1000022 13 1 18 4922
1 1.035838 1.098122 0.9666125 0 24.08831 2.253606 1000022 13 1 18.61826 2.70132 1000022 13 1 18 4934
1 1.058012 1.115802 0.9930252 1 74.89086 1.426519 1000022 13 0 8.499712 2.280336 1000022 13 1 18 4939
1 1.550791 1.753763 1.352368 1 0.5762734 3.257361 1000022 13 1 4.639218 1.428801 1000022 13 1 18 4952
1 1.033406 1.101364 0.958024 0 4.378929 3.740324 1000022 13 1 38.1818 1.834266 1000022 13 1 2 295
1 1.206555 1.21522 1.17542 0 28.89044 1.149068 1000022 13 0 7.179395 2.741719 1000022 13 1 2 299
1 1.106427 1.150534 1.053346 1 9.167276 1.262738 1000022 13 1 6.659621 1.532348 1000022 13 1 2 300
1 1.031225 1.102163 0.9526981 0 70.81913 1.377393 1000022 13 0 3.485961 2.41927 1000022 13 1 2 318
1 0.3064061 0.1093534 0.631845 1 0.3405424 4.286648 1000022 13 0 0.4402757 2.990008 1000022 13 1 2 328
1 1.145385 0.9245803 1.259718 1 0.950369 1.735907 1000022 13 1 3.269404 1.515062 1000022 13 1 2 331
1 1.174602 1.053046 1.204645 0 32.50778 2.175767 1000022 13 0 8.503194 1.167382 1000022 13 1 2 380
1 0.2208223 0.06788179 0.510611 0 12.87551 1.571169 1000022 13 1 16.97408 2.34125 1000022 13 1 2 385
1 1.095596 1.133769 1.050051 1 9.194731 2.589587 1000022 13 0 12.89221 4.733176 1000022 13 1 2 434
1 0.9574994 0.6410515 1.205563 1 3.459993 1.35374 1000022 13 1 11.60377 1.134532 1000022 13 1 2 448
1 1.641128 1.972201 1.285192 0 7.50983 1.498672 1000022 13 0 32.92297 10.27681 1000022 13 1 2 453
1 0.6159488 0.3166172 0.9557644 0 1.91616 1.12797 1000022 13 1 0.00759074 1.067484 1000022 13 1 2 460
1 1.194803 1.137859 1.187115 1 11.01854 1.073106 1000022 13 1 34.51465 2.616157 1000022 13 1 2 462
1 1.157728 1.196465 1.111764 1 62.99807 1.216431 1000022 13 1 0.9425328 1.062666 1000022 13 1 2 480
1 1.151918 0.9752633 1.225726 1 20.82585 2.009636 1000022 13 1 2.54141 1.218996 1000022 13 1 2 503
1 1.145385 0.9245803 1.259718 1 5.966321 1.338755 1000022 13 0 43.70264 1.758097 1000022 13 1 2 508
1 1.206555 1.21522 1.17542 1 36.31515 2.134728 1000022 13 1 14.71172 1.74431 1000022 13 1 2 516
1 0.9894024 0.7036328 1.19152 0 10.25478 1.205981 1000022 13 0 4.808317 2.32401 1000022 13 1 2 532
1 1.524498 1.73059 1.317664 1 46.8461 1.584739 1000022 13 1 0.3804188 2.267929 1000022 13 1 2 533
1 1.49586 1.706142 1.278772 0 7.282584 1.711902 1000022 13 1 0.02184093 1.575899 1000022 13 1 2 542
1 0.2208223 0.06788179 0.510611 1 15.88989 1.136902 1000022 13 1 10.55681 2.027742 1000022 13 1 3 561
1 1.055133 1.104334 0.9975671 1 1.890562 1.208894 1000022 13 0 20.13261 1.829443 1000022 13 1 3 582
1 1.099696 0.9023142 1.195627 0 8.697185 1.817749 1000022 13 0 31.58441 6.093775 1000022 13 1 3 587
1 1.033406 1.101364 0.958024 1 13.69208 1.427378 1000022 13 1 9.863747 1.655478 1000022 13 1 3 598
1 1.054444 1.13827 0.9640688 1 3.264546 2.759839 1000022 13 0 49.12075 2.252013 1000022 13 1 3 634
1 0.9138955 0.6245104 1.1333 1 0.4574522 3.394932 1000022 13 1 7.702803 1.415269 1000022 13 1 3 637
1 1.123647 1.241142 1.010512 1 10.04629 1.541535 1000022 13 0 47.64648 2.457188 1000022 13 1 3 653
1 1.575265 1.775696 1.383444 0 4.254715 1.627066 1000022 13 1 0.7830392 1.145849 1000022 13 1 3 668
1 0.9219857 1.364073 0.6240806 1 33.8574 1.579324 1000022 13 1 0.114473 7.125741 1000022 13 1 3 687
1 1.282494 1.437562 1.137462 1 13.34152 3.367204 1000022 13 0 10.57981 1.807294 1000022 13 1 3 691
1 1.114777 0.884905 1.24054 1 8.30702 1.209228 1000022 13 0 0.3801188 1.313786 1000022 13 1 3 712
0 0.2792014 0.09677438 0.588659 0 1.548996 1.302885 1000022 13 0 33.854 2.905831 1000022 13 1 3 748
1 1.199401 1.201198 1.170168 1 7.742729 2.213343 1000022 13 1 19.25672 1.708202 1000022 13 1 3 753
0 1.179161 1.206147 1.144075 0 1.336694 9.154392 1000022 13 1 0.02666558 1.285322 1000022 13 1 3 755
0 1.194803 1.137859 1.187115 1 29.82219 1.766611 1000022 13 0 14.77717 2.052087 1000022 13 1 4 850
1 1.126364 0.9389989 1.211138 0 36.81214 3.393887 1000022 13 1 3.804449 1.266725 1000022 13 1 4 865
0 1.199428 1.046014 1.251733 0 2.844493 1.404223 1000022 13 1 23.40206 5.658239 1000022 13 1 4 868
1 1.167323 1.186361 1.134647 0 30.325 1.544194 1000022 13 1 3.42943 1.215658 1000022 13 1 4 877
1 1.282494 1.437562 1.137462 1 13.69479 2.188235 1000022 13 1 94.11952 3.139696 1000022 13 1 4 890
0 1.048997 1.136673 0.9559695 0 35.09633 2.979389 1000022 13 0 7.375035 3.10954 1000022 13 1 4 904
0 0.9574994 0.6410515 1.205563 0 14.58305 5.134051 1000022 13 0 1.897028 1.588584 1000022 13 1 4 941
1 1.142868 1.177299 1.103399 1 2.611384 1.312592 1000022 13 0 63.36211 1.352215 1000022 13 1 4 944
0 1.15499 1.021547 1.194574 0 13.65738 2.726568 1000022 13 0 11.99853 2.473203 1000022 13 1 4 945
1 0.6998869 0.3767799 1.045889 0 0.8464465 2.08063 1000022 13 1 7.309038 10.43205 1000022 13 1 4 958
1 0.277155 0.4798076 0.1597663 1 14.94499 5.895769 1000022 13 0 7.789212 2.006107 1000022 13 1 4 974
0 0.5279956 0.2465533 0.8852676 1 8.226641 2.510731 1000022 13 0 21.5679 2.908036 1000022 13 1 4 1001
1 1.217313 1.182622 1.199648 1 5.540229 1.089623 1000022 13 1 3.26328 1.407715 1000022 13 1 4 1041
1 0.1214868 0.03012302 0.3349064 0 8.153099 2.969654 1000022 13 0 3.541131 1.062912 1000022 13 1 4 1060
1 1.289688 1.878288 0.892531 1 3.624907 2.600534 1000022 13 0 4.558292 3.235304 1000022 13 1 4 1063
1 1.206555 1.21522 1.17542 1 0.9319186 3.174867 1000022 13 1 5.819468 1.463303 1000022 13 1 4 1070
1 0.9574994 0.6410515 1.205563 1 29.24904 1.171902 1000022 13 1 48.46033 1.290469 1000022 13 1 4 1087
1 1.114777 0.884905 1.24054 1 45.98961 1.918944 1000022 13 0 46.40894 4.579271 1000022 13 1 4 1104
1 1.036252 1.095703 0.9699052 1 3.800533 1.125294 1000022 13 1 6.746694 1.664308 1000022 13 1 7 1664
1 0.9160994 0.6007248 1.171549 0 2.827365 1.608641 1000022 13 1 34.86759 1.364166 1000022 13 1 7 1670
1 1.053247 1.09991 0.9980844 1 11.87243 1.102702 1000022 13 1 2.594715 1.536171 1000022 13 1 7 1673
1 1.035838 1.098122 0.9666125 1 42.16227 1.57937 1000022 13 1 5.552073 4.710461 1000022 13 1 7 1691
1 1.524498 1.73059 1.317664 1 39.14618 1.761565 1000022 13 1 52.48322 1.909248 1000022 13 1 7 1704
0 0.6571895 0.3457574 1.000641 0 8.131276 1.402811 1000022 13 0 3.460924 1.274227 1000022 13 1 7 1742
1 1.645109 2.1548 1.183545 1 3.586377 1.393658 1000022 13 0 1.130302 1.455899 1000022 13 1 7 1748
1 1.282494 1.437562 1.137462 1 3.238699 1.530375 1000022 13 1 5.09921 2.402982 1000022 13 1 7 1758
1 1.143675 1.253919 1.033471 1 4.570965 7.140567 1000022 13 1 15.20496 4.151457 1000022 13 1 7 1767
1 0.2792014 0.09677438 0.588659 1 6.247931 2.56915 1000022 13 1 1.47187 1.74634 1000022 13 1 7 1818
1 1.059052 1.139164 0.9715886 0 7.507667 2.182965 1000022 13 0 14.69183 1.244563 1000022 13 1 7 1840
1 0.3170899 0.1198369 0.6261138 0 26.84027 5.116857 1000022 13 0 24.08159 1.768947 1000022 13 1 7 1865
1 1.026751 0.7444853 1.219196 1 10.33736 1.446208 1000022 13 1 7.008652 4.311063 1000022 13 1 7 1866
1 0.03472439 0.005924022 0.1396847 1 30.07833 1.311607 1000022 13 0 16.23048 1.364248 1000022 13 1 7 1876
1 1.298986 1.452146 1.156092 0 14.24173 6.415959 1000022 13 1 10.86786 1.584895 1000022 13 1 7 1904
1 1.099696 0.9023142 1.195627 0 8.35404 1.559911 1000022 13 0 8.470676 1.52626 1000022 13 1 16 4156
0 1.227292 1.202911 1.205555 0 7.616752 1.266457 1000022 13 1 57.8294 2.102907 1000022 13 1 16 4171
1 0.7242169 1.085561 0.4754195 1 26.65254 2.582668 1000022 13 0 9.932386 6.848421 1000022 13 1 16 4224
1 0.5675248 0.271593 0.9330701 1 27.65837 2.160425 1000022 13 0 4.330785 2.793839 1000022 13 1 16 4244
1 1.112575 1.233052 0.9981722 1 15.17227 1.34222 1000022 13 1 8.27249 1.619664 1000022 13 1 16 4254
1 1.053247 1.09991 0.9980844 0 8.04511 1.324024 1000022 13 1 4.367701 1.367373 1000022 13 1 16 4289
1 1.194803 1.137859 1.187115 1 18.74597 1.98363 1000022 13 1 21.42834 1.505783 1000022 13 1 16 4312
1 1.199428 1.046014 1.251733 0 33.98566 1.235396 1000022 13 1 10.09115 1.426649 1000022 13 1 16 4337
1 1.0427 1.134261 0.9473373 1 2.079435 1.651143 1000022 13 0 8.715845 3.540004 1000022 13 1 16 4370
0 1.054444 1.13827 0.9640688 0 23.35847 1.570595 1000022 13 0 3.317062 3.630206 1000022 13 1 16 4395
1 1.149237 1.698801 0.7921503 1 11.33979 1.419693 1000022 13 1 11.26772 2.683018 1000022 13 1 16 4398
1 0.7934737 0.4881172 1.065644 1 16.79533 1.961131 1000022 13 0 8.223191 1.350027 1000022 13 1 22 5797
1 1.179161 1.206147 1.144075 1 4.481423 1.258724 1000022 13 0 1.151457 1.198647 1000022 13 1 22 5798
1 1.192805 1.083559 1.213989 1 6.207311 3.28615 1000022 13 1 12.24028 7.536357 1000022 13 1 22 5838
1 1.176288 1.010978 1.239274 0 23.7642 1.605492 1000022 13 0 0.6145619 1.320931 1000022 13 1 22 5842
1 1.182032 1.113501 1.180358 0 17.15011 1.32667 1000022 13 1 24.13866 1.728921 1000022 13 1 22 5843
1 1.036252 1.095703 0.9699052 1 11.51127 1.339872 1000022 13 1 15.42518 1.17971 1000022 13 1 22 5848
1 0.747205 0.4303799 1.057145 1 12.07846 1.144272 1000022 13 1 2.995225 1.057819 1000022 13 1 22 5855
0 1.191782 1.185832 1.16486 0 13.94395 1.728392 1000022 13 0 10.41228 1.209468 1000022 13 1 22 5856
1 1.227292 1.202911 1.205555 1 7.421357 2.209624 1000022 13 0 4.237148 3.885017 1000022 13 1 22 5864
1 1.054444 1.13827 0.9640688 1 11.67145 2.246387 1000022 13 1 40.97867 1.542127 1000022 13 1 22 5866
1 1.526225 2.04983 1.080738 0 1.444224 1.608833 1000022 13 1 20.06504 2.207429 1000022 13 1 22 5872
1 1.083255 0.8452013 1.220206 1 0.8192028 1.537643 1000022 13 0 15.96307 1.512847 1000022 13 1 22 5891
1 1.033406 1.101364 0.958024 0 11.1239 1.279532 1000022 13 1 13.4229 4.836984 1000022 13 1 22 5898
1 1.190567 1.223018 1.152597 0 23.47168 6.700138 1000022 13 1 8.510806 1.447595 1000022 13 1 22 5906
1 1.329532 1.478061 1.189894 1 37.43856 2.602656 1000022 13 1 4.232732 1.175623 1000022 13 1 22 5908
1 0.9574994 0.6410515 1.205563 0 14.12948 1.767509 1000022 13 1 13.54193 4.177596 1000022 13 1 22 5912
1 0.06482654 0.01276116 0.2218368 1 1.63156 5.485947 1000022 13 0 14.88728 1.319924 1000022 13 1 22 5982
1 0.9138955 0.6245104 1.1333 1 12.93458 2.228998 1000022 13 1 7.152894 2.667594 1000022 13 1 22 5988
1 1.191782 1.185832 1.16486 1 15.52341 1.825536 1000022 13 1 19.10162 2.004174 1000022 13 1 22 5997
1 0.2304392 0.07526134 0.508429 1 16.02151 2.625177 1000022 13 1 11.987 5.598987 1000022 13 1 22 6007
1 1.173319 1.196671 1.139395 0 40.58089 4.833375 1000022 13 1 9.447749 2.137552 1000022 13 1 22 6043
1 0.5762256 0.2893137 0.9113798 0 12.70227 1.166535 1000022 13 1 0.4329613 1.699874 1000022 13 1 24 6368
0 0.8332192 0.5015442 1.138243 1 20.92635 1.927882 1000022 13 0 45.71936 2.249896 1000022 13 1 24 6369
1 0.05673886 0.0108806 0.1995393 1 21.895 1.332774 1000022 13 0 7.766801 1.355176 1000022 13 1 24 6375
1 1.109295 1.155893 1.053631 0 4.043571 1.70752 1000022 13 0 9.239758 1.087315 1000022 13 1 24 6380
1 1.705086 2.017803 1.363962 1 21.95338 3.727811 1000022 13 1 0.7835627 1.523774 1000022 13 1 24 6423
1 1.053247 1.09991 0.9980844 0 17.03238 6.927486 1000022 13 0 19.53741 2.52371 1000022 13 1 24 6463
1 1.142868 1.177299 1.103399 1 0.7873302 1.833642 1000022 13 0 18.40609 1.796252 1000022 13 1 24 6474
1 1.112575 1.233052 0.9981722 0 6.553065 2.702742 1000022 13 0 7.359942 1.541645 1000022 13 1 24 6481
1 1.152501 1.258655 1.04415 1 19.86669 1.545924 1000022 13 1 0.4272572 7.71087 1000022 13 1 24 6483
1 1.176288 1.010978 1.239274 0 6.141986 1.797827 1000022 13 0 5.237771 1.23201 1000022 13 1 24 6511
0 1.209625 1.112975 1.222657 1 35.17242 4.302273 1000022 13 0 34.16786 6.557043 1000022 13 1 24 6561
1 1.062846 1.139449 0.9784784 1 1.494182 1.730126 1000022 13 0 25.11611 1.919597 1000022 13 1 24 6567
1 1.209625 1.112975 1.222657 1 27.9092 3.680488 1000022 13 1 9.837057 1.725785 1000022 13 1 24 6589
1 1.152971 1.190243 1.109341 1 3.609601 1.801839 1000022 13 1 12.99507 2.58482 1000022 13 1 24 6591
0 1.329532 1.478061 1.189894 0 1.03665 3.179683 1000022 13 0 31.07899 3.859965 1000022 13 1 24 6592
1 0.6235333 0.981489 0.3895437 1 3.46625 1.550525 1000022 13 1 22.56403 1.359283 1000022 13 1 24 6622
1 1.142868 1.177299 1.103399 1 10.99773 2.702111 1000022 13 0 1.390579 9.471015 1000022 13 1 25 6655
1 1.282494 1.437562 1.137462 1 12.89603 2.992943 1000022 13 1 10.97525 1.643495 1000022 13 1 25 6676
0 1.179161 1.206147 1.144075 0 3.511773 7.549323 1000022 13 0 37.74082 2.799393 1000022 13 1 25 6687
1 1.192805 1.083559 1.213989 1 34.19744 1.209046 1000022 13 1 10.41351 1.734625 1000022 13 1 25 6723
1 0.6235333 0.981489 0.3895437 1 3.97168 4.530041 1000022 13 1 5.820456 1.562227 1000022 13 1 25 6733
1 1.289688 1.878288 0.892531 1 3.507659 1.327024 1000022 13 0 32.85172 2.998882 1000022 13 1 25 6753
1 1.298986 1.452146 1.156092 1 14.44164 2.826908 1000022 13 1 36.82443 1.669347 1000022 13 1 25 6775
1 0.008330494 0.001239311 0.04569742 1 26.51514 1.148568 1000022 13 0 7.601624 2.550917 1000022 13 1 25 6780
1 0.3459568 0.1344595 0.6687537 0 7.971014 7.161452 1000022 13 0 5.601673 1.622408 1000022 13 1 25 6795
1 1.048836 1.548763 0.7254791 0 42.91814 3.24802 1000022 13 1 42.51459 1.062828 1000022 13 1 25 6805
0 0.1014541 0.02299071 0.3029553 0 25.31437 2.691891 1000022 13 0 10.93291 1.228895 1000022 13 1 25 6807
1 1.134034 1.248093 1.022271 1 6.853361 1.979605 1000022 13 1 23.99597 3.254346 1000022 13 1 25 6810
0 0.008330494 0.001239311 0.04569742 1 36.35627 1.895142 1000022 13 0 26.14921 7.053777 1000022 13 1 25 6823
1 1.112575 1.233052 0.9981722 0 46.40944 3.371083 1000022 13 1 11.99674 1.239054 1000022 13 1 25 6830
1 1.15499 1.021547 1.194574 0 2.409147 2.450514 1000022 13 1 8.151173 3.619258 1000022 13 1 25 6838
1 1.055133 1.104334 0.9975671 1 20.18605 2.767502 1000022 13 1 40.52219 4.680679 1000022 13 1 25 6879
1 1.575265 1.775696 1.383444 1 17.51995 1.554361 1000022 13 1 8.64138 2.22154 1000022 13 1 25 6893
0 1.114777 0.884905 1.24054 0 6.566781 1.468655 1000022 13 0 23.0459 1.359384 1000022 13 1 26 6901
0 1.017868 0.7662661 1.176325 0 0.6266958 2.007226 1000022 13 0 54.04663 4.63391 1000022 13 1 26 6910
1 1.46424 1.680344 1.235249 0 40.35127 17.28599 1000022 13 0 12.31927 2.794557 1000022 13 1 26 6941
1 0.6159488 0.3166172 0.9557644 0 13.14513 2.217155 1000022 13 1 35.13591 2.117033 1000022 13 1 26 6957
0 1.017868 0.7662661 1.176325 1 11.65798 1.505983 1000022 13 1 16.19949 1.305061 1000022 13 1 26 6964
1 1.050919 0.8056091 1.198818 0 2.062011 6.013969 1000022 13 0 4.602078 5.23054 1000022 13 1 26 6974
1 1.152501 1.258655 1.04415 0 8.776484 2.645216 1000022 13 0 10.3332 2.881959 1000022 13 1 26 6979
0 1.176288 1.010978 1.239274 0 7.373085 2.628208 1000022 13 0 12.99129 4.506617 1000022 13 1 26 6989
1 1.15499 1.021547 1.194574 0 0.08382044 2.360071 1000022 13 1 8.004157 2.864923 1000022 13 1 26 7000
1 0.3459568 0.1344595 0.6687537 1 8.724474 1.909387 1000022 13 0 16.83536 4.315079 1000022 13 1 26 7023
0 1.191782 1.185832 1.16486 0 16.12868 1.63814 1000022 13 0 21.87164 3.574247 1000022 13 1 26 7026
1 1.053247 1.09991 0.9980844 0 6.591212 1.661638 1000022 13 0 25.36849 1.103724 1000022 13 1 26 7045
1 1.524498 1.73059 1.317664 1 6.864694 1.304498 1000022 13 1 8.149842 2.800871 1000022 13 1 26 7066
1 1.194803 1.137859 1.187115 0 0.2674626 2.300037 1000022 13 0 4.610264 2.094296 1000022 13 1 26 7078
1 1.20651 1.16088 1.193521 1 33.47369 1.93796 1000022 13 1 0.828736 4.77179 1000022 13 1 26 7109
1 1.145385 0.9245803 1.259718 0 31.91312 1.257395 1000022 13 1 0.3284921 3.256557 1000022 13 1 26 7119
1 1.050919 0.8056091 1.198818 1 4.663955 1.209094 1000022 13 0 1.258138 3.870067 1000022 13 1 26 7121
1 1.20651 1.16088 1.193521 1 2.913015 1.317731 1000022 13 0 3.776869 3.494597 1000022 13 1 26 7125
1 0.9160994 0.6007248 1.171549 1 33.37584 1.069824 1000022 13 1 13.42129 2.117746 1000022 13 1 26 7137
1 1.036252 1.095703 0.9699052 1 32.08072 5.755084 1000022 13 0 1.756799 1.474591 1000022 13 1 26 7139
1 1.053247 1.09991 0.9980844 0 20.93781 1.735185 1000022 13 0 10.58332 1.200925 1000022 13 1 26 7150
1 0.2792014 0.09677438 0.588659 0 3.150778 1.854011 1000022 13 1 7.709686 1.35135 1000022 13 1 8 1935
1 1.298986 1.452146 1.156092 1 14.35352 1.32729 1000022 13 1 1.24681 5.80097 1000022 13 1 8 1972
1 1.109295 1.155893 1.053631 1 12.53168 2.196254 1000022 13 1 16.12955 1.021691 1000022 13 1 8 2031
1 1.1849 1.214892 1.148506 1 9.479191 2.079172 1000022 13 1 23.35013 1.142489 1000022 13 1 8 2051
1 1.329532 1.478061 1.189894 1 3.259286 2.495717 1000022 13 1 1.189905 1.978613 1000022 13 1 8 2085
1 1.217313 1.182622 1.199648 0 5.823884 2.676848 1000022 13 0 3.257078 1.692121 1000022 13 1 8 2121
1 1.057513 1.112379 0.9951048 0 7.244057 1.363481 1000022 13 1 1.104583 1.947105 1000022 13 1 8 2129
0 1.152501 1.258655 1.04415 0 9.405235 4.019966 1000022 13 0 18.10112 13.34727 1000022 13 1 8 2178
0 1.143675 1.253919 1.033471 0 1.198044 1.989894 1000022 13 0 17.75437 4.418958 1000022 13 1 8 2180
1 0.9517445 0.6636014 1.162862 1 13.51418 1.54864 1000022 13 1 71.73898 1.214903 1000022 13 1 8 2183
1 1.062846 1.139449 0.9784784 1 21.51221 3.215673 1000022 13 0 9.996432 2.225281 1000022 13 1 8 2191
1 1.151918 0.9752633 1.225726 0 10.79989 14.68577 1000022 13 0 18.21505 2.700365 1000022 13 1 8 2192
1 0.02402195 0.003812468 0.1069883 1 43.91416 1.421258 1000022 13 1 1.641094 1.135658 1000022 13 1 8 2198
1 1.058012 1.115802 0.9930252 1 5.502904 1.539236 1000022 13 1 6.104007 1.703992 1000022 13 1 9 2233
1 1.056557 1.108524 0.9965968 0 2.441329 1.495693 1000022 13 1 2.149538 1.824521 1000022 13 1 9 2265
1 0.9574994 0.6410515 1.205563 1 8.801622 1.811641 1000022 13 0 5.715643 3.060301 1000022 13 1 9 2266
1 1.10316 1.145079 1.05266 1 8.362153 1.811813 1000022 13 0 0.7644467 1.439882 1000022 13 1 9 2277
1 0.9160994 0.6007248 1.171549 0 12.97122 1.298097 1000022 13 1 25.66185 1.692511 1000022 13 1 9 2282
1 0.1527629 0.0402692 0.399808 1 1.663322 1.330939 1000022 13 1 0.4718007 2.297207 1000022 13 1 9 2290
1 0.5675248 0.271593 0.9330701 0 2.230983 1.920686 1000022 13 1 19.8951 1.695423 1000022 13 1 9 2333
1 0.8339615 0.5241884 1.101491 1 0.1857835 1.651433 1000022 13 1 19.91765 2.277103 1000022 13 1 9 2337
1 1.106427 1.150534 1.053346 1 25.31743 1.253862 1000022 13 0 7.806626 1.206335 1000022 13 1 9 2349
0 1.095596 1.133769 1.050051 0 9.480721 1.135678 1000022 13 0 14.74833 2.941238 1000022 13 1 9 2378
1 1.048997 1.136673 0.9559695 0 35.06986 1.387946 1000022 13 0 26.11736 1.249802 1000022 13 1 9 2402
1 1.46424 1.680344 1.235249 1 20.54376 1.468441 1000022 13 1 1.492689 2.180153 1000022 13 1 9 2403
1 1.050919 0.8056091 1.198818 1 26.66389 1.727859 1000022 13 0 7.930993 2.898829 1000022 13 1 9 2442
1 1.058012 1.115802 0.9930252 0 2.491661 4.194904 1000022 13 1 24.62568 2.160685 1000022 13 1 9 2475
1 1.173319 1.196671 1.139395 0 1.634224 1.391571 1000022 13 0 0.07565572 2.968374 1000022 13 1 10 2497
1 1.227292 1.202911 1.205555 0 11.14768 1.305849 1000022 13 0 34.9268 2.81398 1000022 13 1 10 2524
1 1.225386 1.141194 1.230719 1 56.96518 2.047282 1000022 13 0 12.67255 1.410007 1000022 13 1 10 2527
1 1.036252 1.095703 0.9699052 0 1.573344 2.30213 1000022 13 1 23.22636 1.900359 1000022 13 1 10 2532
1 1.048997 1.136673 0.9559695 1 21.17541 1.340193 1000022 13 0 53.84629 2.598165 1000022 13 1 10 2548
0 0.1610681 0.04515641 0.4007308 0 2.521624 2.749266 1000022 13 0 7.866398 5.409371 1000022 13 1 10 2552
0 1.49586 1.706142 1.278772 0 4.648054 1.369099 1000022 13 0 10.80323 2.045129 1000022 13 1 10 2586
1 1.282494 1.437562 1.137462 0 75.57092 19.66204 1000022 13 1 0.7710093 2.481323 1000022 13 1 10 2619
0 1.054444 1.13827 0.9640688 0 8.368587 1.967752 1000022 13 1 62.17379 1.87993 1000022 13 1 10 2626
1 1.035838 1.098122 0.9666125 0 8.16638 1.246735 1000022 13 1 12.85577 1.387129 1000022 13 1 10 2641
1 1.142868 1.177299 1.103399 1 16.41099 1.676762 1000022 13 1 3.293408 2.096758 1000022 13 1 10 2642
1 1.1849 1.214892 1.148506 0 1.889548 1.293128 1000022 13 1 11.80858 1.637771 1000022 13 1 10 2655
0 1.056557 1.108524 0.9965968 0 6.664663 5.214818 1000022 13 1 1.064951 1.566657 1000022 13 1 10 2656
1 1.050919 0.8056091 1.198818 0 27.54484 2.290035 1000022 13 1 19.92279 2.632531 1000022 13 1 10 2660
1 1.056557 1.108524 0.9965968 0 15.20975 2.598006 1000022 13 1 44.68713 5.24352 1000022 13 1 10 2678
0 1.063672 0.7860307 1.245813 1 38.4814 2.238243 1000022 13 0 0.8423063 1.793623 1000022 13 1 10 2683
1 1.20651 1.16088 1.193521 0 2.31271 2.566252 1000022 13 0 1.188093 1.291086 1000022 13 1 11 2767
1 1.147959 1.183877 1.106546 0 45.74273 2.722645 1000022 13 1 38.08068 1.460438 1000022 13 1 11 2846
1 1.137649 1.170432 1.099925 0 13.24018 4.668121 1000022 13 1 0.367857 1.648404 1000022 13 1 11 2864
0 1.059052 1.139164 0.9715886 0 20.3505 8.799636 1000022 13 0 44.6709 1.675726 1000022 13 1 11 2872
0 0.203907 0.4107535 0.09737417 0 21.4292 1.918851 1000022 13 1 6.131773 1.335243 1000022 13 1 11 2884
0 1.03119 1.524041 0.7057037 1 28.70272 1.847172 1000022 13 1 9.034097 1.218012 1000022 13 1 11 2885
1 1.56971 1.920896 1.202337 1 15.53183 3.657331 1000022 13 0 7.08817 2.146016 1000022 13 1 11 2895
1 1.217313 1.182622 1.199648 1 26.75396 2.60655 1000022 13 1 10.17245 3.010796 1000022 13 1 11 2936
0 1.164201 1.711426 0.8059074 0 61.73664 1.318453 1000022 13 0 4.97367 2.387799 1000022 13 1 11 2945
1 1.031225 1.102163 0.9526981 1 28.29805 1.729148 1000022 13 1 17.83577 2.75259 1000022 13 1 11 2946
1 1.46424 1.680344 1.235249 1 0.5628103 1.687786 1000022 13 1 19.73499 1.447396 1000022 13 1 11 2953
1 1.055133 1.104334 0.9975671 1 11.16516 1.218878 1000022 13 1 0.8499235 1.381 1000022 13 1 11 2954
1 1.192805 1.083559 1.213989 0 34.60262 9.591074 1000022 13 1 14.29517 1.143406 1000022 13 1 11 2998
1 1.057513 1.112379 0.9951048 0 0.6690612 3.115146 1000022 13 0 22.50408 1.553241 1000022 13 1 11 3016
1 0.3170899 0.1198369 0.6261138 1 0.7944794 1.29817 1000022 13 1 26.97216 2.688274 1000022 13 1 11 3021
1 1.227292 1.202911 1.205555 1 18.56495 2.954591 1000022 13 1 18.71907 1.593592 1000022 13 1 11 3029
0 1.314649 1.46568 1.173482 0 31.90063 1.617606 1000022 13 0 18.51073 2.013472 1000022 13 1 12 3044
1 1.199401 1.201198 1.170168 1 37.63902 1.704408 1000022 13 1 0.009526169 2.308115 1000022 13 1 12 3070
1 1.199401 1.201198 1.170168 0 7.236447 2.401916 1000022 13 1 23.82872 1.212518 1000022 13 1 12 3074
0 1.282494 1.437562 1.137462 0 5.868288 2.325746 1000022 13 0 0.2514825 3.053206 1000022 13 1 12 3075
1 1.134034 1.248093 1.022271 0 4.670265 1.228108 1000022 13 1 43.67879 1.240155 1000022 13 1 12 3094
1 0.1707681 0.04642279 0.4356818 0 5.478299 1.771764 1000022 13 1 16.87071 1.611134 1000022 13 1 12 3099
1 0.7934737 0.4881172 1.065644 1 13.54604 1.174203 1000022 13 0 5.887372 1.254251 1000022 13 1 12 3117
1 1.028816 2.178673 0.4767559 0 60.42464 1.816063 1000022 13 1 14.20928 2.659538 1000022 13 1 12 3131
1 1.099696 0.9023142 1.195627 0 1.352105 1.804072 1000022 13 0 16.94465 1.113429 1000022 13 1 12 3135
0 0.6342273 1.05356 0.3835326 0 50.19003 2.575462 1000022 13 0 4.744915 1.843949 1000022 13 1 12 3138
1 1.152971 1.190243 1.109341 1 6.191576 1.523927 1000022 13 1 1.336861 1.506307 1000022 13 1 12 3151
1 1.036252 1.095703 0.9699052 1 0.987023 2.854596 1000022 13 1 18.24054 2.656477 1000022 13 1 12 3161
1 1.164201 1.711426 0.8059074 0 19.06746 1.464341 1000022 13 1 32.595 1.360163 1000022 13 1 12 3170
0 1.151918 0.9752633 1.225726 0 8.597051 6.864615 1000022 13 0 1.536845 1.758162 1000022 13 1 12 3180
1 0.6342273 1.05356 0.3835326 1 2.553178 2.777908 1000022 13 1 18.06546 1.722454 1000022 13 1 12 3204
0 0.7934737 0.4881172 1.065644 0 7.669214 10.34614 1000022 13 0 8.033843 1.501953 1000022 13 1 12 3222
1 1.033406 1.101364 0.958024 1 5.23822 1.41778 1000022 13 0 13.12517 1.116814 1000022 13 1 12 3244
1 1.0427 1.134261 0.9473373 1 4.117779 2.06792 1000022 13 1 7.605013 1.475557 1000022 13 1 12 3246
1 1.057513 1.112379 0.9951048 1 6.833083 1.877 1000022 13 1 7.499027 1.379944 1000022 13 1 12 3256
1 1.1849 1.214892 1.148506 0 3.186353 3.233465 1000022 13 0 12.54205 2.420293 1000022 13 1 12 3268
1 0.9517445 0.6636014 1.162862 1 7.905057 4.710222 1000022 13 0 1.118003 2.831335 1000022 13 1 12 3270
1 1.566869 2.206142 1.088645 0 10.95493 1.245155 1000022 13 1 12.904 1.519294 1000022 13 1 12 3278
1 1.126364 0.9389989 1.211138 1 2.439512 1.160278 1000022 13 1 30.55034 1.292375 1000022 13 1 13 3313
1 1.192805 1.083559 1.213989 1 18.30011 1.218419 1000022 13 1 5.089163 1.258388 1000022 13 1 13 3314
1 0.4355545 0.9923941 0.2025623 1 57.5245 6.912431 1000022 13 1 78.60463 1.266066 1000022 13 1 13 3317
1 0.5380682 0.2637946 0.8676014 1 6.98499 3.035734 1000022 13 1 17.95328 1.29017 1000022 13 1 13 3321
1 1.550791 1.753763 1.352368 0 12.06826 2.009442 1000022 13 1 3.260706 4.37134 1000022 13 1 13 3325
1 0.7055845 0.3974356 1.016366 1 27.78264 1.122163 1000022 13 1 65.37339 1.501517 1000022 13 1 13 3326
0 1.173319 1.196671 1.139395 0 34.77731 1.09931 1000022 13 1 30.43247 1.281248 1000022 13 1 13 3348
1 1.147959 1.183877 1.106546 1 13.59344 1.637717 1000022 13 0 25.02517 1.262454 1000022 13 1 13 3349
1 0.9138955 0.6245104 1.1333 1 54.49728 1.506632 1000022 13 0 0.9299079 3.648329 1000022 13 1 13 3361
1 0.9160994 0.6007248 1.171549 0 5.386618 1.50869 1000022 13 1 12.53132 3.854219 1000022 13 1 13 3365
0 1.026751 0.7444853 1.219196 0 5.199576 2.534235 1000022 13 0 2.830836 2.048049 1000022 13 1 13 3369
1 1.15499 1.021547 1.194574 0 17.3156 1.490387 1000022 13 0 7.751493 2.041197 1000022 13 1 13 3374
1 0.114587 0.02674881 0.3330998 1 16.39865 1.06405 1000022 13 0 38.09361 25.21544 1000022 13 1 13 3414
1 1.03119 1.524041 0.7057037 0 2.564248 1.173151 1000022 13 0 1.990268 1.702839 1000022 13 1 13 3424
0 0.9160994 0.6007248 1.171549 0 10.20994 3.86166 1000022 13 1 21.33685 1.06003 1000022 13 1 13 3447
1 1.191782 1.185832 1.16486 0 7.309608 4.495391 1000022 13 1 4.473468 2.330979 1000022 13 1 13 3481
1 0.6159488 0.3166172 0.9557644 0 7.882205 310.6689 1000022 13 1 7.349203 1.6664 1000022 13 1 13 3490
1 1.49586 1.706142 1.278772 0 11.86014 3.862642 1000022 13 1 19.23104 2.331411 1000022 13 1 13 3507
1 1.173319 1.196671 1.139395 1 7.068542 1.393006 1000022 13 0 11.38673 1.299234 1000022 13 1 13 3511
1 1.199428 1.046014 1.251733 0 4.904192 1.858131 1000022 13 1 10.7278 1.462572 1000022 13 1 13 3515
1 1.174602 1.053046 1.204645 1 22.73365 1.297928 1000022 13 1 3.686952 1.950796 1000022 13 1 13 3517
1 0.5380682 0.2637946 0.8676014 1 37.43395 1.22454 1000022 13 1 6.265704 1.271302 1000022 13 1 13 3518
1 1.75908 2.248522 1.290011 1 51.42436 1.365011 1000022 13 1 9.819718 1.572055 1000022 13 1 13 3544
1 0.789787 0.4650854 1.097808 0 2.507411 1.31519 1000022 13 0 6.081216 1.677942 1000022 13 1 13 3554
1 1.063672 0.7860307 1.245813 0 2.242772 2.450113 1000022 13 1 4.585495 3.985005 1000022 13 1 13 3573
1 1.26516 1.422013 1.117256 1 0.8574206 1.297329 1000022 13 1 6.414834 1.395352 1000022 13 1 14 3604
1 1.109295 1.155893 1.053631 0 32.1012 3.425089 1000022 13 0 1.226841 3.245834 1000022 13 1 14 3608
1 1.282494 1.437562 1.137462 1 77.55096 4.948083 1000022 13 1 86.47579 1.844247 1000022 13 1 14 3615
1 0.203907 0.4107535 0.09737417 0 9.579837 1.418632 1000022 13 0 2.012088 4.768114 1000022 13 1 14 3619
0 0.6235333 0.981489 0.3895437 1 5.064149 2.356664 1000022 13 0 4.035547 2.416927 1000022 13 1 14 3642
1 1.083255 0.8452013 1.220206 0 7.058262 1.666199 1000022 13 1 37.75511 1.053223 1000022 13 1 14 3655
1 1.062846 1.139449 0.9784784 0 31.34321 2.359268 1000022 13 0 52.52916 1.309512 1000022 13 1 14 3701
1 1.048997 1.136673 0.9559695 0 31.93879 1.324599 1000022 13 1 10.76833 1.165048 1000022 13 1 14 3708
1 0.05673886 0.0108806 0.1995393 0 5.7328 1.430685 1000022 13 1 16.38906 2.321819 1000022 13 1 14 3723
0 0.3064061 0.1093534 0.631845 1 1.741827 3.622262 1000022 13 0 4.765467 2.200949 1000022 13 1 14 3743
1 1.035838 1.098122 0.9666125 0 1.387139 1.717093 1000022 13 1 0.1468799 1.514541 1000022 13 1 14 3756
1 1.217313 1.182622 1.199648 1 7.717464 1.720851 1000022 13 1 20.62458 3.59663 1000022 13 1 14 3761
1 0.9517445 0.6636014 1.162862 0 5.014239 2.347975 1000022 13 1 0.8378922 13.34863 1000022 13 1 14 3816
1 1.157728 1.196465 1.111764 1 12.54792 4.11147 1000022 13 1 26.70054 1.234848 1000022 13 1 14 3827
1 1.217313 1.182622 1.199648 0 89.33789 1.676744 1000022 13 1 10.48093 1.413021 1000022 13 1 15 3867
0 1.035838 1.098122 0.9666125 0 5.086907 1.613326 1000022 13 0 9.557025 1.308823 1000022 13 1 15 3885
0 1.062846 1.139449 0.9784784 0 12.54133 1.381254 1000022 13 0 11.46678 4.764533 1000022 13 1 15 3893
1 1.152501 1.258655 1.04415 1 9.702774 1.328594 1000022 13 1 2.541839 1.288285 1000022 13 1 15 3896
1 1.017868 0.7662661 1.176325 0 10.07744 2.584614 1000022 13 0 42.70833 1.77101 1000022 13 1 15 3905
1 0.8748782 0.5617447 1.136825 1 10.12452 1.9134 1000022 13 1 12.36456 1.515756 1000022 13 1 15 3922
0 1.217313 1.182622 1.199648 0 4.076858 8.876801 1000022 13 0 0.7529689 14.39468 1000022 13 1 15 3946
1 0.06958118 0.01446482 0.2254303 0 11.10693 39.57081 1000022 13 0 19.56684 1.084532 1000022 13 1 15 3987
1 1.46424 1.680344 1.235249 1 22.31421 1.327327 1000022 13 0 0.2057254 1.509733 1000022 13 1 15 4009
0 0.4094664 0.1680855 0.7591912 0 0.8537261 3.644686 1000022 13 0 4.681806 1.624379 1000022 13 1 15 4014
1 1.017868 0.7662661 1.176325 0 34.72624 5.239498 1000022 13 1 0.9077517 1.352219 1000022 13 1 15 4020
1 0.1610681 0.04515641 0.4007308 0 2.690731 6.869498 1000022 13 0 15.99036 2.950289 1000022 13 1 15 4031
1 1.083255 0.8452013 1.220206 1 29.35802 1.327908 1000022 13 1 37.0705 3.057668 1000022 13 1 15 4037
0 1.206555 1.21522 1.17542 1 23.16084 2.151857 1000022 13 0 7.355643 3.62152 1000022 13 1 15 4039
1 0.8332192 0.5015442 1.138243 0 8.738161 1.646797 1000022 13 0 16.09656 1.404933 1000022 13 1 15 4041
1 1.217313 1.182622 1.199648 1 14.52042 1.281133 1000022 13 0 5.13604 4.143377 1000022 13 1 15 4066
0 1.057513 1.112379 0.9951048 0 1.286462 2.251567 1000022 13 1 18.10371 1.700435 1000022 13 1 15 4070
1 1.099519 1.139476 1.051563 1 18.28213 3.487304 1000022 13 1 34.81038 2.007236 1000022 13 1 15 4072
1 1.058012 1.115802 0.9930252 1 5.380504 1.912566 1000022 13 1 23.29305 1.165655 1000022 13 1 15 4078
1 1.164201 1.711426 0.8059074 1 28.35889 1.785146 1000022 13 0 30.68016 1.583324 1000022 13 1 15 4080
1 1.1849 1.214892 1.148506 1 0.446765 2.848684 1000022 13 0 3.179375 1.302482 1000022 13 1 15 4090
1 1.017868 0.7662661 1.176325 1 59.63158 3.536055 1000022 13 0 21.83469 1.224923 1000022 13 1 15 4112
1 1.083255 0.8452013 1.220206 1 11.20538 1.409978 1000022 13 1 8.718263 4.354703 1000022 13 1 15 4115
1 1.099519 1.139476 1.051563 1 27.93526 3.328549 1000022 13 0 2.375671 2.358428 1000022 13 1 15 4119
1 1.109295 1.155893 1.053631 1 4.822133 1.66663 1000022 13 1 1.607772 1.978623 1000022 13 1 17 4444
1 0.4442115 0.1872741 0.8068974 0 18.32129 20.66409 1000022 13 0 11.45064 1.475953 1000022 13 1 17 4517
1 1.199401 1.201198 1.170168 1 15.75707 2.268574 1000022 13 1 14.54193 1.640581 1000022 13 1 17 4522
1 1.761918 2.058838 1.43754 1 11.71986 1.523488 1000022 13 1 32.13594 4.214914 1000022 13 1 17 4549
1 1.099519 1.139476 1.051563 1 32.07815 1.112653 1000022 13 1 45.54567 1.366388 1000022 13 1 17 4555
1 1.112575 1.233052 0.9981722 0 4.6923 2.881669 1000022 13 1 52.74008 1.67138 1000022 13 1 17 4557
1 1.192805 1.083559 1.213989 1 27.19823 2.213599 1000022 13 0 24.81607 5.379621 1000022 13 1 17 4558
1 0.4544891 0.2018274 0.792879 1 29.49162 1.180688 1000022 13 0 9.528337 1.284114 1000022 13 1 17 4572
1 0.6571895 0.3457574 1.000641 0 19.10737 1.428597 1000022 13 1 6.379076 1.707374 1000022 13 1 17 4595
1 1.063672 0.7860307 1.245813 1 7.349524 1.576389 1000022 13 1 77.06644 1.550923 1000022 13 1 17 4601
1 0.5380682 0.2637946 0.8676014 1 4.668944 1.456431 1000022 13 1 64.46335 2.488167 1000022 13 1 17 4605
1 1.227292 1.202911 1.205555 0 11.71587 1.484583 1000022 13 0 4.370367 3.544667 1000022 13 1 17 4616
1 0.8200224 1.218482 0.5472287 1 1.769299 1.747377 1000022 13 1 4.82949 2.119314 1000022 13 1 17 4617
1 1.123647 1.241142 1.010512 1 2.923862 1.978127 1000022 13 1 28.82844 1.597727 1000022 13 1 17 4619
1 1.017868 0.7662661 1.176325 0 7.933676 1.788636 1000022 13 0 60.55619 1.253425 1000022 13 1 17 4626
1 1.036252 1.095703 0.9699052 0 26.69969 5.764365 1000022 13 1 4.460372 2.659595 1000022 13 1 17 4627
1 0.02782141 0.00448657 0.1208789 1 9.800863 4.1501 1000022 13 1 6.048043 3.449317 1000022 13 1 17 4630
0 1.152501 1.258655 1.04415 0 13.96667 1.134792 1000022 13 1 11.18465 1.394735 1000022 13 1 17 4651
1 1.143675 1.253919 1.033471 0 26.6047 1.266875 1000022 13 1 2.063347 1.88596 1000022 13 1 17 4660
0 0.01217822 0.001818087 0.06209253 1 3.307617 1.213667 1000022 13 0 36.00562 6.711559 1000022 13 1 17 4670
1 1.126364 0.9389989 1.211138 1 8.178484 1.364549 1000022 13 0 21.42832 2.558238 1000022 13 1 17 4676
1 1.095596 1.133769 1.050051 1 34.97799 3.930721 1000022 13 0 7.220365 1.858426 1000022 13 1 17 4687
0 1.225386 1.141194 1.230719 0 4.655952 4.188019 1000022 13 0 21.32019 1.932352 1000022 13 1 17 4692
1 0.02782141 0.00448657 0.1208789 0 9.310004 1.22076 1000022 13 0 32.74963 1.786296 1000022 13 1 19 4970
1 0.5226254 0.8798594 0.3137767 0 6.358147 2.044862 1000022 13 1 12.50484 1.996689 1000022 13 1 19 4993
1 1.550791 1.753763 1.352368 1 7.064746 1.180844 1000022 13 0 8.235426 2.666033 1000022 13 1 19 5000
1 0.04601344 0.008200601 0.1755223 1 37.40904 2.178823 1000022 13 1 9.908683 1.170589 1000022 13 1 19 5027
1 0.6998869 0.3767799 1.045889 0 24.62562 4.748096 1000022 13 1 12.97768 1.281955 1000022 13 1 19 5039
1 1.054444 1.13827 0.9640688 1 4.556938 2.68877 1000022 13 1 47.75729 3.876866 1000022 13 1 19 5041
1 1.213336 1.227995 1.180605 1 5.812608 1.934268 1000022 13 0 1.746755 1.217729 1000022 13 1 19 5073
1 1.017868 0.7662661 1.176325 1 4.425045 1.421049 1000022 13 1 1.808448 1.100021 1000022 13 1 19 5078
1 1.46424 1.680344 1.235249 1 8.311941 1.215945 1000022 13 0 6.232155 1.503191 1000022 13 1 19 5089
1 1.152971 1.190243 1.109341 1 35.65045 3.722918 1000022 13 1 17.33052 1.304704 1000022 13 1 19 5098
1 1.151918 0.9752633 1.225726 1 71.69292 2.532667 1000022 13 0 0.6873737 4.95647 1000022 13 1 19 5150
1 1.112575 1.233052 0.9981722 0 9.816355 3.861241 1000022 13 1 31.26608 1.715888 1000022 13 1 19 5158
1 1.15499 1.021547 1.194574 0 4.147543 1.283386 1000022 13 1 14.67405 1.35045 1000022 13 1 19 5186
1 1.152501 1.258655 1.04415 0 39.31666 1.906224 1000022 13 0 9.896012 1.422467 1000022 13 1 19 5199
1 1.194803 1.137859 1.187115 1 24.23545 4.935635 1000022 13 0 1.746884 1.703129 1000022 13 1 19 5206
1 1.056557 1.108524 0.9965968 0 3.723047 2.846569 1000022 13 0 8.965351 1.407001 1000022 13 1 19 5214
1 1.031225 1.102163 0.9526981 0 44.08018 2.972847 1000022 13 1 5.70297 2.11251 1000022 13 1 19 5217
1 1.46424 1.680344 1.235249 1 35.82082 3.37637 1000022 13 1 3.381766 2.464046 1000022 13 1 19 5231
1 1.083255 0.8452013 1.220206 1 11.7532 3.889227 1000022 13 0 0.2750957 6.675555 1000022 13 1 20 5262
0 0.9574994 0.6410515 1.205563 0 32.51957 2.436244 1000022 13 0 32.1633 3.664842 1000022 13 1 20 5287
1 1.149237 1.698801 0.7921503 0 13.74612 3.342385 1000022 13 1 14.5302 1.880671 1000022 13 1 20 5294
1 1.033406 1.101364 0.958024 1 37.56226 1.303784 1000022 13 1 13.69061 2.534249 1000022 13 1 20 5317
1 0.9138955 0.6245104 1.1333 1 6.059137 2.678238 1000022 13 0 30.21333 2.485262 1000022 13 1 20 5327
0 0.9574994 0.6410515 1.205563 0 3.272904 4.376257 1000022 13 0 13.43099 17.80407 1000022 13 1 20 5346
1 0.3459568 0.1344595 0.6687537 1 31.66956 1.596035 1000022 13 0 1.883175 3.786069 1000022 13 1 20 5362
1 1.10316 1.145079 1.05266 0 10.01244 1.429158 1000022 13 1 24.36645 1.32377 1000022 13 1 20 5370
1 1.157728 1.196465 1.111764 1 28.61153 1.816713 1000022 13 1 3.080279 1.654739 1000022 13 1 20 5372
1 1.123647 1.241142 1.010512 0 9.451112 1.403339 1000022 13 0 19.44409 1.27815 1000022 13 1 20 5383
1 1.106427 1.150534 1.053346 0 15.71325 1.748178 1000022 13 0 0.1992111 1.68777 1000022 13 1 20 5437
0 1.034916 1.100018 0.9626585 1 1.309828 2.39979 1000022 13 1 7.122457 1.564613 1000022 13 1 20 5442
1 1.289688 1.878288 0.892531 1 22.86629 3.37036 1000022 13 0 8.775643 2.646053 1000022 13 1 20 5449
1 1.083255 0.8452013 1.220206 0 12.94918 2.115005 1000022 13 1 3.138026 5.755011 1000022 13 1 20 5475
0 1.0427 1.134261 0.9473373 1 15.97285 1.500314 1000022 13 1 11.92644 1.373055 1000022 13 1 20 5478
1 1.199401 1.201198 1.170168 0 0.6899984 5.521039 1000022 13 0 30.11052 4.09921 1000022 13 1 20 5509
1 0.5179346 0.9281273 0.2807825 0 0.8585947 5.240952 1000022 13 0 14.75231 2.566401 1000022 13 1 20 5516
0 1.49586 1.706142 1.278772 0 2.634189 1.900266 1000022 13 0 6.098788 9.119699 1000022 13 1 21 5521
1 1.225386 1.141194 1.230719 0 22.47839 1.104789 1000022 13 0 37.57031 1.049497 1000022 13 1 21 5538
1 1.055133 1.104334 0.9975671 1 23.11652 1.564541 1000022 13 1 2.370981 1.765311 1000022 13 1 21 5565
1 1.059052 1.139164 0.9715886 0 23.95117 5.165648 1000022 13 1 2.213882 1.484701 1000022 13 1 21 5571
1 1.095596 1.133769 1.050051 0 6.28688 2.15715 1000022 13 1 8.086172 4.478883 1000022 13 1 21 5572
1 1.179161 1.206147 1.144075 1 8.249922 1.730911 1000022 13 1 1.397811 20.60287 1000022 13 1 21 5597
1 0.6571895 0.3457574 1.000641 1 15.62152 1.566553 1000022 13 1 15.16652 1.33691 1000022 13 1 21 5602
1 0.5762256 0.2893137 0.9113798 1 49.9702 1.903935 1000022 13 0 48.85657 1.332915 1000022 13 1 21 5610
0 1.054444 1.13827 0.9640688 0 10.65281 1.344462 1000022 13 1 78.17523 1.158821 1000022 13 1 21 5634
1 1.645109 2.1548 1.183545 1 25.38369 2.932842 1000022 13 1 4.650041 1.804516 1000022 13 1 21 5649
1 1.566869 2.206142 1.088645 1 8.120813 1.511345 1000022 13 1 31.49606 1.39417 1000022 13 1 21 5651
1 1.56971 1.920896 1.202337 1 7.263577 2.870414 1000022 13 1 28.81796 5.119806 1000022 13 1 21 5661
1 1.225386 1.141194 1.230719 0 5.258451 2.972821 1000022 13 1 8.067351 2.84017 1000022 13 1 21 5667
1 1.026751 0.7444853 1.219196 1 19.38288 1.904122 1000022 13 1 13.37177 1.30395 1000022 13 1 21 5677
1 1.524498 1.73059 1.317664 0 13.06009 1.820648 1000022 13 1 12.49099 2.102101 1000022 13 1 21 5748
1 1.034916 1.100018 0.9626585 0 13.27232 3.591 1000022 13 1 4.861029 2.443812 1000022 13 1 21 5754
0 0.3170899 0.1198369 0.6261138 0 16.29624 1.962786 1000022 13 0 5.073177 3.715965 1000022 13 1 21 5765
1 1.213336 1.227995 1.180605 0 10.18294 1.403486 1000022 13 1 0.3853336 1.191556 1000022 13 1 21 5778
0 0.3459568 0.1344595 0.6687537 1 3.330181 5.286545 1000022 13 0 5.435252 1.384244 1000022 13 1 23 6109
1 0.9138955 0.6245104 1.1333 0 13.81907 2.085578 1000022 13 0 3.862922 1.179944 1000022 13 1 23 6111
1 1.112575 1.233052 0.9981722 0 10.56901 2.400233 1000022 13 0 14.51553 2.08278 1000022 13 1 23 6124
1 1.282494 1.437562 1.137462 0 7.429018 1.576903 1000022 13 1 7.762955 1.72786 1000022 13 1 23 6161
1 0.3767309 0.1505117 0.7131262 0 7.000141 5.046549 1000022 13 0 75.53134 3.462587 1000022 13 1 23 6190
0 1.056557 1.108524 0.9965968 0 52.57628 5.63776 1000022 13 0 38.30988 1.473665 1000022 13 1 23 6231
1 1.062846 1.139449 0.9784784 0 18.33389 1.440368 1000022 13 0 15.00139 1.878281 1000022 13 1 23 6245
1 1.206555 1.21522 1.17542 0 21.85844 2.472044 1000022 13 1 1.902694 1.200064 1000022 13 1 23 6262
1 1.199401 1.201198 1.170168 0 5.252188 1.143863 1000022 13 0 2.426711 7.253556 1000022 13 1 31 8308
1 0.114587 0.02674881 0.3330998 1 36.17467 1.768515 1000022 13 1 23.49146 2.566989 1000022 13 1 31 8313
1 1.167323 1.186361 1.134647 1 15.7691 1.590117 1000022 13 1 4.961019 1.310824 1000022 13 1 31 8339
0 1.575265 1.775696 1.383444 0 11.15155 1.678562 1000022 13 0 11.45926 1.378335 1000022 13 1 31 8344
0 1.151918 0.9752633 1.225726 0 15.98305 1.381188 1000022 13 0 1.479408 2.300819 1000022 13 1 31 8367
1 1.1849 1.214892 1.148506 0 0.2983738 1.133549 1000022 13 1 17.65571 2.285577 1000022 13 1 31 8371
1 1.149237 1.698801 0.7921503 0 13.95806 1.381364 1000022 13 1 21.43055 2.64137 1000022 13 1 31 8381
1 1.225386 1.141194 1.230719 1 14.26812 1.785552 1000022 13 0 4.055273 2.835088 1000022 13 1 31 8389
1 1.143675 1.253919 1.033471 0 3.197522 12.47967 1000022 13 1 47.64318 3.045186 1000022 13 1 31 8394
1 1.106427 1.150534 1.053346 1 5.816071 1.303095 1000022 13 0 9.252509 1.833713 1000022 13 1 31 8396
1 1.761918 2.058838 1.43754 0 12.55175 1.303804 1000022 13 1 3.230256 2.370942 1000022 13 1 31 8402
1 1.15499 1.021547 1.194574 1 20.73618 1.237744 1000022 13 1 20.32178 1.099499 1000022 13 1 31 8446
0 0.0004289094 0.0001008232 0.001724173 0 19.46827 2.161253 1000022 13 1 48.59434 1.4811 1000022 13 1 31 8452
0 1.055133 1.104334 0.9975671 0 13.14297 17.9912 1000022 13 0 0.03573714 6.318501 1000022 13 1 31 8468
1 1.191782 1.185832 1.16486 1 14.55493 2.131351 1000022 13 0 8.373415 2.515833 1000022 13 1 31 8483
1 0.6235333 0.981489 0.3895437 1 35.15565 1.466354 1000022 13 0 0.3411708 4.909654 1000022 13 1 31 8489
1 1.048997 1.136673 0.9559695 0 43.43618 2.050976 1000022 13 1 0.3444009 1.595765 1000022 13 1 31 8510
1 1.134034 1.248093 1.022271 1 20.97446 1.825043 1000022 13 0 1.429121 1.556912 1000022 13 1 31 8522
1 0.04601344 0.008200601 0.1755223 1 6.234901 4.293684 1000022 13 1 3.695345 1.206262 1000022 13 1 31 8523
0 1.03119 1.524041 0.7057037 0 15.91444 4.610207 1000022 13 0 36.66994 2.737052 1000022 13 1 31 8525
1 0.5762256 0.2893137 0.9113798 0 1.351757 5.901347 1000022 13 1 24.14736 1.255851 1000022 13 1 33 8855
0 0.3459568 0.1344595 0.6687537 0 38.98441 2.62259 1000022 13 0 21.8461 6.179922 1000022 13 1 33 8885
0 0.6235333 0.981489 0.3895437 0 12.69654 8.501057 1000022 13 0 4.108712 2.024097 1000022 13 1 33 8886
1 0.6571895 0.3457574 1.000641 0 9.996549 1.416569 1000022 13 1 10.72505 11.86373 1000022 13 1 33 8918
1 1.053247 1.09991 0.9980844 0 33.03619 2.784239 1000022 13 1 36.08659 15.29699 1000022 13 1 33 8923
