1 0.9160994 0.6007248 1.171549 1 12.88345 2.067492 6003113 13 0 30.51501 5.483158 6003113 11 1 197 47110
1 1.056557 1.108524 0.9965968 1 12.68272 2.204109 6003113 13 1 9.576244 2.276977 6003113 11 1 12 2772
1 1.03119 1.524041 0.7057037 1 6.463634 1.44403 6003113 13 1 18.70288 2.281207 6003113 11 1 45 10566
1 1.405111 1.934095 0.9833891 1 10.83587 3.404918 6003113 11 1 17.35828 1.157394 6003113 13 1 88 20924
1 1.15499 1.021547 1.194574 1 7.111804 1.00351 6003113 13 0 27.39082 3.131813 6003113 11 1 170 40659
1 1.314649 1.46568 1.173482 1 19.89801 1.789228 6003113 13 0 12.86167 5.386079 6003113 11 1 277 66361
1 1.157728 1.196465 1.111764 0 16.16915 2.30502 6003113 11 1 21.25661 2.087701 6003113 13 1 130 30961
1 1.03119 1.524041 0.7057037 1 10.69601 1.004253 6003113 13 0 61.5447 1.001612 6003113 11 1 332 79576
1 1.26516 1.422013 1.117256 0 25.87899 2.31098 6003113 13 0 18.27562 24.8223 6003113 11 1 189 45356
1 1.550791 1.753763 1.352368 1 8.894747 3.260202 6003113 13 0 8.552073 3.16371 6003113 11 1 380 91006
