1 1.20651 1.16088 1.193521 0 90.1986 1.517435 6003113 13 1 0.3474697 1.475706 6003113 13 1 43 14398
1 1.058012 1.115802 0.9930252 1 41.74748 1.01951 6002113 13 0 5.903015 1.204954 6002113 13 1 130 43626
1 1.053247 1.09991 0.9980844 0 179.434 1.214476 6003113 13 1 31.97503 2.389962 6003113 13 1 126 42171
1 0.2304392 0.07526134 0.508429 0 15.80595 2.27967 6002113 13 0 9.225876 1.122322 6002113 13 1 128 42976
1 1.106427 1.150534 1.053346 0 70.43534 1.452098 6003113 13 1 82.13535 1.835405 6003113 13 1 284 95479
1 1.314649 1.46568 1.173482 0 0.9371249 2.113111 6002113 13 1 36.94395 1.051365 6002113 13 1 268 90017
1 1.083255 0.8452013 1.220206 0 35.07119 3.548139 6002113 13 0 21.82108 7.182188 6002113 13 1 55 18322
1 1.057513 1.112379 0.9951048 0 2.158351 1.387414 6002113 13 1 22.04765 1.023247 6002113 13 1 55 18527
1 0.4445066 0.7265916 0.2710897 0 15.69621 1.898891 6003113 13 1 25.7502 1.245682 6003113 13 1 95 31805
1 1.050919 0.8056091 1.198818 0 23.37376 1.633366 6002113 13 1 32.82901 1.009406 6002113 13 1 161 54189
1 0.8339615 0.5241884 1.101491 0 40.04356 17.50954 6003113 13 0 69.854 1.066949 6003113 13 1 163 54924
1 0.2539062 0.08544197 0.5475258 0 79.67035 1.271311 6003113 13 0 11.55966 2.207447 6003113 13 1 233 78342
1 0.2208223 0.06788179 0.510611 0 41.67001 1.935722 6003113 13 1 78.05348 2.459012 6003113 13 1 18 5871
1 1.137649 1.170432 1.099925 0 284.6967 1.272969 6003113 13 1 42.13511 1.878555 6003113 13 1 142 47824
1 1.059052 1.139164 0.9715886 1 25.32772 1.951418 6003113 13 1 89.79872 1.193595 6003113 13 1 158 52974
1 1.152501 1.258655 1.04415 1 16.66673 2.278901 6002113 13 0 5.966507 2.557512 6002113 13 1 69 23123
1 0.01649731 0.002495913 0.08064243 0 34.42189 2.730839 6003113 13 0 30.67545 3.154164 6003113 13 1 56 18849
1 1.123647 1.241142 1.010512 0 25.34083 3.028152 6003113 13 0 54.35626 1.108086 6003113 13 1 136 45679
1 1.033406 1.101364 0.958024 1 27.0937 1.747869 6003113 13 1 88.5181 2.023309 6003113 13 1 280 94028
1 0.665028 0.3662483 0.9755856 0 106.2759 1.304149 6003113 13 0 61.6937 2.243794 6003113 13 1 259 87175
1 1.566869 2.206142 1.088645 0 13.0816 2.614823 6002113 13 1 45.06002 2.267512 6002113 13 1 274 92206
1 1.10316 1.145079 1.05266 1 39.29292 2.251281 6002113 13 0 2.000813 1.382891 6002113 13 1 140 46955
