1 1.126364 0.9389989 1.211138 1 55.0978 1.138104 6003113 13 0 3.46599 10.00627 6003113 13 1 92 22063
1 1.033406 1.101364 0.958024 0 11.37818 3.400889 6003113 13 1 68.8453 1.049763 6003113 13 1 213 51035
1 1.126364 0.9389989 1.211138 1 91.64655 1.03965 6003113 13 0 191.1948 1.475024 6003113 13 1 213 51116
1 1.033406 1.101364 0.958024 1 19.13963 1.027694 6002113 13 1 37.91908 1.041687 6002113 13 1 221 52955
1 1.033406 1.101364 0.958024 1 19.13963 1.027694 6002113 13 1 37.91908 1.041687 6002113 13 1 221 52955
1 1.49586 1.706142 1.278772 1 40.73949 1.033082 6002113 13 1 1.060031 1.036064 6002113 13 1 198 47388
1 1.179161 1.206147 1.144075 0 113.4902 4.626659 6003113 13 1 83.04653 1.106522 6003113 13 1 201 48091
1 1.106427 1.150534 1.053346 1 32.06475 1.137477 6003113 13 1 48.40353 1.097601 6003113 13 1 204 48724
1 0.2539062 0.08544197 0.5475258 1 43.99354 1.178214 6003113 13 0 257.035 14.44134 6003113 13 1 264 63336
1 1.099696 0.9023142 1.195627 0 65.94678 1.087231 6003113 13 1 46.07576 2.050794 6003113 13 1 282 67466
1 1.058012 1.115802 0.9930252 1 25.24252 1.29489 6003113 13 1 6.511743 1.091171 6003113 13 1 282 67468
1 1.183608 1.169262 1.159476 1 2.425578 1.040478 6002113 13 1 8.715552 2.947255 6002113 13 1 283 67701
1 0.789787 0.4650854 1.097808 1 16.24282 2.68178 6002113 13 0 10.10457 1.060608 6002113 13 1 283 67809
1 1.194803 1.137859 1.187115 1 30.69055 1.739163 6003113 13 0 4.28095 5.748118 6003113 13 1 395 94627
1 1.314649 1.46568 1.173482 1 38.71894 1.0553 6002113 13 0 17.78741 1.077323 6002113 13 1 401 96083
1 1.143675 1.253919 1.033471 1 53.81995 1.201185 6003113 13 1 56.53066 1.232694 6003113 13 1 417 99921
1 1.143675 1.253919 1.033471 1 53.81995 1.201185 6003113 13 1 56.53066 1.232694 6003113 13 1 417 99921
1 1.225386 1.141194 1.230719 1 18.46426 1.154405 6003113 13 1 95.5265 1.073389 6003113 13 1 417 99987
1 1.056557 1.108524 0.9965968 0 208.1216 1.046754 6003113 13 1 86.1074 1.140985 6003113 13 1 1 66
1 1.033406 1.101364 0.958024 1 21.00732 1.157779 6003113 13 1 89.20193 1.144326 6003113 13 1 1 178
1 1.282494 1.437562 1.137462 1 28.4364 1.110463 6002113 13 1 1.904847 1.048339 6002113 13 1 4 764
1 1.526225 2.04983 1.080738 0 2.726393 3.070088 6003113 13 1 56.0486 1.054888 6003113 13 1 136 32591
1 0.7934737 0.4881172 1.065644 1 42.11066 1.297335 6003113 13 1 10.2997 1.137581 6003113 13 1 138 33048
1 1.157728 1.196465 1.111764 1 32.276 1.208832 6003113 13 0 139.4104 1.035079 6003113 13 1 138 33065
1 1.048997 1.136673 0.9559695 0 344.0614 1.108823 6003113 13 1 24.5262 1.161879 6003113 13 1 310 74216
1 1.031225 1.102163 0.9526981 1 23.47038 1.136312 6003113 13 1 35.71951 1.215101 6003113 13 1 310 74220
1 1.225386 1.141194 1.230719 1 70.8765 2.693979 6003113 13 1 40.96789 1.998553 6003113 13 1 310 74385
1 1.282494 1.437562 1.137462 1 50.96505 3.00414 6003113 13 0 195.0311 2.187351 6003113 13 1 319 76373
1 1.812285 2.096335 1.505211 1 46.3579 2.178736 6003113 13 1 62.05509 1.100689 6003113 13 1 329 78888
1 1.058012 1.115802 0.9930252 1 32.41345 1.496716 6002113 13 1 2.536288 2.235564 6002113 13 1 329 78918
1 1.26516 1.422013 1.117256 1 34.28931 1.085616 6003113 13 0 147.5483 3.94784 6003113 13 1 329 78951
1 1.059052 1.139164 0.9715886 0 28.19907 1.113893 6003113 13 1 24.71316 1.341756 6003113 13 1 346 82822
1 1.575265 1.775696 1.383444 0 32.45827 3.398742 6003113 13 1 47.39167 1.081311 6003113 13 1 346 83029
1 1.058012 1.115802 0.9930252 0 129.7337 3.288714 6003113 13 1 29.05357 1.22092 6003113 13 1 348 83414
1 1.46424 1.680344 1.235249 0 237.049 1.317941 6003113 13 1 31.79331 1.138579 6003113 13 1 355 84990
1 1.036252 1.095703 0.9699052 1 78.44645 1.254641 6003113 13 0 70.89636 1.134761 6003113 13 1 355 85051
1 0.02402195 0.003812468 0.1069883 1 43.25547 1.180042 6003113 13 0 51.06563 1.50519 6003113 13 1 356 85302
1 1.03119 1.524041 0.7057037 1 84.93153 1.037196 6003113 13 0 23.74083 1.681874 6003113 13 1 379 90762
1 1.036252 1.095703 0.9699052 1 55.63953 2.547147 6003113 13 1 97.53777 1.061923 6003113 13 1 388 92912
1 0.3920611 0.7237228 0.2037318 1 8.420458 1.164852 6002113 13 0 8.87105 1.085356 6002113 13 1 266 63712
1 1.199428 1.046014 1.251733 1 51.08896 1.208738 6003113 13 1 45.11784 1.24186 6003113 13 1 277 66288
1 1.164201 1.711426 0.8059074 1 52.08495 1.045302 6003113 13 1 14.9101 2.644249 6003113 13 1 281 67292
1 0.665028 0.3662483 0.9755856 1 71.89045 1.284832 6003113 13 0 139.9819 7.039083 6003113 13 1 320 76594
1 0.7268606 1.122648 0.4611204 1 49.5984 1.046389 6003113 13 1 67.51192 1.465552 6003113 13 1 263 63080
1 1.031225 1.102163 0.9526981 1 42.10926 1.356118 6003113 13 1 23.84293 1.808288 6003113 13 1 304 72795
1 1.213336 1.227995 1.180605 0 75.91664 1.115858 6003113 13 1 83.83135 1.158669 6003113 13 1 408 97692
1 1.057513 1.112379 0.9951048 1 18.1085 1.176727 6003113 13 1 19.60624 1.508279 6003113 13 1 414 99175
1 1.174602 1.053046 1.204645 1 77.19878 2.971408 6003113 13 1 63.13582 1.061051 6003113 13 1 416 99806
1 1.031225 1.102163 0.9526981 0 99.0366 1.064106 6003113 13 1 47.60396 1.398196 6003113 13 1 50 11772
1 1.142868 1.177299 1.103399 1 38.61994 2.424907 6002113 13 0 6.471729 6.588426 6002113 13 1 50 11839
1 1.167323 1.186361 1.134647 1 39.36835 1.161985 6003113 13 0 33.19783 2.228809 6003113 13 1 51 12207
1 1.524498 1.73059 1.317664 1 20.54046 1.153956 6002113 13 1 10.24829 1.120475 6002113 13 1 72 17178
1 1.099696 0.9023142 1.195627 1 21.06844 2.050713 6002113 13 1 7.567847 1.054811 6002113 13 1 75 17985
1 0.789787 0.4650854 1.097808 1 139.4712 1.869277 6003113 13 1 11.74677 1.126353 6003113 13 1 76 18048
1 1.173319 1.196671 1.139395 1 15.0907 1.121973 6003113 13 1 108.1228 2.593403 6003113 13 1 76 18065
1 1.134034 1.248093 1.022271 1 60.76026 1.103588 6003113 13 1 67.93713 1.034726 6003113 13 1 76 18236
1 1.134034 1.248093 1.022271 1 60.76026 1.103588 6003113 13 1 67.93713 1.034726 6003113 13 1 76 18236
1 0.747205 0.4303799 1.057145 1 154.2225 1.249249 6003113 13 0 90.69678 1.709423 6003113 13 1 77 18246
1 1.866054 2.331325 1.3979 0 167.0017 1.373968 6003113 13 1 37.99571 1.030651 6003113 13 1 314 75208
1 0.277155 0.4798076 0.1597663 1 3.332089 2.564469 6003113 13 1 31.14002 1.153167 6003113 13 1 316 75621
1 1.034916 1.100018 0.9626585 1 44.06273 2.679819 6003113 13 1 38.66927 1.243469 6003113 13 1 317 76008
1 0.5380682 0.2637946 0.8676014 1 6.12346 1.061578 6002113 13 0 34.05771 1.126377 6002113 13 1 155 37185
1 0.5279956 0.2465533 0.8852676 1 77.56821 1.689326 6003113 13 0 14.1787 3.231054 6003113 13 1 254 60872
1 1.151918 0.9752633 1.225726 1 17.04223 1.341094 6003113 13 1 26.44182 1.190618 6003113 13 1 254 60887
1 1.289688 1.878288 0.892531 1 13.34122 1.430084 6002113 13 0 0.516769 1.136904 6002113 13 1 254 60895
1 1.191782 1.185832 1.16486 1 8.089564 1.06345 6002113 13 1 19.59608 1.193474 6002113 13 1 274 65660
1 1.191782 1.185832 1.16486 1 8.089564 1.06345 6002113 13 1 19.59608 1.193474 6002113 13 1 274 65660
1 1.056557 1.108524 0.9965968 1 73.79425 1.335935 6003113 13 0 108.4828 1.171512 6003113 13 1 274 65749
1 1.109295 1.155893 1.053631 1 26.38681 1.057595 6003113 13 1 21.88143 1.124211 6003113 13 1 275 65811
1 1.174602 1.053046 1.204645 1 37.71189 1.095081 6002113 13 1 13.42927 1.035837 6002113 13 1 275 65823
1 1.137649 1.170432 1.099925 1 61.37309 1.845675 6003113 13 1 23.61485 1.043355 6003113 13 1 275 65924
1 1.058012 1.115802 0.9930252 1 83.99154 1.351437 6003113 13 1 36.81105 1.320207 6003113 13 1 275 65927
1 1.083255 0.8452013 1.220206 1 27.69382 2.574665 6003113 13 0 17.64098 3.668107 6003113 13 1 279 66859
1 1.109295 1.155893 1.053631 1 43.91117 1.345587 6003113 13 1 35.13392 1.914721 6003113 13 1 279 66909
1 1.190567 1.223018 1.152597 1 41.38842 1.267832 6003113 13 1 63.25137 1.079198 6003113 13 1 279 66941
1 1.227292 1.202911 1.205555 0 282.548 1.036343 6003113 13 1 22.67916 1.561501 6003113 13 1 66 15675
1 0.4903168 0.2233237 0.8385035 1 50.33183 1.161815 6003113 13 1 18.15158 1.111747 6003113 13 1 78 18486
1 1.031225 1.102163 0.9526981 1 8.803041 1.036399 6002113 13 1 7.134441 1.242635 6002113 13 1 78 18568
1 0.789787 0.4650854 1.097808 1 27.41724 1.291724 6003113 13 0 116.0763 1.33148 6003113 13 1 88 20894
1 1.314649 1.46568 1.173482 1 34.50419 1.357252 6003113 13 0 211.8485 1.302217 6003113 13 1 88 20908
1 1.145385 0.9245803 1.259718 1 62.26994 1.041644 6003113 13 1 23.81849 1.03423 6003113 13 1 88 21097
1 1.183608 1.169262 1.159476 1 26.25784 1.050392 6003113 13 1 35.75253 1.329666 6003113 13 1 94 22345
1 1.183608 1.169262 1.159476 1 26.25784 1.050392 6003113 13 1 35.75253 1.329666 6003113 13 1 94 22345
1 0.5762256 0.2893137 0.9113798 1 3.893505 1.446459 6003113 13 0 81.31151 1.221681 6003113 13 1 94 22523
1 1.191782 1.185832 1.16486 0 56.71472 1.231849 6003113 13 1 51.47017 1.039508 6003113 13 1 148 35442
1 1.059052 1.139164 0.9715886 1 17.04941 2.588546 6003113 13 1 55.67561 1.119247 6003113 13 1 151 36055
1 1.142868 1.177299 1.103399 0 2.162894 2.302343 6003113 13 1 55.09129 2.138614 6003113 13 1 153 36613
1 1.314649 1.46568 1.173482 1 27.15143 1.05966 6002113 13 1 20.25174 1.968256 6002113 13 1 158 37733
1 1.031225 1.102163 0.9526981 0 132.5741 1.15867 6003113 13 1 24.14983 1.216243 6003113 13 1 297 71087
1 1.145385 0.9245803 1.259718 0 14.04355 4.842283 6002113 13 1 14.06042 2.527591 6002113 13 1 380 91037
1 1.199401 1.201198 1.170168 1 43.28711 1.087031 6003113 13 0 142.4178 4.740309 6003113 13 1 384 91956
1 1.048997 1.136673 0.9559695 1 9.964714 1.067637 6002113 13 1 14.17662 2.883129 6002113 13 1 394 94439
1 1.209625 1.112975 1.222657 1 28.06587 2.189284 6003113 13 1 102.8554 1.04985 6003113 13 1 403 96636
1 0.665028 0.3662483 0.9755856 1 15.48425 3.575305 6002113 13 0 16.31382 1.872474 6002113 13 1 393 94131
1 1.182032 1.113501 1.180358 0 169.0474 1.937925 6003113 13 1 33.46284 1.755602 6003113 13 1 393 94181
1 1.26516 1.422013 1.117256 1 97.36647 1.242548 6003113 13 1 20.20123 1.048432 6003113 13 1 409 98024
1 1.109295 1.155893 1.053631 1 100.2194 1.333355 6003113 13 1 22.46186 1.040553 6003113 13 1 409 98056
1 0.2539062 0.08544197 0.5475258 1 67.93032 1.361597 6003113 13 0 73.56651 1.045436 6003113 13 1 409 98113
1 1.050919 0.8056091 1.198818 1 2.079088 1.223067 6002113 13 1 8.072452 1.189853 6002113 13 1 409 98122
1 0.03009876 0.005032814 0.1242768 0 173.0755 1.217228 6003113 13 1 59.44242 1.059487 6003113 13 1 410 98344
1 1.058012 1.115802 0.9930252 1 85.74994 1.080578 6003113 13 1 45.96566 2.668833 6003113 13 1 234 55944
1 1.213336 1.227995 1.180605 1 25.86196 1.073949 6003113 13 0 78.53554 3.208668 6003113 13 1 326 78120
1 0.9894024 0.7036328 1.19152 0 226.7164 1.910015 6003113 13 1 31.20494 1.173337 6003113 13 1 328 78505
1 1.152501 1.258655 1.04415 1 5.605424 1.432091 6003113 13 1 21.36574 1.152983 6003113 13 1 336 80408
1 1.550791 1.753763 1.352368 1 77.67011 1.214129 6003113 13 1 73.71117 1.127364 6003113 13 1 336 80570
1 0.03472439 0.005924022 0.1396847 1 22.5165 1.191518 6003113 13 0 326.4097 1.120014 6003113 13 1 11 2429
1 1.75908 2.248522 1.290011 0 9.600451 1.413009 6002113 13 1 14.52155 1.035304 6002113 13 1 44 10332
1 1.26516 1.422013 1.117256 1 32.99358 1.080171 6003113 13 1 38.31202 1.521205 6003113 13 1 16 3812
1 1.26516 1.422013 1.117256 1 32.99358 1.080171 6003113 13 1 38.31202 1.521205 6003113 13 1 16 3812
1 1.157728 1.196465 1.111764 1 99.75768 1.877734 6003113 13 1 24.54281 1.082708 6003113 13 1 35 8235
1 0.9574994 0.6410515 1.205563 1 43.31393 1.039845 6003113 13 0 182.1252 1.064759 6003113 13 1 251 60086
1 1.329532 1.478061 1.189894 1 52.67087 2.472039 6003113 13 1 46.37173 1.013304 6003113 13 1 308 73817
1 0.009710893 0.001441682 0.05238557 1 9.215324 1.381833 6002113 13 1 10.6 3.260417 6002113 13 1 309 73957
1 0.5226254 0.8798594 0.3137767 0 223.7561 1.026017 6003113 13 1 36.12437 1.737726 6003113 13 1 309 74054
1 1.035838 1.098122 0.9666125 0 254.6702 1.719494 6003113 13 1 21.1214 1.072721 6003113 13 1 311 74420
1 1.055133 1.104334 0.9975671 0 45.80897 3.413002 6003113 13 1 33.86202 1.445397 6003113 13 1 311 74492
1 1.026751 0.7444853 1.219196 1 1.500763 1.943822 6003113 13 1 28.16951 1.090212 6003113 13 1 311 74599
1 1.147959 1.183877 1.106546 1 110.26 1.089013 6003113 13 0 7.033163 3.938356 6003113 13 1 311 74617
1 1.209625 1.112975 1.222657 1 79.99976 1.238046 6003113 13 1 23.96201 2.131033 6003113 13 1 311 74620
1 1.10316 1.145079 1.05266 0 107.6453 1.037693 6003113 13 1 89.03611 1.998298 6003113 13 1 181 43316
1 1.206555 1.21522 1.17542 1 1.982249 1.476443 6002113 13 1 19.04168 1.036268 6002113 13 1 181 43373
1 1.109295 1.155893 1.053631 0 241.4353 1.613974 6003113 13 1 28.11171 1.131589 6003113 13 1 184 43941
1 0.5380682 0.2637946 0.8676014 1 29.69995 1.126688 6002113 13 1 0.7358019 1.246731 6002113 13 1 187 44707
1 0.8332192 0.5015442 1.138243 1 18.4136 2.15401 6002113 13 0 5.182082 6.19942 6002113 13 1 187 44753
1 1.227292 1.202911 1.205555 0 1.00663 1.376463 6003113 13 1 92.62076 1.038381 6003113 13 1 290 69557
1 0.4544891 0.2018274 0.792879 1 19.46137 2.897815 6003113 13 1 56.17952 1.063492 6003113 13 1 292 70054
1 1.151918 0.9752633 1.225726 0 91.95433 1.310858 6003113 13 1 28.52828 1.050608 6003113 13 1 296 71014
1 1.199428 1.046014 1.251733 1 2.882375 1.485363 6002113 13 1 22.16542 1.145266 6002113 13 1 300 71810
1 0.5226254 0.8798594 0.3137767 1 9.730039 1.074881 6002113 13 1 24.44723 1.192368 6002113 13 1 300 71863
1 1.026751 0.7444853 1.219196 1 40.83046 2.133525 6003113 13 1 113.1613 1.099916 6003113 13 1 98 23435
1 1.20651 1.16088 1.193521 0 12.83738 3.26475 6003113 13 1 187.5082 2.108959 6003113 13 1 180 43073
1 0.1793033 0.05184105 0.4351809 1 106.8223 2.864147 6003113 13 1 37.529 1.088668 6003113 13 1 180 43179
1 1.761918 2.058838 1.43754 1 3.284564 1.140387 6003113 13 1 34.40956 1.42598 6003113 13 1 123 29434
1 1.199401 1.201198 1.170168 1 18.56156 1.876881 6002113 13 1 3.283572 1.137218 6002113 13 1 126 30048
1 1.142868 1.177299 1.103399 1 12.40633 1.316251 6002113 13 1 13.64872 1.207812 6002113 13 1 249 59589
1 1.147959 1.183877 1.106546 0 53.81707 1.204965 6003113 13 1 54.61358 1.190327 6003113 13 1 224 53638
1 1.126364 0.9389989 1.211138 1 77.99864 1.742172 6003113 13 0 70.23392 1.04849 6003113 13 1 232 55572
1 1.126364 0.9389989 1.211138 1 77.99864 1.742172 6003113 13 0 70.23392 1.04849 6003113 13 1 232 55572
1 0.4903168 0.2233237 0.8385035 1 53.18053 2.084966 6002113 13 1 5.947942 1.840006 6002113 13 1 232 55665
1 0.7242169 1.085561 0.4754195 0 132.2547 3.323893 6003113 13 1 64.14379 1.165665 6003113 13 1 21 4963
1 1.206555 1.21522 1.17542 1 34.71419 2.274285 6003113 13 0 17.64726 1.322315 6003113 13 1 239 57153
1 0.9138955 0.6245104 1.1333 1 44.98934 1.066491 6003113 13 1 7.789871 2.699987 6003113 13 1 241 57728
1 1.56971 1.920896 1.202337 1 25.12998 1.045371 6003113 13 0 300.5508 1.274306 6003113 13 1 258 61898
1 1.059052 1.139164 0.9715886 0 406.4044 4.547691 6003113 13 1 22.84776 1.014773 6003113 13 1 259 62015
1 1.645109 2.1548 1.183545 1 26.6311 1.123276 6002113 13 1 0.9899109 2.710058 6002113 13 1 259 62068
1 1.15499 1.021547 1.194574 0 408.1248 1.617088 6003113 13 1 35.17336 1.111222 6003113 13 1 259 62118
1 0.9219857 1.364073 0.6240806 1 62.10081 1.307871 6003113 13 0 139.055 3.01856 6003113 13 1 333 79752
1 1.034916 1.100018 0.9626585 0 216.2259 1.071542 6003113 13 1 31.66847 2.060403 6003113 13 1 344 82553
1 0.4205023 0.1819855 0.7484848 1 37.07251 1.622466 6002113 13 1 11.66781 1.074202 6002113 13 1 345 82698
1 1.190567 1.223018 1.152597 1 53.99066 1.309057 6003113 13 1 21.94551 1.069755 6003113 13 1 364 87160
1 1.190567 1.223018 1.152597 1 53.99066 1.309057 6003113 13 1 21.94551 1.069755 6003113 13 1 364 87160
1 0.5380682 0.2637946 0.8676014 1 9.416094 1.499622 6002113 13 1 11.04095 1.140167 6002113 13 1 365 87548
1 1.063672 0.7860307 1.245813 1 18.42201 1.060081 6002113 13 0 1.412625 5.376174 6002113 13 1 343 82181
1 1.149237 1.698801 0.7921503 1 19.09212 2.162017 6003113 13 0 42.14471 4.060469 6003113 13 1 41 9706
1 1.182032 1.113501 1.180358 1 35.31414 2.031194 6003113 13 1 119.4836 1.084796 6003113 13 1 49 11539
1 0.5380682 0.2637946 0.8676014 1 60.56729 1.017937 6002113 13 1 1.295993 1.369015 6002113 13 1 49 11556
1 0.8339615 0.5241884 1.101491 1 0.6207873 3.144845 6002113 13 1 39.48643 1.055117 6002113 13 1 49 11587
1 1.298986 1.452146 1.156092 0 119.5652 2.028252 6003113 13 1 84.59938 1.066771 6003113 13 1 49 11667
1 1.034916 1.100018 0.9626585 1 17.68322 1.306722 6003113 13 1 10.39123 1.054201 6003113 13 1 74 17622
1 1.056557 1.108524 0.9965968 1 30.76381 1.158925 6003113 13 0 470.2172 1.080938 6003113 13 1 174 41727
1 1.75908 2.248522 1.290011 1 13.3583 1.363033 6002113 13 1 0.04796934 1.129724 6002113 13 1 176 42072
1 0.789787 0.4650854 1.097808 1 80.92278 1.28099 6003113 13 1 93.54227 2.766096 6003113 13 1 179 42804
1 1.143675 1.253919 1.033471 1 14.47317 2.74164 6003113 13 1 38.07804 1.210009 6003113 13 1 177 42439
1 1.761918 2.058838 1.43754 1 12.08868 1.689151 6002113 13 0 11.98967 3.604009 6002113 13 1 188 44955
1 0.4205023 0.1819855 0.7484848 1 36.24765 2.022107 6003113 13 0 16.54812 2.735249 6003113 13 1 188 45015
1 0.4205023 0.1819855 0.7484848 1 28.05189 1.749982 6003113 13 1 17.08972 1.144661 6003113 13 1 193 46131
1 1.109295 1.155893 1.053631 1 63.1979 1.114503 6003113 13 1 42.72877 1.044139 6003113 13 1 205 49013
1 1.20651 1.16088 1.193521 1 36.77371 1.987881 6002113 13 1 3.564132 1.054876 6002113 13 1 263 62965
1 1.106427 1.150534 1.053346 1 11.61997 1.05707 6002113 13 1 0.2172071 1.27502 6002113 13 1 230 55105
1 0.9138955 0.6245104 1.1333 1 68.29801 1.219624 6003113 13 0 263.9308 3.189152 6003113 13 1 245 58799
1 1.152501 1.258655 1.04415 1 7.443198 2.208724 6003113 13 1 89.4398 1.058522 6003113 13 1 252 60304
1 0.001480656 0.0002940148 0.00851074 1 46.07291 1.056832 6003113 13 1 99.5665 1.058581 6003113 13 1 253 60665
1 0.0400028 0.006971349 0.1567229 1 46.70468 1.404737 6003113 13 1 83.44224 1.047538 6003113 13 1 276 66063
1 0.0400028 0.006971349 0.1567229 1 46.70468 1.404737 6003113 13 1 83.44224 1.047538 6003113 13 1 276 66063
1 0.6342273 1.05356 0.3835326 1 28.09105 1.308551 6002113 13 1 26.94331 1.046297 6002113 13 1 280 67069
1 0.7934737 0.4881172 1.065644 1 111.6116 1.10229 6003113 13 1 31.16073 1.249173 6003113 13 1 288 68917
1 1.055133 1.104334 0.9975671 1 110.0299 3.274103 6003113 13 1 30.28646 1.104661 6003113 13 1 293 70100
1 1.550791 1.753763 1.352368 1 79.92804 3.096697 6003113 13 1 38.96093 1.914456 6003113 13 1 301 72205
1 1.217313 1.182622 1.199648 1 0.9659903 1.050073 6002113 13 1 41.68661 1.16119 6002113 13 1 306 73413
1 1.057513 1.112379 0.9951048 0 255.4086 1.435981 6003113 13 1 60.53896 1.830157 6003113 13 1 22 5115
1 0.4445066 0.7265916 0.2710897 0 14.52094 1.530783 6003113 13 1 38.67192 1.884872 6003113 13 1 22 5215
1 1.048836 1.548763 0.7254791 1 18.2329 1.895056 6002113 13 0 9.506921 1.87644 6002113 13 1 86 20401
1 1.227292 1.202911 1.205555 1 19.49566 2.250196 6003113 13 0 158.5638 1.051717 6003113 13 1 86 20475
1 1.123647 1.241142 1.010512 1 13.99692 1.202882 6003113 13 1 80.19656 2.395844 6003113 13 1 86 20512
1 1.524498 1.73059 1.317664 0 20.58581 4.41741 6002113 13 1 19.10902 1.321314 6002113 13 1 87 20853
1 1.099696 0.9023142 1.195627 1 19.06165 1.123185 6002113 13 1 0.2081949 1.05417 6002113 13 1 100 23772
1 0.3355998 0.123277 0.6770892 0 98.46165 1.317618 6003113 13 1 52.96213 1.056437 6003113 13 1 100 23799
1 1.213336 1.227995 1.180605 1 3.871819 1.110073 6002113 13 1 19.67327 1.914579 6002113 13 1 100 23843
1 0.7268606 1.122648 0.4611204 1 96.99186 2.105896 6003113 13 1 34.85251 1.312363 6003113 13 1 412 98796
1 0.9160994 0.6007248 1.171549 0 0.3732733 2.71083 6002113 13 1 40.04421 1.067764 6002113 13 1 114 27239
1 1.035838 1.098122 0.9666125 0 212.6719 1.037305 6003113 13 1 30.27177 1.388564 6003113 13 1 115 27422
1 1.866054 2.331325 1.3979 1 55.20171 1.165731 6003113 13 0 9.885053 7.033083 6003113 13 1 122 29063
1 1.151918 0.9752633 1.225726 1 18.64085 2.521388 6002113 13 1 1.71031 1.248394 6002113 13 1 122 29265
1 0.4442115 0.1872741 0.8068974 1 69.5388 2.272444 6003113 13 1 61.39592 1.266666 6003113 13 1 124 29605
1 1.034916 1.100018 0.9626585 1 27.61322 1.214567 6003113 13 1 78.72208 1.077773 6003113 13 1 139 33309
1 1.036252 1.095703 0.9699052 1 24.29007 1.084026 6003113 13 0 66.0752 3.586111 6003113 13 1 140 33380
1 1.179161 1.206147 1.144075 1 16.70456 2.18579 6003113 13 1 11.48757 1.577845 6003113 13 1 144 34448
1 1.179161 1.206147 1.144075 1 8.538168 1.27076 6002113 13 1 32.1851 1.222054 6002113 13 1 144 34505
1 1.705086 2.017803 1.363962 1 94.43359 1.773654 6003113 13 1 39.03061 1.225075 6003113 13 1 150 35804
1 1.057513 1.112379 0.9951048 0 51.83361 3.23226 6003113 13 1 110.3159 1.119557 6003113 13 1 363 87017
1 1.46424 1.680344 1.235249 0 41.78505 2.146189 6003113 13 1 20.44324 1.103199 6003113 13 1 77 18470
1 1.062846 1.139449 0.9784784 0 354.6353 1.730492 6003113 13 1 38.82965 1.084001 6003113 13 1 89 21208
1 0.4205023 0.1819855 0.7484848 1 76.53562 1.036779 6003113 13 1 0.3472606 1.333685 6003113 13 1 129 30888
1 1.167323 1.186361 1.134647 0 5.553478 3.030682 6003113 13 1 57.3502 1.071565 6003113 13 1 137 32733
1 1.053247 1.09991 0.9980844 1 28.32611 1.317193 6003113 13 0 4.418425 2.699087 6003113 13 1 149 35705
1 0.2304392 0.07526134 0.508429 0 59.09105 1.105304 6003113 13 1 49.56435 2.316778 6003113 13 1 154 36747
1 1.199428 1.046014 1.251733 1 21.10267 1.057723 6002113 13 0 1.877146 1.15784 6002113 13 1 154 36872
1 1.031225 1.102163 0.9526981 1 33.51724 1.340755 6003113 13 1 9.882263 1.300701 6003113 13 1 154 36926
1 0.5762256 0.2893137 0.9113798 1 29.0336 3.729635 6003113 13 1 32.42146 1.224705 6003113 13 1 398 95338
1 0.8339615 0.5241884 1.101491 1 67.87763 1.149316 6003113 13 1 104.8681 1.176965 6003113 13 1 402 96275
1 1.206555 1.21522 1.17542 0 283.8878 1.04232 6003113 13 1 66.96867 1.846909 6003113 13 1 46 10961
1 0.07905591 0.01690496 0.2492307 1 46.12815 1.455259 6003113 13 1 82.60084 2.452896 6003113 13 1 54 12921
1 1.114777 0.884905 1.24054 1 31.34469 1.047065 6003113 13 1 92.58001 1.048741 6003113 13 1 63 14946
1 0.8339615 0.5241884 1.101491 1 21.82281 1.241657 6002113 13 1 56.33033 2.653161 6002113 13 1 63 14962
1 1.10316 1.145079 1.05266 1 85.50449 1.130135 6003113 13 1 11.16669 1.247665 6003113 13 1 63 15063
1 1.099519 1.139476 1.051563 1 37.62142 1.458814 6003113 13 1 76.73403 2.099191 6003113 13 1 63 15075
1 1.099519 1.139476 1.051563 1 37.62142 1.458814 6003113 13 1 76.73403 2.099191 6003113 13 1 63 15075
1 1.147959 1.183877 1.106546 0 4.536634 1.108671 6003113 13 1 41.07196 1.537647 6003113 13 1 96 22837
1 1.151918 0.9752633 1.225726 1 53.49636 3.131265 6003113 13 1 169.5555 1.119653 6003113 13 1 102 24309
1 1.225386 1.141194 1.230719 1 133.0927 2.115025 6003113 13 0 12.58372 4.627547 6003113 13 1 102 24339
1 1.109295 1.155893 1.053631 1 34.13635 1.171448 6003113 13 1 0.1904894 1.169091 6003113 13 1 102 24344
1 1.182032 1.113501 1.180358 1 28.43266 1.096416 6003113 13 1 22.6412 1.321125 6003113 13 1 68 16271
1 1.298986 1.452146 1.156092 0 28.23144 1.055688 6003113 13 1 34.39455 1.039313 6003113 13 1 69 16331
1 0.6235333 0.981489 0.3895437 1 44.07067 1.072227 6003113 13 0 231.6866 1.831055 6003113 13 1 191 45836
1 1.036252 1.095703 0.9699052 1 2.655595 1.170181 6002113 13 1 32.65115 1.193757 6002113 13 1 209 50046
1 1.057513 1.112379 0.9951048 1 48.95531 1.622834 6003113 13 1 9.820673 1.042903 6003113 13 1 217 51901
1 1.761918 2.058838 1.43754 0 143.294 3.989289 6003113 13 1 64.64379 1.089739 6003113 13 1 217 52040
1 1.173319 1.196671 1.139395 1 4.852873 1.073778 6002113 13 1 23.30912 1.765912 6002113 13 1 223 53362
1 0.3355998 0.123277 0.6770892 0 69.7224 2.623333 6003113 13 1 11.48045 1.147472 6003113 13 1 396 94862
1 1.036252 1.095703 0.9699052 1 5.653642 1.305708 6002113 13 0 8.974003 3.46178 6002113 13 1 396 94907
1 1.575265 1.775696 1.383444 1 33.06794 1.241768 6003113 13 0 238.8767 1.039618 6003113 13 1 397 95118
1 1.227292 1.202911 1.205555 1 83.13438 1.925986 6003113 13 0 33.63468 1.058823 6003113 13 1 405 96974
1 1.057513 1.112379 0.9951048 1 79.73173 1.03711 6003113 13 0 31.86488 1.995656 6003113 13 1 411 98441
1 1.134034 1.248093 1.022271 1 84.80407 1.04242 6003113 13 1 4.157667 1.515371 6003113 13 1 411 98454
1 1.199428 1.046014 1.251733 1 13.55738 1.24323 6003113 13 1 22.00211 1.290046 6003113 13 1 367 88041
1 1.152501 1.258655 1.04415 0 0.4237267 1.083875 6003113 13 1 40.48859 1.597058 6003113 13 1 369 88474
1 1.034916 1.100018 0.9626585 0 17.36593 4.178914 6003113 13 1 30.39141 1.093609 6003113 13 1 32 7529
1 0.1214868 0.03012302 0.3349064 1 28.58565 1.252446 6002113 13 1 11.04715 1.131571 6002113 13 1 43 10193
1 1.75908 2.248522 1.290011 0 157.2397 1.06854 6003113 13 1 39.88493 1.181317 6003113 13 1 56 13331
1 1.123647 1.241142 1.010512 1 4.465192 1.278046 6003113 13 1 69.68267 1.432501 6003113 13 1 79 18723
1 0.5380682 0.2637946 0.8676014 0 0.8264371 1.049243 6002113 13 1 12.31829 1.139863 6002113 13 1 79 18793
1 1.173319 1.196671 1.139395 1 28.78676 1.094637 6003113 13 0 528.7402 1.49783 6003113 13 1 79 18809
1 1.192805 1.083559 1.213989 1 52.99738 2.177385 6003113 13 1 63.02428 1.035592 6003113 13 1 79 18944
1 1.167323 1.186361 1.134647 0 110.0803 1.721215 6003113 13 1 97.57107 1.046331 6003113 13 1 125 29764
1 0.4544891 0.2018274 0.792879 1 33.7874 2.709308 6003113 13 1 91.25732 1.517755 6003113 13 1 125 29813
1 0.1991887 0.05938704 0.4717879 1 46.44188 1.356268 6003113 13 1 60.85824 1.418528 6003113 13 1 125 29829
1 1.142868 1.177299 1.103399 1 60.69881 1.450081 6003113 13 0 10.09234 1.667262 6003113 13 1 125 29836
1 1.761918 2.058838 1.43754 1 11.45532 2.330867 6003113 13 1 45.69939 1.252637 6003113 13 1 128 30571
1 1.217313 1.182622 1.199648 1 97.72913 1.041443 6003113 13 0 364.0972 1.352688 6003113 13 1 335 80179
1 0.4544891 0.2018274 0.792879 1 25.93036 2.308994 6002113 13 1 15.54024 1.407424 6002113 13 1 352 84431
1 1.812285 2.096335 1.505211 1 53.82925 1.134748 6003113 13 1 5.696042 1.20427 6003113 13 1 353 84526
1 0.9517445 0.6636014 1.162862 1 30.58084 1.104093 6003113 13 1 38.39272 1.179455 6003113 13 1 354 84954
1 1.866054 2.331325 1.3979 1 18.4311 1.726938 6003113 13 0 27.44345 1.625542 6003113 13 1 357 85457
1 0.2792014 0.09677438 0.588659 1 35.29102 1.075819 6003113 13 0 10.58114 1.860699 6003113 13 1 18 4157
1 1.194803 1.137859 1.187115 1 67.31171 1.098472 6003113 13 1 60.10295 1.212366 6003113 13 1 18 4218
1 1.645109 2.1548 1.183545 1 29.65106 1.260103 6002113 13 1 5.640851 1.088004 6002113 13 1 58 13895
1 0.747205 0.4303799 1.057145 1 40.43083 1.690947 6003113 13 1 28.35737 1.116076 6003113 13 1 64 15243
1 0.003497112 0.0005740048 0.02103336 1 0.4028962 1.787991 6002113 13 1 20.81809 1.059362 6002113 13 1 131 31249
1 1.191782 1.185832 1.16486 1 9.585925 3.021473 6003113 13 1 22.29929 1.54586 6003113 13 1 131 31437
1 1.152501 1.258655 1.04415 1 46.21055 1.36965 6003113 13 0 179.1788 1.786772 6003113 13 1 80 19013
1 1.192805 1.083559 1.213989 0 20.17075 2.789768 6003113 13 1 12.84424 1.094908 6003113 13 1 80 19150
1 1.194803 1.137859 1.187115 1 15.72643 1.688165 6002113 13 1 14.36386 1.044233 6002113 13 1 81 19388
1 0.4445066 0.7265916 0.2710897 0 188.0296 1.037706 6003113 13 1 55.72019 1.032061 6003113 13 1 84 20068
1 1.206555 1.21522 1.17542 1 28.95082 2.562084 6003113 13 1 89.39131 1.070201 6003113 13 1 117 27924
1 1.083255 0.8452013 1.220206 1 7.070452 1.102208 6002113 13 1 5.267985 2.505414 6002113 13 1 117 28010
1 1.575265 1.775696 1.383444 1 68.89839 1.037559 6003113 13 1 52.78815 1.041246 6003113 13 1 117 28027
1 1.033406 1.101364 0.958024 1 26.8719 2.191524 6003113 13 1 37.40913 1.081925 6003113 13 1 119 28369
1 1.812285 2.096335 1.505211 1 77.41981 1.084086 6003113 13 0 238.7035 1.231026 6003113 13 1 107 25555
1 1.083255 0.8452013 1.220206 0 78.02509 1.736986 6003113 13 1 20.38184 1.120842 6003113 13 1 116 27649
1 1.173319 1.196671 1.139395 1 35.66633 1.296016 6003113 13 1 84.77298 1.141047 6003113 13 1 322 77277
1 1.143675 1.253919 1.033471 1 8.920398 1.620652 6002113 13 1 34.56631 2.04485 6002113 13 1 323 77287
1 1.036252 1.095703 0.9699052 1 43.904 1.029486 6003113 13 1 77.60373 1.129984 6003113 13 1 323 77348
1 1.062846 1.139449 0.9784784 1 21.69518 1.068571 6003113 13 0 76.55233 2.682387 6003113 13 1 390 93596
1 1.152971 1.190243 1.109341 1 59.02872 1.141614 6003113 13 0 144.0603 1.472806 6003113 13 1 392 93847
1 1.227292 1.202911 1.205555 1 36.82981 1.021915 6003113 13 0 27.29011 3.153754 6003113 13 1 392 93893
1 1.329532 1.478061 1.189894 1 85.68653 1.074991 6003113 13 1 37.42098 1.620391 6003113 13 1 392 93919
1 1.058012 1.115802 0.9930252 1 45.59883 1.025548 6003113 13 1 55.8675 1.089152 6003113 13 1 392 94039
1 0.04323696 0.007888732 0.160549 0 39.15217 17.078 6003113 13 1 88.3359 2.653687 6003113 13 1 392 94073
1 1.134034 1.248093 1.022271 0 168.6636 1.471945 6003113 13 0 51.88587 1.048807 6003113 13 1 40 9391
1 1.0427 1.134261 0.9473373 1 44.43642 1.066998 6003113 13 0 96.7786 2.761299 6003113 13 1 48 11495
1 0.9138955 0.6245104 1.1333 1 96.64492 1.092765 6003113 13 0 68.53543 3.929355 6003113 13 1 166 39618
1 0.01649731 0.002495913 0.08064243 0 44.40734 1.285608 6003113 13 1 30.67247 1.088652 6003113 13 1 169 40537
1 1.10316 1.145079 1.05266 1 74.30763 1.243665 6003113 13 0 75.95558 4.889295 6003113 13 1 415 99427
1 1.058012 1.115802 0.9930252 1 80.24174 2.347405 6003113 13 1 144.0984 1.723262 6003113 13 1 200 47976
1 1.031225 1.102163 0.9526981 1 84.85528 1.042897 6003113 13 1 64.96181 1.244742 6003113 13 1 216 51674
1 0.747205 0.4303799 1.057145 1 19.28559 1.245221 6003113 13 1 53.81612 1.117959 6003113 13 1 216 51830
1 0.747205 0.4303799 1.057145 1 19.28559 1.245221 6003113 13 1 53.81612 1.117959 6003113 13 1 216 51830
1 0.06958118 0.01446482 0.2254303 0 0.9751263 3.346859 6002113 13 1 8.648737 1.540028 6002113 13 1 218 52116
1 1.191782 1.185832 1.16486 0 42.23389 4.705124 6003113 13 1 64.21204 1.517668 6003113 13 1 226 54062
1 0.5279956 0.2465533 0.8852676 0 2.225156 3.276142 6003113 13 1 65.60033 2.334342 6003113 13 1 189 45143
1 1.176288 1.010978 1.239274 1 106.1492 1.888745 6003113 13 1 18.69774 1.990841 6003113 13 1 189 45318
1 1.405111 1.934095 0.9833891 1 41.10334 2.177049 6003113 13 1 9.460562 1.098054 6003113 13 1 194 46466
1 1.866054 2.331325 1.3979 1 31.51971 2.959904 6002113 13 1 26.70025 1.598422 6002113 13 1 195 46785
1 0.5226254 0.8798594 0.3137767 0 59.76822 3.524782 6002113 13 1 8.651846 1.113983 6002113 13 1 236 56562
1 0.4205023 0.1819855 0.7484848 0 3.800194 9.161069 6002113 13 1 17.96397 1.101157 6002113 13 1 238 57023
