1 0.5292084 0.8493549 0.3262614 1 52.94846 1.448013 6002113 13 1 32.79528 1.662653 6002113 13 1 150 35953
1 0.5179346 0.9281273 0.2807825 1 10.36843 1.522305 6002113 13 1 17.87772 1.435158 6002113 13 1 150 35976
1 1.157728 1.196465 1.111764 1 67.07053 1.502552 6002113 13 1 26.25628 1.348735 6002113 13 1 206 49256
1 1.054444 1.13827 0.9640688 1 78.43645 1.731201 6003113 13 1 62.46976 2.371041 6003113 13 1 228 54661
1 0.5762256 0.2893137 0.9113798 1 154.3656 2.082279 6003113 13 0 85.64565 5.616648 6003113 13 1 146 34929
1 1.134034 1.248093 1.022271 1 103.8811 1.543815 6002113 13 1 27.76675 1.447039 6002113 13 1 178 42707
1 1.143675 1.253919 1.033471 1 55.59927 1.788226 6002113 13 1 24.41692 1.576116 6002113 13 1 416 99664
1 1.123647 1.241142 1.010512 1 115.007 2.19279 6003113 13 1 584.4095 1.705174 6003113 13 1 47 11106
1 0.5762256 0.2893137 0.9113798 1 86.57733 1.810766 6002113 13 1 41.79154 1.785584 6002113 13 1 248 59282
1 1.199428 1.046014 1.251733 1 27.13263 1.826791 6002113 13 1 53.74289 1.626807 6002113 13 1 401 96188
1 1.329532 1.478061 1.189894 1 57.26742 2.164896 6002113 13 1 66.32326 3.852187 6002113 13 1 51 12158
1 1.199428 1.046014 1.251733 1 1.722808 5.48374 6002113 13 1 28.84669 7.680209 6002113 13 1 399 95668
1 1.49586 1.706142 1.278772 0 45.17797 2.590473 6002113 13 1 66.90826 1.731998 6002113 13 1 321 76882
1 1.20651 1.16088 1.193521 1 62.14873 1.411069 6002113 13 1 54.35436 1.511827 6002113 13 1 26 6102
1 1.75908 2.248522 1.290011 0 36.47775 3.42091 6003113 13 1 61.41504 2.035073 6003113 13 1 251 60170
1 1.056557 1.108524 0.9965968 1 82.23832 1.958432 6002113 13 1 11.05612 2.091817 6002113 13 1 393 94155
1 1.314649 1.46568 1.173482 1 37.56783 2.337454 6002113 13 1 13.21588 1.776234 6002113 13 1 62 14681
1 1.050919 0.8056091 1.198818 1 19.17223 1.818743 6002113 13 1 31.6386 1.664805 6002113 13 1 232 55560
1 1.174602 1.053046 1.204645 1 5.242336 1.641585 6002113 13 1 78.94996 2.441474 6002113 13 1 235 56245
1 0.8332192 0.5015442 1.138243 1 42.52041 1.563224 6002113 13 1 34.69325 1.734367 6002113 13 1 18 4140
1 1.143675 1.253919 1.033471 1 134.5287 1.720102 6003113 13 1 381.2704 1.537063 6003113 13 1 176 42027
1 1.314649 1.46568 1.173482 1 138.0618 1.376615 6003113 13 1 83.46332 1.59394 6003113 13 1 176 42075
1 0.4442115 0.1872741 0.8068974 1 4.37731 1.599131 6001113 13 1 0.07142685 1.70775 6001113 13 1 12 2878
1 0.6571895 0.3457574 1.000641 1 73.93043 2.10214 6002113 13 1 56.64951 1.769534 6002113 13 1 46 10896
1 0.8339615 0.5241884 1.101491 1 111.5167 1.378258 6002113 13 1 19.6657 2.066636 6002113 13 1 95 22658
1 1.705086 2.017803 1.363962 0 75.90895 1.7349 6003113 13 1 90.1231 1.479174 6003113 13 1 324 77726
1 1.182032 1.113501 1.180358 1 67.61568 1.443753 6002113 13 1 102.0921 1.724856 6002113 13 1 160 38170
