1 0.9160994 0.6007248 1.171549 0 10.71484 1.409857 1000022 11 1 15.23844 1.048888 1000022 13 1 26 5646
1 1.095596 1.133769 1.050051 1 6.961793 1.015124 1000022 13 1 12.96338 1.502995 1000022 13 1 27 5747
1 1.058012 1.115802 0.9930252 1 17.11476 1.123124 1000022 13 1 1.237316 1.568288 1000022 11 1 38 8210
1 1.134034 1.248093 1.022271 0 7.156616 2.457714 1000022 13 1 8.925794 1.198851 1000022 13 1 5 1073
1 1.036252 1.095703 0.9699052 1 17.3573 2.11994 1000022 13 1 0.8295825 1.10218 1000022 11 1 11 2283
1 0.747205 0.4303799 1.057145 1 7.039925 1.032677 1000022 13 1 1.099302 1.813591 1000022 11 1 19 4111
1 1.182032 1.113501 1.180358 1 12.78894 1.100863 1000022 13 1 11.47867 1.966366 1000022 13 1 20 4170
1 0.05673886 0.0108806 0.1995393 1 3.534263 6.571799 1000022 13 1 16.61091 1.831779 1000022 13 1 24 5167
1 1.099696 0.9023142 1.195627 1 0.2431077 2.241245 1000022 11 1 17.20448 1.729535 1000022 13 1 24 5226
1 1.812285 2.096335 1.505211 0 4.403692 5.069109 1000022 11 1 13.7997 1.018637 1000022 13 1 1 24
1 1.059052 1.139164 0.9715886 1 9.888071 1.070698 1000022 13 1 3.612525 3.621413 1000022 13 1 14 3049
1 1.26516 1.422013 1.117256 1 9.828543 3.683621 1000022 13 1 15.22936 1.039217 1000022 13 1 40 8576
1 0.4269872 0.7264097 0.2541938 1 37.86458 1.167252 1000022 13 0 10.08763 1.242811 1000022 13 1 40 8706
1 1.083255 0.8452013 1.220206 1 18.29449 1.046005 1000022 13 1 1.803098 1.210794 1000022 13 1 40 8719
