1 1.183608 1.169262 1.159476 1 9.768256 1.030607 1000022 13 0 8.490025 1.098902 1000022 13 1 25 5383
1 1.017868 0.7662661 1.176325 0 4.602442 7.921568 1000022 13 0 10.76565 2.165585 1000022 13 1 25 5414
1 0.4094664 0.1680855 0.7591912 0 12.75908 1.897511 1000022 13 0 4.164595 5.664306 1000022 13 1 25 5437
1 1.213336 1.227995 1.180605 1 5.589849 2.516737 1000022 13 1 11.24752 1.095313 1000022 13 1 25 5447
1 1.031225 1.102163 0.9526981 1 2.723489 2.319619 1000022 13 0 14.2066 5.966154 1000022 13 1 25 5467
0 1.033406 1.101364 0.958024 1 1.206512 1.308468 1000022 13 0 1.544237 1.048233 1000022 13 1 25 5475
1 1.056557 1.108524 0.9965968 1 3.061478 1.090948 1000022 13 0 11.78724 1.143897 1000022 13 1 26 5491
1 1.099696 0.9023142 1.195627 1 0.07642696 2.757455 1000022 13 1 3.319504 2.271899 1000022 13 1 26 5525
1 1.114777 0.884905 1.24054 1 0.7971392 1.435883 1000022 13 1 2.60655 2.252825 1000022 13 1 26 5534
1 1.147959 1.183877 1.106546 1 6.240637 1.394939 1000022 13 0 3.961753 1.872346 1000022 13 1 26 5551
1 1.15499 1.021547 1.194574 1 9.044438 1.125991 1000022 13 1 3.088333 1.467699 1000022 13 1 26 5552
1 1.641128 1.972201 1.285192 1 21.28174 1.549752 1000022 13 1 21.12013 2.318394 1000022 13 1 26 5589
1 0.7242169 1.085561 0.4754195 1 0.7430319 1.301905 1000022 13 1 4.012992 1.184846 1000022 13 1 26 5597
1 0.1991887 0.05938704 0.4717879 0 12.38255 1.161078 1000022 13 1 0.7019172 1.042264 1000022 13 1 26 5612
1 0.01217822 0.001818087 0.06209253 1 12.92951 1.377811 1000022 13 1 2.347429 1.093395 1000022 13 1 26 5633
1 1.866054 2.331325 1.3979 1 1.893302 1.517406 1000022 13 1 10.66418 1.389068 1000022 13 1 26 5644
1 1.059052 1.139164 0.9715886 1 3.616025 1.051299 1000022 13 0 17.8101 13.73615 1000022 13 1 26 5652
1 0.3064061 0.1093534 0.631845 1 4.629037 1.084109 1000022 13 1 2.016832 1.076341 1000022 13 1 26 5654
1 1.033406 1.101364 0.958024 1 4.856283 1.053335 1000022 13 1 17.86487 3.228798 1000022 13 1 26 5657
0 1.282494 1.437562 1.137462 0 2.800599 5.008425 1000022 13 0 2.10951 2.497184 1000022 13 1 26 5671
1 1.034916 1.100018 0.9626585 0 1.545651 1.099039 1000022 13 1 6.076476 1.060637 1000022 13 1 26 5677
1 0.8748782 0.5617447 1.136825 1 9.838266 1.751123 1000022 13 1 2.427106 1.244131 1000022 13 1 26 5694
1 1.083255 0.8452013 1.220206 1 1.107239 1.049488 1000022 13 1 12.66507 1.80183 1000022 13 1 27 5727
1 1.329532 1.478061 1.189894 1 4.724082 1.247104 1000022 13 1 0.5502501 3.084725 1000022 13 1 27 5730
1 1.031225 1.102163 0.9526981 1 8.442551 1.023492 1000022 13 1 4.633949 1.191913 1000022 13 1 27 5737
1 1.056557 1.108524 0.9965968 1 17.78383 1.126137 1000022 13 1 2.148932 1.85103 1000022 13 1 27 5743
0 1.035838 1.098122 0.9666125 1 0.8763764 1.196863 1000022 13 0 12.87817 2.065301 1000022 13 1 27 5759
0 1.053247 1.09991 0.9980844 1 14.19097 1.102316 1000022 13 0 2.773048 1.064332 1000022 13 1 27 5852
1 1.183608 1.169262 1.159476 1 14.2801 1.142677 1000022 13 1 25.83178 1.104808 1000022 13 1 27 5857
1 0.2539062 0.08544197 0.5475258 1 3.917191 1.058032 1000022 13 1 6.197042 1.113477 1000022 13 1 27 5860
1 1.059052 1.139164 0.9715886 1 2.083503 1.112128 1000022 13 1 2.271181 1.069167 1000022 13 1 27 5886
1 1.048997 1.136673 0.9559695 0 6.807726 1.177804 1000022 13 1 9.567764 1.880324 1000022 13 1 27 5888
1 1.705086 2.017803 1.363962 1 6.278628 1.06528 1000022 13 0 12.64097 1.020143 1000022 13 1 27 5889
1 1.46424 1.680344 1.235249 1 0.8219883 1.42159 1000022 13 0 17.84291 1.884373 1000022 13 1 27 5896
1 1.142868 1.177299 1.103399 1 5.925262 1.94836 1000022 13 1 3.911678 1.038534 1000022 13 1 27 5912
1 1.526225 2.04983 1.080738 1 1.153239 1.050615 1000022 13 0 30.15076 2.785577 1000022 13 1 28 5931
1 1.174602 1.053046 1.204645 0 1.869675 1.343522 1000022 13 1 2.593696 1.767641 1000022 13 1 28 5934
0 1.314649 1.46568 1.173482 1 23.6549 1.130805 1000022 13 1 8.014339 1.009343 1000022 13 1 28 5951
1 1.26516 1.422013 1.117256 1 0.9723712 1.832639 1000022 13 1 5.458943 1.242723 1000022 13 1 28 5971
1 1.761918 2.058838 1.43754 1 3.634421 2.947802 1000022 13 1 20.51325 1.335123 1000022 13 1 28 6062
1 1.524498 1.73059 1.317664 0 18.22923 1.221791 1000022 13 1 7.28365 1.101268 1000022 13 1 28 6081
1 0.9138955 0.6245104 1.1333 1 1.727741 2.049045 1000022 13 0 7.024271 1.102888 1000022 13 1 28 6106
0 1.112575 1.233052 0.9981722 1 2.972897 1.057472 1000022 13 0 4.32268 5.574823 1000022 13 1 29 6161
1 1.109295 1.155893 1.053631 1 2.69588 1.935323 1000022 13 1 1.671533 1.01796 1000022 13 1 29 6174
1 1.083255 0.8452013 1.220206 1 7.514363 2.828908 1000022 13 0 0.4114889 2.080966 1000022 13 1 29 6197
1 1.26516 1.422013 1.117256 0 3.007045 1.532724 1000022 13 1 4.132575 1.601959 1000022 13 1 29 6228
1 1.199401 1.201198 1.170168 1 15.04139 1.169311 1000022 13 1 7.147769 1.091934 1000022 13 1 29 6231
0 1.142868 1.177299 1.103399 1 3.453943 1.621824 1000022 13 1 9.397264 1.033352 1000022 13 1 29 6252
1 1.15499 1.021547 1.194574 0 2.895598 1.114793 1000022 13 1 13.95887 1.24653 1000022 13 1 29 6253
1 0.6571895 0.3457574 1.000641 1 5.963812 1.112515 1000022 13 1 3.193785 1.176105 1000022 13 1 29 6272
1 1.575265 1.775696 1.383444 1 5.027291 1.517601 1000022 13 1 10.7058 1.076168 1000022 13 1 29 6279
1 1.048997 1.136673 0.9559695 1 1.661459 1.497069 1000022 13 1 6.328967 1.882971 1000022 13 1 29 6290
1 1.192805 1.083559 1.213989 1 6.718103 1.591505 1000022 13 0 2.572049 4.263713 1000022 13 1 29 6313
1 1.206555 1.21522 1.17542 1 6.595303 1.280536 1000022 13 1 2.520854 1.072069 1000022 13 1 29 6324
1 1.866054 2.331325 1.3979 1 2.704521 1.153481 1000022 13 1 1.552186 1.55434 1000022 13 1 29 6325
1 1.034916 1.100018 0.9626585 1 3.305938 1.158429 1000022 13 1 2.889638 1.697996 1000022 13 1 29 6328
1 1.182032 1.113501 1.180358 0 2.546579 3.441448 1000022 13 1 6.850623 1.05477 1000022 13 1 36 7667
1 1.191782 1.185832 1.16486 1 13.64024 2.38961 1000022 13 1 2.327202 1.029676 1000022 13 1 36 7668
1 0.4544891 0.2018274 0.792879 1 1.950547 1.156798 1000022 13 1 2.364193 1.528509 1000022 13 1 36 7676
1 1.49586 1.706142 1.278772 1 5.472707 1.326471 1000022 13 1 22.8629 1.671425 1000022 13 1 36 7678
1 1.0427 1.134261 0.9473373 1 0.5168231 1.330837 1000022 13 0 1.158534 1.251786 1000022 13 1 36 7723
1 1.145385 0.9245803 1.259718 1 3.803934 1.080609 1000022 13 1 2.785353 1.191334 1000022 13 1 36 7725
1 1.143675 1.253919 1.033471 1 1.876498 2.230217 1000022 13 0 3.628574 3.388459 1000022 13 1 36 7729
1 0.0400028 0.006971349 0.1567229 1 3.792751 1.057032 1000022 13 1 17.57631 1.421317 1000022 13 1 36 7749
1 0.3355998 0.123277 0.6770892 1 2.010124 2.64244 1000022 13 1 11.07665 1.786555 1000022 13 1 36 7755
1 1.10316 1.145079 1.05266 0 9.527481 1.098799 1000022 13 1 7.477083 1.144696 1000022 13 1 36 7768
1 1.524498 1.73059 1.317664 0 3.375031 1.159112 1000022 13 0 9.796226 2.873975 1000022 13 1 36 7785
1 1.034916 1.100018 0.9626585 1 2.218452 1.994263 1000022 13 1 0.79051 3.207817 1000022 13 1 36 7795
1 0.07905591 0.01690496 0.2492307 1 0.2347044 1.52146 1000022 13 1 3.250015 1.797596 1000022 13 1 36 7815
1 1.289688 1.878288 0.892531 1 0.04706054 1.194559 1000022 13 0 3.742085 1.816334 1000022 13 1 36 7831
0 1.645109 2.1548 1.183545 1 2.981581 1.050282 1000022 13 0 3.870658 1.154948 1000022 13 1 37 7891
1 1.174602 1.053046 1.204645 0 15.48257 1.306123 1000022 13 1 1.143532 1.029562 1000022 13 1 37 7914
1 1.183608 1.169262 1.159476 0 6.078599 1.090219 1000022 13 0 13.07543 1.006643 1000022 13 1 37 7945
1 0.9138955 0.6245104 1.1333 1 1.616055 1.026351 1000022 13 0 3.383554 1.295517 1000022 13 1 37 7965
1 0.114587 0.02674881 0.3330998 0 13.36075 1.521395 1000022 13 1 5.393188 1.168952 1000022 13 1 37 7996
1 1.157728 1.196465 1.111764 1 3.087353 1.03128 1000022 13 1 8.026854 1.194114 1000022 13 1 37 8013
1 1.062846 1.139449 0.9784784 0 19.21184 2.607579 1000022 13 1 0.6819232 1.128742 1000022 13 1 37 8072
1 1.176288 1.010978 1.239274 1 2.245786 1.022763 1000022 13 1 0.287541 1.651816 1000022 13 1 38 8121
1 1.405111 1.934095 0.9833891 1 1.150457 1.510599 1000022 13 1 4.644075 1.06585 1000022 13 1 38 8155
1 1.213336 1.227995 1.180605 1 1.843955 1.054348 1000022 13 1 8.187888 1.011063 1000022 13 1 38 8170
1 1.055133 1.104334 0.9975671 1 6.41594 1.109742 1000022 13 0 4.818479 3.780554 1000022 13 1 38 8176
1 1.017868 0.7662661 1.176325 1 6.855256 1.144679 1000022 13 1 2.27051 1.755976 1000022 13 1 38 8204
1 1.183608 1.169262 1.159476 0 4.20726 1.110078 1000022 13 0 0.5887052 4.796559 1000022 13 1 38 8223
1 0.2539062 0.08544197 0.5475258 0 6.360945 1.427946 1000022 13 1 10.06057 2.657735 1000022 13 1 38 8242
1 1.42456 2.044705 0.9864829 1 9.176208 2.012937 1000022 13 0 2.140301 2.626507 1000022 13 1 38 8271
1 1.10316 1.145079 1.05266 1 8.381571 1.402468 1000022 13 1 2.798856 1.091685 1000022 13 1 38 8281
1 1.017868 0.7662661 1.176325 1 9.503163 1.805494 1000022 13 0 6.632014 5.611679 1000022 13 1 38 8282
1 1.174602 1.053046 1.204645 1 4.85935 1.157697 1000022 13 1 7.82167 1.063636 1000022 13 1 38 8284
1 1.134034 1.248093 1.022271 0 8.50356 1.024143 1000022 13 1 1.659333 1.080945 1000022 13 1 38 8286
1 1.812285 2.096335 1.505211 0 0.2614502 2.192348 1000022 13 1 0.6073303 3.00848 1000022 13 1 38 8288
1 1.062846 1.139449 0.9784784 1 4.347829 1.017602 1000022 13 1 1.545757 1.025285 1000022 13 1 38 8291
1 1.191782 1.185832 1.16486 1 3.007666 1.036755 1000022 13 0 1.40551 1.583831 1000022 13 1 38 8310
1 1.057513 1.112379 0.9951048 1 0.8114861 1.139859 1000022 13 0 12.99496 1.425078 1000022 13 1 38 8317
1 1.157728 1.196465 1.111764 0 12.99954 1.739719 1000022 13 1 18.01455 1.191181 1000022 13 1 45 9647
1 0.05673886 0.0108806 0.1995393 1 2.428481 1.158381 1000022 13 1 1.256663 1.126689 1000022 13 1 45 9661
1 1.143675 1.253919 1.033471 1 0.545498 1.50271 1000022 13 0 4.851125 1.123305 1000022 13 1 45 9690
1 1.054444 1.13827 0.9640688 0 6.243883 6.807739 1000022 13 1 9.464423 1.144744 1000022 13 1 45 9691
1 1.048997 1.136673 0.9559695 0 2.971884 1.466265 1000022 13 1 3.913193 1.151016 1000022 13 1 45 9710
1 1.191782 1.185832 1.16486 0 6.354953 1.048788 1000022 13 0 4.059588 2.952276 1000022 13 1 45 9712
1 0.4903168 0.2233237 0.8385035 1 1.51952 1.140689 1000022 13 0 7.324449 1.295478 1000022 13 1 45 9730
1 0.9138955 0.6245104 1.1333 1 7.520035 1.083594 1000022 13 0 6.074068 1.153054 1000022 13 1 45 9740
1 1.109295 1.155893 1.053631 1 1.134742 1.178949 1000022 13 1 0.189924 1.012581 1000022 13 1 45 9746
1 1.036252 1.095703 0.9699052 1 9.941903 1.118651 1000022 13 1 6.366223 1.252577 1000022 13 1 45 9775
0 1.227292 1.202911 1.205555 1 1.085909 1.135806 1000022 13 1 0.05812212 2.041071 1000022 13 1 45 9780
1 1.056557 1.108524 0.9965968 1 0.233745 2.472122 1000022 13 0 6.668043 3.855854 1000022 13 1 45 9788
1 1.217313 1.182622 1.199648 1 1.698466 1.920688 1000022 13 1 6.407807 3.367458 1000022 13 1 45 9825
1 1.057513 1.112379 0.9951048 0 9.464812 1.110075 1000022 13 1 12.80072 1.154462 1000022 13 1 45 9839
1 1.099696 0.9023142 1.195627 1 11.13539 1.309733 1000022 13 1 22.91193 1.643781 1000022 13 1 46 9860
1 1.0427 1.134261 0.9473373 0 4.592301 1.207994 1000022 13 1 11.32934 1.021456 1000022 13 1 46 9893
0 1.054444 1.13827 0.9640688 0 0.9019703 3.33849 1000022 13 0 1.821081 1.792025 1000022 13 1 46 9906
0 1.063672 0.7860307 1.245813 0 7.231503 1.080582 1000022 13 0 6.721706 1.420239 1000022 13 1 46 9921
1 1.227292 1.202911 1.205555 1 2.594225 1.199945 1000022 13 1 0.4553608 1.0772 1000022 13 1 46 9964
1 1.157728 1.196465 1.111764 1 7.028915 1.03051 1000022 13 1 9.313081 1.303434 1000022 13 1 46 9980
1 1.1849 1.214892 1.148506 1 11.75471 1.209826 1000022 13 0 5.335376 1.461594 1000022 13 1 46 9981
1 0.114587 0.02674881 0.3330998 1 10.43573 1.093177 1000022 13 1 1.263963 5.163307 1000022 13 1 46 9993
1 1.550791 1.753763 1.352368 1 4.359189 1.03885 1000022 13 1 18.54385 3.047816 1000022 13 1 42 9047
0 0.003497112 0.0005740048 0.02103336 0 2.653462 3.978501 1000022 13 1 7.467841 1.060871 1000022 13 1 42 9048
1 0.4544891 0.2018274 0.792879 1 3.125485 1.041818 1000022 13 1 4.580884 1.927561 1000022 13 1 42 9049
1 1.191782 1.185832 1.16486 1 5.991779 1.143497 1000022 13 0 12.62615 1.241873 1000022 13 1 42 9103
1 0.4205023 0.1819855 0.7484848 1 22.83348 1.058467 1000022 13 1 4.610424 1.053832 1000022 13 1 42 9105
1 0.4094664 0.1680855 0.7591912 1 5.522978 1.025611 1000022 13 0 2.419383 1.055406 1000022 13 1 42 9160
1 1.179161 1.206147 1.144075 1 3.389748 1.0378 1000022 13 0 0.6093912 1.780294 1000022 13 1 42 9183
1 0.5292084 0.8493549 0.3262614 0 8.203779 1.471405 1000022 13 0 16.09799 1.05083 1000022 13 1 42 9184
1 1.550791 1.753763 1.352368 0 3.214621 1.631015 1000022 13 1 4.093728 1.768646 1000022 13 1 43 9202
1 1.0427 1.134261 0.9473373 1 0.07825597 1.21158 1000022 13 1 0.6213844 1.707666 1000022 13 1 43 9214
1 0.3459568 0.1344595 0.6687537 1 1.376039 1.082277 1000022 13 1 3.595256 1.309648 1000022 13 1 43 9241
1 1.190567 1.223018 1.152597 0 14.31516 2.850232 1000022 13 1 2.029909 1.56509 1000022 13 1 43 9257
1 0.04601344 0.008200601 0.1755223 1 12.26801 2.381281 1000022 13 1 0.6766586 2.043684 1000022 13 1 43 9291
1 1.10316 1.145079 1.05266 1 16.7705 1.711143 1000022 13 1 1.990567 1.181012 1000022 13 1 43 9293
1 0.8332192 0.5015442 1.138243 1 21.59707 1.581202 1000022 13 1 0.5175241 2.193434 1000022 13 1 43 9295
1 1.152971 1.190243 1.109341 1 7.03716 2.001476 1000022 13 1 7.32545 1.213224 1000022 13 1 43 9331
1 1.75908 2.248522 1.290011 1 4.021164 1.232373 1000022 13 1 2.30316 1.131828 1000022 13 1 43 9342
1 0.7268606 1.122648 0.4611204 1 2.801545 1.018428 1000022 13 1 15.4945 1.048901 1000022 13 1 43 9343
1 0.5762256 0.2893137 0.9113798 0 7.505476 1.572327 1000022 13 0 0.04181986 1.423865 1000022 13 1 43 9355
1 1.026751 0.7444853 1.219196 1 0.6778473 1.09673 1000022 13 1 13.46177 1.221715 1000022 13 1 43 9379
1 1.031225 1.102163 0.9526981 1 3.055957 1.024866 1000022 13 1 4.307907 1.163434 1000022 13 1 43 9394
1 0.8332192 0.5015442 1.138243 1 0.2970897 1.153682 1000022 13 0 2.092227 2.011964 1000022 13 1 43 9397
1 1.053247 1.09991 0.9980844 1 0.3144239 1.277977 1000022 13 1 2.034229 1.279487 1000022 13 1 44 9486
1 1.298986 1.452146 1.156092 1 0.123928 1.84188 1000022 13 1 5.770955 1.41054 1000022 13 1 44 9488
1 1.056557 1.108524 0.9965968 1 4.086011 1.30255 1000022 13 1 0.5264251 1.382376 1000022 13 1 44 9490
1 0.7055845 0.3974356 1.016366 1 4.081583 1.42943 1000022 13 0 2.768229 6.521384 1000022 13 1 44 9503
1 1.083255 0.8452013 1.220206 0 13.46046 2.068419 1000022 13 1 0.2300274 1.407128 1000022 13 1 44 9516
1 1.157728 1.196465 1.111764 1 3.294855 1.075345 1000022 13 1 6.604429 1.30892 1000022 13 1 44 9522
1 0.2208223 0.06788179 0.510611 1 30.80943 1.882153 1000022 13 1 1.042307 1.050664 1000022 13 1 44 9570
1 1.099519 1.139476 1.051563 1 7.77908 1.087742 1000022 13 1 1.908908 1.040876 1000022 13 1 44 9588
1 1.058012 1.115802 0.9930252 1 17.10142 1.007977 1000022 13 1 0.1031687 2.789386 1000022 13 1 44 9604
1 0.9160994 0.6007248 1.171549 1 1.695251 1.038325 1000022 13 1 4.481288 2.376894 1000022 13 1 44 9609
1 1.1849 1.214892 1.148506 1 4.012857 1.109304 1000022 13 0 0.7754688 4.893744 1000022 13 1 44 9612
1 1.217313 1.182622 1.199648 1 4.042005 1.039417 1000022 13 0 1.423222 2.000736 1000022 13 1 44 9631
1 0.1080031 0.02598027 0.3057024 1 1.038359 1.030135 1000022 13 1 8.566114 2.942596 1000022 13 1 4 722
1 0.6998869 0.3767799 1.045889 1 16.25611 1.22954 1000022 13 1 3.352703 2.075023 1000022 13 1 4 734
1 0.1527629 0.0402692 0.399808 1 1.284396 2.039914 1000022 13 0 15.1644 18.96818 1000022 13 1 4 748
1 0.9574994 0.6410515 1.205563 1 1.869231 1.183504 1000022 13 1 2.053312 1.019207 1000022 13 1 4 750
1 0.01649731 0.002495913 0.08064243 0 1.873824 1.995715 1000022 13 1 11.44833 1.722022 1000022 13 1 4 752
0 1.314649 1.46568 1.173482 0 3.151189 1.685912 1000022 13 1 3.101326 1.864531 1000022 13 1 4 763
1 1.123647 1.241142 1.010512 1 3.484287 1.641649 1000022 13 1 9.028976 1.042295 1000022 13 1 4 784
1 1.152971 1.190243 1.109341 0 1.235912 1.129231 1000022 13 1 1.911585 1.726161 1000022 13 1 4 839
1 0.3355998 0.123277 0.6770892 1 3.28906 1.059327 1000022 13 1 0.9059483 1.098349 1000022 13 1 4 854
1 1.42456 2.044705 0.9864829 1 3.219176 1.097291 1000022 13 0 8.271187 1.029957 1000022 13 1 4 870
1 0.9894024 0.7036328 1.19152 1 0.3898907 1.258469 1000022 13 1 7.395474 1.770141 1000022 13 1 5 907
1 1.017868 0.7662661 1.176325 0 1.466512 1.812155 1000022 13 1 5.185122 1.136413 1000022 13 1 5 925
1 1.26516 1.422013 1.117256 1 8.824476 1.032904 1000022 13 1 12.35664 1.066927 1000022 13 1 5 929
1 1.217313 1.182622 1.199648 1 0.07728991 1.626561 1000022 13 1 13.01298 3.477312 1000022 13 1 5 947
1 0.4442115 0.1872741 0.8068974 1 6.603943 1.342754 1000022 13 1 8.058965 2.114154 1000022 13 1 5 948
1 1.190567 1.223018 1.152597 1 2.327578 1.159858 1000022 13 1 4.776881 1.04748 1000022 13 1 5 953
0 1.190567 1.223018 1.152597 0 12.24523 12.47221 1000022 13 1 9.627278 1.096647 1000022 13 1 5 974
1 1.866054 2.331325 1.3979 1 7.347046 1.008141 1000022 13 1 0.6011108 1.731317 1000022 13 1 5 1042
1 0.747205 0.4303799 1.057145 1 3.064545 1.465588 1000022 13 1 10.66035 1.728193 1000022 13 1 5 1043
1 1.059052 1.139164 0.9715886 1 0.2899265 1.047248 1000022 13 1 1.578153 1.112694 1000022 13 1 5 1045
1 1.057513 1.112379 0.9951048 1 4.593058 1.04282 1000022 13 1 4.469281 1.146479 1000022 13 1 5 1049
1 1.192805 1.083559 1.213989 1 4.825616 1.133431 1000022 13 1 5.501989 2.533213 1000022 13 1 5 1062
0 1.20651 1.16088 1.193521 0 7.955012 1.030673 1000022 13 1 6.383232 1.019165 1000022 13 1 5 1063
1 0.009710893 0.001441682 0.05238557 1 7.329511 2.117732 1000022 13 1 2.285726 1.137476 1000022 13 1 6 1148
1 1.056557 1.108524 0.9965968 0 0.7200646 1.127027 1000022 13 1 8.564651 1.299163 1000022 13 1 6 1210
1 0.06482654 0.01276116 0.2218368 1 2.72048 1.553937 1000022 13 0 0.7105764 1.047882 1000022 13 1 6 1217
1 0.03009876 0.005032814 0.1242768 1 4.575855 1.39688 1000022 13 1 1.00668 1.043492 1000022 13 1 6 1267
1 1.182032 1.113501 1.180358 0 0.8081955 3.393638 1000022 13 1 2.333807 1.038409 1000022 13 1 6 1278
1 1.017868 0.7662661 1.176325 0 12.00919 7.33737 1000022 13 1 4.579409 1.254353 1000022 13 1 6 1295
1 1.145385 0.9245803 1.259718 1 6.341842 1.244622 1000022 13 1 1.387641 1.779144 1000022 13 1 10 2003
1 1.059052 1.139164 0.9715886 1 2.289266 2.433735 1000022 13 0 12.83553 1.164519 1000022 13 1 10 2031
1 1.126364 0.9389989 1.211138 1 0.4390409 1.069854 1000022 13 1 4.770662 1.201461 1000022 13 1 10 2047
1 1.20651 1.16088 1.193521 1 5.127681 1.030398 1000022 13 1 20.50367 1.171355 1000022 13 1 10 2088
1 1.056557 1.108524 0.9965968 0 0.03189612 5.661946 1000022 13 1 2.326376 1.094898 1000022 13 1 10 2093
1 0.8200224 1.218482 0.5472287 0 1.897746 1.071521 1000022 13 1 5.543242 1.765327 1000022 13 1 10 2095
1 1.192805 1.083559 1.213989 0 1.198482 1.240169 1000022 13 1 11.8979 1.049315 1000022 13 1 10 2096
1 1.0427 1.134261 0.9473373 0 2.224256 1.207532 1000022 13 0 7.511066 1.181658 1000022 13 1 10 2098
1 0.3459568 0.1344595 0.6687537 1 2.583791 1.428809 1000022 13 1 13.57721 1.37718 1000022 13 1 10 2102
1 1.109295 1.155893 1.053631 1 8.358049 1.287573 1000022 13 1 4.148353 1.14676 1000022 13 1 10 2112
1 0.04601344 0.008200601 0.1755223 1 2.618351 1.109627 1000022 13 0 1.090841 2.826047 1000022 13 1 10 2116
1 0.2443026 0.07741789 0.5517042 0 13.20489 1.167175 1000022 13 1 1.447783 1.089822 1000022 13 1 10 2138
1 1.057513 1.112379 0.9951048 1 4.06493 1.098996 1000022 13 0 3.4927 1.073267 1000022 13 1 10 2139
1 0.2792014 0.09677438 0.588659 1 0.4389364 1.973629 1000022 13 1 7.276707 1.274255 1000022 13 1 10 2153
1 1.152971 1.190243 1.109341 1 0.06442511 1.544351 1000022 13 0 4.990125 1.146584 1000022 13 1 10 2161
1 1.199401 1.201198 1.170168 0 19.78498 6.7922 1000022 13 1 1.147039 1.375524 1000022 13 1 10 2175
1 1.050919 0.8056091 1.198818 0 12.453 1.476126 1000022 13 1 1.254832 1.057067 1000022 13 1 10 2187
1 1.035838 1.098122 0.9666125 1 13.36488 1.525069 1000022 13 1 0.5187812 3.5152 1000022 13 1 10 2188
1 1.152971 1.190243 1.109341 1 4.668146 1.220078 1000022 13 1 0.4199141 1.586322 1000022 13 1 11 2194
1 0.3459568 0.1344595 0.6687537 0 2.009012 1.053851 1000022 13 0 0.1707409 1.738564 1000022 13 1 11 2208
1 1.199401 1.201198 1.170168 0 13.02376 2.071946 1000022 13 1 1.179176 1.195347 1000022 13 1 11 2210
1 1.048997 1.136673 0.9559695 1 2.636131 1.01844 1000022 13 1 2.857043 1.010415 1000022 13 1 11 2303
1 1.209625 1.112975 1.222657 1 1.115054 1.230735 1000022 13 1 4.291006 1.484015 1000022 13 1 11 2310
1 1.134034 1.248093 1.022271 1 1.712173 1.447789 1000022 13 1 11.24031 1.165448 1000022 13 1 11 2314
1 1.157728 1.196465 1.111764 1 3.120423 1.024963 1000022 13 1 1.071326 1.29281 1000022 13 1 11 2327
1 1.056557 1.108524 0.9965968 1 1.433756 1.186568 1000022 13 1 7.344097 1.353533 1000022 13 1 11 2341
1 0.7055845 0.3974356 1.016366 1 0.6299883 2.454438 1000022 13 0 7.903978 1.14512 1000022 13 1 11 2345
0 1.036252 1.095703 0.9699052 1 4.597759 1.023055 1000022 13 1 29.97519 1.972858 1000022 13 1 11 2348
1 1.031225 1.102163 0.9526981 1 31.77449 1.153211 1000022 13 0 10.8822 6.895668 1000022 13 1 11 2369
0 1.145385 0.9245803 1.259718 1 6.081965 1.013286 1000022 13 0 4.360479 1.430315 1000022 13 1 11 2373
1 1.174602 1.053046 1.204645 1 4.040288 1.450586 1000022 13 1 0.9601014 1.036174 1000022 13 1 11 2389
1 1.063672 0.7860307 1.245813 1 0.955297 2.901227 1000022 13 0 3.675798 1.106111 1000022 13 1 11 2401
1 1.15499 1.021547 1.194574 0 0.04819628 1.093167 1000022 13 1 4.067001 1.2751 1000022 13 1 12 2440
1 1.152501 1.258655 1.04415 1 37.97557 1.425203 1000022 13 1 0.6061354 3.310998 1000022 13 1 12 2463
1 1.1849 1.214892 1.148506 1 6.10484 1.266009 1000022 13 1 1.170905 1.171646 1000022 13 1 12 2465
1 1.057513 1.112379 0.9951048 1 6.664573 1.072717 1000022 13 1 1.730422 1.576305 1000022 13 1 12 2474
0 1.114777 0.884905 1.24054 0 0.924426 1.04432 1000022 13 0 7.562808 1.410693 1000022 13 1 12 2478
1 1.183608 1.169262 1.159476 0 0.2496295 2.089351 1000022 13 1 0.504172 1.085907 1000022 13 1 12 2482
0 1.143675 1.253919 1.033471 0 7.217236 5.827151 1000022 13 0 1.083783 1.31009 1000022 13 1 12 2489
1 1.033406 1.101364 0.958024 1 5.349407 1.503992 1000022 13 1 3.320935 1.993099 1000022 13 1 12 2513
1 1.059052 1.139164 0.9715886 1 12.88222 1.196594 1000022 13 1 17.41443 1.090734 1000022 13 1 12 2583
1 1.048997 1.136673 0.9559695 0 0.6699641 18.41407 1000022 13 1 9.115127 2.048026 1000022 13 1 12 2597
1 1.26516 1.422013 1.117256 1 7.47287 1.621127 1000022 13 1 3.363014 1.140207 1000022 13 1 12 2609
1 1.143675 1.253919 1.033471 1 3.481638 1.170594 1000022 13 1 18.49603 1.197474 1000022 13 1 12 2627
1 1.057513 1.112379 0.9951048 0 3.051967 2.2923 1000022 13 1 4.972748 1.11789 1000022 13 1 16 3325
0 1.034916 1.100018 0.9626585 1 2.567602 1.057732 1000022 13 1 2.635667 1.024839 1000022 13 1 16 3326
1 1.142868 1.177299 1.103399 1 0.4316193 1.064833 1000022 13 1 2.874222 1.160926 1000022 13 1 16 3349
1 1.179161 1.206147 1.144075 0 6.396078 1.798538 1000022 13 1 0.1717592 1.575391 1000022 13 1 16 3366
1 1.062846 1.139449 0.9784784 1 0.9579573 1.106588 1000022 13 1 2.138037 1.214069 1000022 13 1 16 3413
1 1.10316 1.145079 1.05266 1 7.906894 1.881128 1000022 13 0 3.882001 15.98754 1000022 13 1 16 3441
1 0.3355998 0.123277 0.6770892 1 0.3469046 2.47098 1000022 13 0 4.823874 5.809433 1000022 13 1 17 3505
1 1.157728 1.196465 1.111764 1 2.225497 2.053878 1000022 13 1 0.4736551 2.183281 1000022 13 1 17 3518
1 1.182032 1.113501 1.180358 1 0.7229651 1.021797 1000022 13 0 8.789408 1.155829 1000022 13 1 17 3529
1 1.176288 1.010978 1.239274 0 5.909495 1.040205 1000022 13 1 2.116765 1.09954 1000022 13 1 17 3541
1 1.225386 1.141194 1.230719 1 10.7791 1.099692 1000022 13 1 3.125802 1.412253 1000022 13 1 17 3565
1 1.566869 2.206142 1.088645 0 7.477661 1.412171 1000022 13 1 7.655692 6.300212 1000022 13 1 17 3566
0 1.329532 1.478061 1.189894 0 4.212555 1.048247 1000022 13 0 8.269486 38.66598 1000022 13 1 17 3569
1 0.8339615 0.5241884 1.101491 1 1.929087 1.136778 1000022 13 1 1.762384 1.459071 1000022 13 1 17 3619
1 1.151918 0.9752633 1.225726 0 8.170874 1.037948 1000022 13 1 5.267704 1.102346 1000022 13 1 17 3644
1 0.5675248 0.271593 0.9330701 1 2.794047 1.149952 1000022 13 1 1.956002 2.47677 1000022 13 1 17 3659
1 0.8748782 0.5617447 1.136825 1 3.883875 1.129025 1000022 13 0 3.10714 2.847078 1000022 13 1 17 3682
0 0.9219857 1.364073 0.6240806 0 2.282333 1.974469 1000022 13 1 2.810213 2.065273 1000022 13 1 17 3686
1 1.705086 2.017803 1.363962 1 1.758217 1.06466 1000022 13 1 0.8116916 1.202705 1000022 13 1 18 3743
1 0.9894024 0.7036328 1.19152 1 4.125987 1.209039 1000022 13 0 2.317867 1.20372 1000022 13 1 18 3774
1 1.03119 1.524041 0.7057037 1 1.771251 1.024006 1000022 13 1 3.793509 1.024281 1000022 13 1 18 3778
1 1.083255 0.8452013 1.220206 1 5.659688 1.579194 1000022 13 0 1.999291 1.712216 1000022 13 1 18 3802
1 0.9894024 0.7036328 1.19152 0 4.932483 2.220214 1000022 13 1 9.489141 1.149532 1000022 13 1 18 3813
1 1.42456 2.044705 0.9864829 0 9.877612 1.062261 1000022 13 1 5.665595 1.208846 1000022 13 1 18 3847
1 0.8200224 1.218482 0.5472287 0 0.1802364 5.193489 1000022 13 1 6.678742 1.017213 1000022 13 1 18 3862
1 1.227292 1.202911 1.205555 1 6.581204 1.045558 1000022 13 0 3.055943 1.067011 1000022 13 1 18 3868
1 1.213336 1.227995 1.180605 1 13.0477 2.079928 1000022 13 1 1.689342 1.644061 1000022 13 1 18 3915
1 1.282494 1.437562 1.137462 1 27.94312 1.163714 1000022 13 0 5.008278 1.275196 1000022 13 1 18 3932
1 1.314649 1.46568 1.173482 1 0.1305788 2.261468 1000022 13 0 23.7122 4.045772 1000022 13 1 18 3935
1 1.147959 1.183877 1.106546 1 3.618043 1.099843 1000022 13 1 3.703363 1.989032 1000022 13 1 19 3972
0 1.225386 1.141194 1.230719 0 6.372703 1.187672 1000022 13 0 1.324326 18.2007 1000022 13 1 19 3978
1 1.031225 1.102163 0.9526981 1 1.298864 1.038373 1000022 13 0 18.21504 1.366086 1000022 13 1 19 3984
1 1.179161 1.206147 1.144075 1 9.921226 1.124065 1000022 13 1 2.980388 1.115563 1000022 13 1 19 4007
1 1.812285 2.096335 1.505211 1 4.611225 1.332053 1000022 13 1 17.41327 1.012883 1000022 13 1 19 4028
1 0.5279956 0.2465533 0.8852676 1 0.410283 2.271738 1000022 13 0 1.89764 2.552565 1000022 13 1 19 4052
1 1.174602 1.053046 1.204645 1 7.675984 1.550388 1000022 13 1 5.42023 1.116124 1000022 13 1 19 4053
1 1.49586 1.706142 1.278772 1 16.98669 1.328138 1000022 13 1 10.92285 1.382091 1000022 13 1 19 4056
1 0.4442115 0.1872741 0.8068974 1 3.312942 1.033701 1000022 13 0 1.021416 1.062866 1000022 13 1 19 4085
1 1.137649 1.170432 1.099925 1 0.6828117 1.087105 1000022 13 1 1.752137 1.104633 1000022 13 1 19 4101
1 0.9894024 0.7036328 1.19152 1 9.201461 1.033207 1000022 13 1 0.6767165 1.798622 1000022 13 1 19 4115
1 0.5762256 0.2893137 0.9113798 1 10.09274 1.304442 1000022 13 1 0.3130699 1.063272 1000022 13 1 19 4146
1 1.147959 1.183877 1.106546 1 18.63246 1.396632 1000022 13 0 2.53488 1.599202 1000022 13 1 19 4149
0 1.812285 2.096335 1.505211 1 7.054678 2.307593 1000022 13 0 2.050069 5.367922 1000022 13 1 20 4167
1 1.173319 1.196671 1.139395 1 5.213392 1.575188 1000022 13 1 2.943063 1.133939 1000022 13 1 20 4189
1 0.003659205 0.00058146 0.02178344 1 3.668831 1.295976 1000022 13 1 0.8963349 1.099303 1000022 13 1 20 4202
0 1.048997 1.136673 0.9559695 1 2.248391 1.022823 1000022 13 0 3.226282 3.240222 1000022 13 1 20 4273
1 1.057513 1.112379 0.9951048 1 10.32413 1.264111 1000022 13 1 11.32807 1.234008 1000022 13 1 20 4290
1 1.206555 1.21522 1.17542 1 30.52859 1.157645 1000022 13 1 4.721124 1.14383 1000022 13 1 20 4318
1 1.329532 1.478061 1.189894 1 3.644062 1.328609 1000022 13 1 0.2717553 1.057998 1000022 13 1 20 4322
1 1.15499 1.021547 1.194574 1 0.1229164 1.027725 1000022 13 0 0.1153451 3.633425 1000022 13 1 20 4347
1 0.3170899 0.1198369 0.6261138 1 3.324137 1.049502 1000022 13 0 2.321572 2.093589 1000022 13 1 20 4349
1 1.048997 1.136673 0.9559695 1 6.8647 1.186 1000022 13 1 3.93825 1.133068 1000022 13 1 20 4357
1 1.157728 1.196465 1.111764 1 24.22872 1.208132 1000022 13 1 2.485245 1.018992 1000022 13 1 21 4429
1 1.26516 1.422013 1.117256 0 27.8354 2.454787 1000022 13 1 8.323871 2.384377 1000022 13 1 21 4441
1 1.524498 1.73059 1.317664 1 5.907926 1.411366 1000022 13 1 4.699517 1.250574 1000022 13 1 21 4444
1 1.314649 1.46568 1.173482 0 6.647584 2.389184 1000022 13 1 9.604803 1.08299 1000022 13 1 21 4450
0 0.5762256 0.2893137 0.9113798 1 2.882141 1.18653 1000022 13 1 2.562437 1.851848 1000022 13 1 21 4465
1 0.5279956 0.2465533 0.8852676 1 1.1967 1.091777 1000022 13 1 0.3880026 1.212276 1000022 13 1 21 4474
1 1.034916 1.100018 0.9626585 1 0.01520539 3.857069 1000022 13 1 0.8500515 1.347023 1000022 13 1 21 4479
1 1.048997 1.136673 0.9559695 1 3.079253 1.319041 1000022 13 0 0.379853 1.439635 1000022 13 1 21 4496
1 0.0400028 0.006971349 0.1567229 1 8.236644 1.309502 1000022 13 1 0.09605936 1.028987 1000022 13 1 21 4525
1 0.4094664 0.1680855 0.7591912 0 8.376202 21.1897 1000022 13 1 0.3034027 1.273141 1000022 13 1 21 4533
1 1.174602 1.053046 1.204645 1 0.9331552 1.068653 1000022 13 1 11.51342 1.142568 1000022 13 1 21 4568
0 0.1214868 0.03012302 0.3349064 0 7.678493 1.162054 1000022 13 1 4.068658 1.394359 1000022 13 1 22 4616
1 1.192805 1.083559 1.213989 1 16.07721 1.696607 1000022 13 1 4.477631 1.110958 1000022 13 1 22 4632
1 0.00196003 0.0003467147 0.01180033 0 13.98386 2.483045 1000022 13 0 10.2633 1.03911 1000022 13 1 22 4636
1 1.225386 1.141194 1.230719 1 2.360933 1.079803 1000022 13 0 0.5009597 1.071066 1000022 13 1 22 4644
1 1.114777 0.884905 1.24054 1 8.640272 1.066663 1000022 13 1 9.303432 1.105062 1000022 13 1 22 4693
1 1.191782 1.185832 1.16486 1 0.1743968 1.512357 1000022 13 0 9.490783 1.287578 1000022 13 1 22 4699
1 1.034916 1.100018 0.9626585 1 10.73209 1.268609 1000022 13 1 16.60839 1.035025 1000022 13 1 22 4709
1 1.112575 1.233052 0.9981722 0 0.8414311 1.113127 1000022 13 1 7.170048 1.08136 1000022 13 1 22 4714
1 1.75908 2.248522 1.290011 0 13.28052 2.44312 1000022 13 0 2.111368 1.481399 1000022 13 1 22 4718
1 1.157728 1.196465 1.111764 0 1.081569 1.572661 1000022 13 1 1.145719 4.125421 1000022 13 1 22 4732
1 1.017868 0.7662661 1.176325 1 3.795497 1.10481 1000022 13 1 4.549554 1.115698 1000022 13 1 22 4747
1 1.298986 1.452146 1.156092 1 6.043132 1.457149 1000022 13 0 21.25587 1.069296 1000022 13 1 22 4752
1 1.059052 1.139164 0.9715886 1 1.587234 1.106696 1000022 13 1 7.482965 1.298031 1000022 13 1 22 4779
1 0.4205023 0.1819855 0.7484848 1 2.334948 1.116796 1000022 13 1 0.8939641 1.314171 1000022 13 1 22 4781
1 1.206555 1.21522 1.17542 1 1.468514 1.110779 1000022 13 1 4.657197 1.116062 1000022 13 1 22 4813
1 1.26516 1.422013 1.117256 1 0.3145605 1.445934 1000022 13 1 12.00333 1.107979 1000022 13 1 23 4828
0 1.114777 0.884905 1.24054 1 2.259525 1.194755 1000022 13 0 2.647586 1.259833 1000022 13 1 23 4838
1 1.182032 1.113501 1.180358 0 3.25151 1.110852 1000022 13 1 6.243391 1.185283 1000022 13 1 23 4855
1 1.109295 1.155893 1.053631 1 1.745333 1.111446 1000022 13 1 20.73527 2.876722 1000022 13 1 23 4856
1 1.46424 1.680344 1.235249 1 21.49148 1.204083 1000022 13 0 10.28451 1.324681 1000022 13 1 23 4864
1 1.137649 1.170432 1.099925 0 14.01284 4.742971 1000022 13 1 1.521483 1.15979 1000022 13 1 23 4868
1 0.4903168 0.2233237 0.8385035 1 1.743491 2.081825 1000022 13 1 38.15339 1.26841 1000022 13 1 23 4882
1 0.5675248 0.271593 0.9330701 1 8.133668 1.45197 1000022 13 1 2.306937 1.01919 1000022 13 1 23 4896
1 1.15499 1.021547 1.194574 1 5.035405 1.055899 1000022 13 0 9.163414 3.342525 1000022 13 1 23 4910
1 1.213336 1.227995 1.180605 1 1.606345 1.911315 1000022 13 1 11.75353 1.113288 1000022 13 1 23 4912
1 1.761918 2.058838 1.43754 1 9.595443 1.018413 1000022 13 1 2.023823 1.577628 1000022 13 1 23 4949
1 1.114777 0.884905 1.24054 1 2.751961 1.08739 1000022 13 0 0.2728551 2.194371 1000022 13 1 23 4965
1 1.143675 1.253919 1.033471 0 6.415467 1.257073 1000022 13 1 11.19593 1.074892 1000022 13 1 23 4980
1 0.9517445 0.6636014 1.162862 1 5.522958 2.186733 1000022 13 0 2.534397 1.194146 1000022 13 1 23 4985
1 1.209625 1.112975 1.222657 1 5.799163 1.107838 1000022 13 0 7.510852 1.586369 1000022 13 1 23 4986
1 1.137649 1.170432 1.099925 1 3.635483 1.411976 1000022 13 1 0.05002688 1.437054 1000022 13 1 23 4995
1 1.137649 1.170432 1.099925 1 3.812069 1.124879 1000022 13 0 12.19381 3.709697 1000022 13 1 23 4997
1 0.6998869 0.3767799 1.045889 1 3.013875 1.10776 1000022 13 1 1.700187 1.082655 1000022 13 1 23 5000
1 1.034916 1.100018 0.9626585 1 13.36109 1.049003 1000022 13 1 5.572942 1.033085 1000022 13 1 24 5056
1 0.747205 0.4303799 1.057145 0 4.207975 10.60659 1000022 13 0 4.417303 1.536276 1000022 13 1 24 5082
1 1.033406 1.101364 0.958024 1 3.332181 1.078375 1000022 13 1 1.988094 1.123583 1000022 13 1 24 5101
1 1.106427 1.150534 1.053346 0 4.071437 1.667347 1000022 13 1 13.2125 1.910478 1000022 13 1 24 5113
1 1.099696 0.9023142 1.195627 1 1.070174 1.849155 1000022 13 0 5.500544 21.23267 1000022 13 1 24 5127
1 1.26516 1.422013 1.117256 1 0.4565009 1.033964 1000022 13 0 1.604229 1.342208 1000022 13 1 24 5138
1 1.190567 1.223018 1.152597 1 7.894071 1.034112 1000022 13 0 8.096257 1.537953 1000022 13 1 24 5141
1 1.099519 1.139476 1.051563 0 7.908619 2.947948 1000022 13 1 0.2004748 1.071073 1000022 13 1 24 5149
1 0.4094664 0.1680855 0.7591912 1 3.81589 1.282877 1000022 13 1 5.379745 1.109626 1000022 13 1 24 5163
1 1.15499 1.021547 1.194574 0 0.7052585 2.152565 1000022 13 1 0.5059464 1.244146 1000022 13 1 24 5168
1 1.812285 2.096335 1.505211 1 1.430973 1.069861 1000022 13 1 1.765913 1.00757 1000022 13 1 24 5190
1 0.5380682 0.2637946 0.8676014 1 15.45868 1.016207 1000022 13 1 5.904107 1.012952 1000022 13 1 24 5191
1 1.761918 2.058838 1.43754 1 2.316649 1.116103 1000022 13 0 1.295465 1.100102 1000022 13 1 24 5210
1 1.062846 1.139449 0.9784784 1 1.221875 3.027731 1000022 13 0 10.48514 1.16069 1000022 13 1 24 5220
1 0.5762256 0.2893137 0.9113798 1 0.8890448 1.068914 1000022 13 1 6.100431 1.098508 1000022 13 1 24 5224
1 1.183608 1.169262 1.159476 1 20.18726 2.567428 1000022 13 0 22.54035 2.941889 1000022 13 1 24 5227
1 0.3355998 0.123277 0.6770892 1 8.242209 1.093542 1000022 13 0 8.569745 2.627728 1000022 13 1 24 5241
1 1.026751 0.7444853 1.219196 1 13.63143 6.267358 1000022 13 1 3.687503 1.420498 1000022 13 1 25 5284
1 0.9574994 0.6410515 1.205563 1 0.4962545 1.126228 1000022 13 0 3.597101 1.242393 1000022 13 1 25 5312
1 0.9517445 0.6636014 1.162862 0 0.3102528 1.136237 1000022 13 1 0.283608 1.072216 1000022 13 1 25 5339
1 1.152501 1.258655 1.04415 0 3.622714 5.655807 1000022 13 1 18.71022 1.233846 1000022 13 1 25 5340
1 1.151918 0.9752633 1.225726 1 1.580035 1.118198 1000022 13 1 0.1656006 1.50777 1000022 13 1 25 5367
1 1.143675 1.253919 1.033471 1 3.862954 1.034318 1000022 13 1 9.425579 1.017197 1000022 13 1 1 2
1 1.575265 1.775696 1.383444 0 3.124281 1.103771 1000022 13 1 3.134063 1.158346 1000022 13 1 1 3
1 1.152501 1.258655 1.04415 1 6.763746 1.294051 1000022 13 1 3.464122 2.501541 1000022 13 1 1 4
1 1.059052 1.139164 0.9715886 1 2.620211 1.065958 1000022 13 0 21.94829 2.066013 1000022 13 1 1 10
1 0.789787 0.4650854 1.097808 0 18.81106 2.010635 1000022 13 1 0.4887837 1.6863 1000022 13 1 1 13
1 1.152501 1.258655 1.04415 1 0.1670489 1.06007 1000022 13 0 2.085807 1.063962 1000022 13 1 1 15
1 1.174602 1.053046 1.204645 1 5.180553 1.138479 1000022 13 1 5.029939 1.016123 1000022 13 1 1 25
1 1.137649 1.170432 1.099925 1 0.2021986 2.172925 1000022 13 1 0.4253072 2.107835 1000022 13 1 1 27
1 1.017868 0.7662661 1.176325 1 0.947547 1.05145 1000022 13 1 30.41781 1.099628 1000022 13 1 1 44
1 0.5762256 0.2893137 0.9113798 1 4.97222 1.088825 1000022 13 1 6.654969 1.212785 1000022 13 1 1 79
1 1.057513 1.112379 0.9951048 0 6.478633 1.392921 1000022 13 1 9.324255 1.042598 1000022 13 1 1 108
1 1.225386 1.141194 1.230719 1 2.543143 1.303268 1000022 13 1 0.00853437 1.162877 1000022 13 1 1 111
1 1.575265 1.775696 1.383444 1 4.642721 1.196777 1000022 13 1 19.55216 1.083546 1000022 13 1 1 112
1 0.3064061 0.1093534 0.631845 1 6.734798 1.177307 1000022 13 1 16.12106 1.189275 1000022 13 1 1 206
1 1.157728 1.196465 1.111764 0 7.598673 4.019681 1000022 13 0 5.063251 2.037224 1000022 13 1 1 218
1 0.2208223 0.06788179 0.510611 1 0.562815 1.105887 1000022 13 1 2.115416 1.071867 1000022 13 1 2 239
1 0.002214822 0.0003995872 0.01328278 1 6.532161 1.304676 1000022 13 1 15.87614 1.377147 1000022 13 1 2 256
1 0.6998869 0.3767799 1.045889 1 19.7826 1.016239 1000022 13 1 2.827394 1.854819 1000022 13 1 2 258
1 0.4205023 0.1819855 0.7484848 1 3.051105 1.324554 1000022 13 1 7.686245 1.062971 1000022 13 1 2 264
1 0.4544891 0.2018274 0.792879 1 1.86568 1.03993 1000022 13 0 2.731119 1.187533 1000022 13 1 2 277
0 0.6159488 0.3166172 0.9557644 1 10.86087 2.287019 1000022 13 0 2.780071 3.703691 1000022 13 1 2 312
1 1.036252 1.095703 0.9699052 1 6.807518 1.082124 1000022 13 1 3.118305 2.706901 1000022 13 1 2 324
1 1.031225 1.102163 0.9526981 1 1.962648 1.15136 1000022 13 1 5.193168 1.167741 1000022 13 1 2 327
1 1.149237 1.698801 0.7921503 1 3.130275 1.214584 1000022 13 1 0.03653658 1.26763 1000022 13 1 2 335
1 1.179161 1.206147 1.144075 1 3.952463 1.429684 1000022 13 1 2.219819 3.017505 1000022 13 1 2 341
1 1.225386 1.141194 1.230719 1 7.1578 1.03405 1000022 13 1 4.997278 1.086415 1000022 13 1 2 369
1 1.225386 1.141194 1.230719 1 0.4884785 2.016733 1000022 13 1 2.420971 1.39361 1000022 13 1 2 373
1 1.641128 1.972201 1.285192 1 4.320282 1.082599 1000022 13 0 9.609521 4.414796 1000022 13 1 2 387
1 1.033406 1.101364 0.958024 0 10.60138 1.132833 1000022 13 0 19.31282 1.439424 1000022 13 1 2 403
1 1.329532 1.478061 1.189894 1 6.549026 1.38525 1000022 13 1 6.544544 1.375332 1000022 13 1 2 406
1 1.1849 1.214892 1.148506 0 1.58547 1.822168 1000022 13 1 5.905156 1.06107 1000022 13 1 3 441
1 1.575265 1.775696 1.383444 1 14.13017 1.412905 1000022 13 1 0.7682411 1.098751 1000022 13 1 3 455
0 1.151918 0.9752633 1.225726 0 7.8567 2.449204 1000022 13 1 10.20797 1.175145 1000022 13 1 3 470
1 1.142868 1.177299 1.103399 1 1.101134 1.459331 1000022 13 1 8.730248 1.749962 1000022 13 1 3 487
1 0.9219857 1.364073 0.6240806 1 8.442985 2.412819 1000022 13 1 14.93964 1.070556 1000022 13 1 3 536
1 1.206555 1.21522 1.17542 0 9.89657 1.117324 1000022 13 0 3.987222 1.031909 1000022 13 1 3 543
1 1.03119 1.524041 0.7057037 1 11.80615 1.913677 1000022 13 0 12.6287 2.457795 1000022 13 1 3 565
1 1.033406 1.101364 0.958024 1 2.720702 1.10251 1000022 13 1 0.1171029 2.451978 1000022 13 1 3 587
1 1.1849 1.214892 1.148506 1 9.952237 1.247783 1000022 13 1 3.07447 1.966813 1000022 13 1 3 604
1 1.173319 1.196671 1.139395 1 23.5473 1.215412 1000022 13 1 4.415931 1.601652 1000022 13 1 3 615
1 0.008972122 0.001331868 0.04754584 1 5.696486 1.115154 1000022 13 0 6.134251 1.903174 1000022 13 1 3 617
1 0.8339615 0.5241884 1.101491 0 2.236899 1.248825 1000022 13 1 5.863223 1.011171 1000022 13 1 3 638
1 0.001927587 0.0003547033 0.01149695 1 2.111197 1.662064 1000022 13 1 12.52113 1.231189 1000022 13 1 3 645
1 1.157728 1.196465 1.111764 1 2.250042 1.953457 1000022 13 1 8.727419 1.158965 1000022 13 1 3 648
0 0.9574994 0.6410515 1.205563 1 0.8758137 1.571511 1000022 13 0 3.57055 1.213138 1000022 13 1 7 1338
1 1.083255 0.8452013 1.220206 1 8.92112 1.138549 1000022 13 1 13.6017 1.395565 1000022 13 1 7 1341
0 1.126364 0.9389989 1.211138 1 2.006784 1.41993 1000022 13 0 3.944441 9.463278 1000022 13 1 7 1371
1 1.026751 0.7444853 1.219196 1 0.7129633 1.242451 1000022 13 1 0.7791475 1.249953 1000022 13 1 7 1375
1 1.26516 1.422013 1.117256 1 0.3866211 1.257197 1000022 13 1 6.333204 1.160661 1000022 13 1 7 1376
1 0.08964617 0.01972916 0.2750357 1 3.48084 1.083255 1000022 13 0 9.290584 1.043435 1000022 13 1 7 1385
1 1.137649 1.170432 1.099925 1 2.835592 1.240101 1000022 13 1 0.7591251 1.153548 1000022 13 1 7 1396
1 1.033406 1.101364 0.958024 0 2.188525 3.07608 1000022 13 1 4.705736 1.031223 1000022 13 1 7 1400
1 1.134034 1.248093 1.022271 1 1.53102 1.099135 1000022 13 0 5.215387 1.290903 1000022 13 1 7 1421
1 1.15499 1.021547 1.194574 1 9.985863 1.333768 1000022 13 1 1.389922 3.736029 1000022 13 1 7 1432
1 0.5675248 0.271593 0.9330701 0 14.63255 2.923472 1000022 13 1 1.19736 2.433496 1000022 13 1 7 1434
1 1.282494 1.437562 1.137462 1 0.5688726 1.093229 1000022 13 1 7.76424 1.422884 1000022 13 1 7 1437
1 1.56971 1.920896 1.202337 1 1.941072 1.134327 1000022 13 1 5.195041 1.070519 1000022 13 1 7 1464
1 1.036252 1.095703 0.9699052 1 5.143937 1.042066 1000022 13 1 3.090641 1.225974 1000022 13 1 7 1470
1 1.225386 1.141194 1.230719 0 0.2256604 1.185266 1000022 13 1 9.514642 1.026513 1000022 13 1 7 1496
1 1.0427 1.134261 0.9473373 1 0.6914396 1.595075 1000022 13 1 2.546175 1.481759 1000022 13 1 7 1502
1 1.190567 1.223018 1.152597 1 1.245831 1.720198 1000022 13 0 7.12693 1.213726 1000022 13 1 7 1532
1 1.036252 1.095703 0.9699052 1 4.264268 2.229659 1000022 13 1 2.118381 1.06344 1000022 13 1 8 1546
1 1.183608 1.169262 1.159476 1 1.678876 1.624606 1000022 13 0 15.53496 1.162018 1000022 13 1 8 1552
1 1.157728 1.196465 1.111764 1 4.454548 1.135228 1000022 13 1 6.758464 1.08796 1000022 13 1 8 1556
1 1.057513 1.112379 0.9951048 1 9.410898 1.039168 1000022 13 1 3.922611 1.626206 1000022 13 1 8 1567
1 1.050919 0.8056091 1.198818 1 4.315126 1.899068 1000022 13 1 11.24043 1.270191 1000022 13 1 8 1575
0 1.56971 1.920896 1.202337 0 1.880906 5.759542 1000022 13 1 4.265542 1.15142 1000022 13 1 8 1577
0 1.213336 1.227995 1.180605 1 1.975478 1.54333 1000022 13 0 4.669101 2.989157 1000022 13 1 8 1584
1 0.003659205 0.00058146 0.02178344 1 1.059894 1.531262 1000022 13 1 4.977116 1.033664 1000022 13 1 8 1622
1 0.6998869 0.3767799 1.045889 1 16.31885 1.040208 1000022 13 0 2.949682 1.032731 1000022 13 1 8 1664
1 1.1849 1.214892 1.148506 1 6.511699 1.33507 1000022 13 1 5.772293 1.097097 1000022 13 1 8 1668
1 1.182032 1.113501 1.180358 0 1.503806 1.613663 1000022 13 1 2.636078 1.393342 1000022 13 1 8 1676
1 1.137649 1.170432 1.099925 1 1.619124 2.682183 1000022 13 1 0.1732404 1.397596 1000022 13 1 8 1678
1 1.20651 1.16088 1.193521 1 1.363526 1.059481 1000022 13 0 0.4812783 2.378303 1000022 13 1 8 1737
1 1.191782 1.185832 1.16486 1 2.356121 1.114532 1000022 13 1 3.830197 1.968222 1000022 13 1 8 1745
1 1.173319 1.196671 1.139395 1 1.374635 1.168291 1000022 13 1 4.690086 1.235616 1000022 13 1 9 1766
1 1.164201 1.711426 0.8059074 1 7.885988 1.042438 1000022 13 1 4.758138 1.268535 1000022 13 1 9 1771
1 1.036252 1.095703 0.9699052 0 2.318507 1.186208 1000022 13 1 0.798506 1.366211 1000022 13 1 9 1782
1 0.9894024 0.7036328 1.19152 0 15.33294 2.978639 1000022 13 1 15.79154 1.775492 1000022 13 1 9 1791
1 1.054444 1.13827 0.9640688 1 1.94116 1.209017 1000022 13 1 6.124557 1.021197 1000022 13 1 9 1809
1 0.002610219 0.0004442447 0.01575894 1 9.512234 1.044171 1000022 13 0 4.503496 1.162287 1000022 13 1 9 1812
0 0.04323696 0.007888732 0.160549 0 8.84414 1.802578 1000022 13 0 7.069143 4.864797 1000022 13 1 9 1816
0 1.191782 1.185832 1.16486 1 6.407227 1.093957 1000022 13 1 7.627107 1.811522 1000022 13 1 9 1828
1 1.20651 1.16088 1.193521 1 8.305382 1.105243 1000022 13 1 0.5644337 1.162411 1000022 13 1 9 1847
1 1.151918 0.9752633 1.225726 1 4.464896 1.179738 1000022 13 1 1.007345 1.4478 1000022 13 1 9 1863
1 1.033406 1.101364 0.958024 1 6.550483 1.030823 1000022 13 1 6.444835 3.813239 1000022 13 1 9 1891
0 1.191782 1.185832 1.16486 0 4.811203 1.773959 1000022 13 1 3.14332 1.351061 1000022 13 1 9 1925
0 1.329532 1.478061 1.189894 0 5.974365 1.511495 1000022 13 1 2.989929 3.022544 1000022 13 1 9 1927
1 1.126364 0.9389989 1.211138 1 0.5182629 1.111664 1000022 13 1 3.263628 1.160454 1000022 13 1 9 1943
1 1.194803 1.137859 1.187115 1 0.7564695 1.24819 1000022 13 1 5.547331 1.638783 1000022 13 1 9 1962
1 1.143675 1.253919 1.033471 0 1.894851 1.311013 1000022 13 1 5.624606 1.0337 1000022 13 1 13 2629
0 0.9138955 0.6245104 1.1333 0 6.914897 1.178942 1000022 13 1 4.61602 2.20916 1000022 13 1 13 2642
1 1.026751 0.7444853 1.219196 0 1.63786 1.553859 1000022 13 0 4.569395 2.395925 1000022 13 1 13 2651
1 1.182032 1.113501 1.180358 0 2.540145 1.10655 1000022 13 1 1.687995 1.074184 1000022 13 1 13 2657
1 0.5380682 0.2637946 0.8676014 1 0.1465475 2.266682 1000022 13 0 1.09361 3.523568 1000022 13 1 13 2670
1 1.123647 1.241142 1.010512 1 0.8856155 1.545595 1000022 13 1 15.97354 1.35656 1000022 13 1 13 2677
0 0.000323236 7.167761e-05 0.001254266 0 7.405859 1.490349 1000022 13 0 23.1267 6.33948 1000022 13 1 13 2681
0 1.142868 1.177299 1.103399 0 7.872855 6.852529 1000022 13 0 1.519861 1.387333 1000022 13 1 13 2687
0 1.147959 1.183877 1.106546 0 21.65665 9.440827 1000022 13 1 12.91649 1.961946 1000022 13 1 13 2707
1 1.147959 1.183877 1.106546 0 4.77044 1.218959 1000022 13 1 4.61715 1.119195 1000022 13 1 13 2722
1 0.9517445 0.6636014 1.162862 1 25.82167 1.553517 1000022 13 1 9.80219 1.196954 1000022 13 1 13 2759
1 1.099519 1.139476 1.051563 1 0.7996312 1.364169 1000022 13 1 1.834587 1.185369 1000022 13 1 13 2777
1 1.56971 1.920896 1.202337 1 9.167483 1.068175 1000022 13 1 1.61743 1.258047 1000022 13 1 13 2793
1 1.106427 1.150534 1.053346 1 13.96211 1.09054 1000022 13 1 4.508469 1.410189 1000022 13 1 13 2798
1 1.053247 1.09991 0.9980844 1 9.61899 1.115633 1000022 13 0 2.770531 3.707882 1000022 13 1 13 2805
1 1.209625 1.112975 1.222657 0 1.911087 7.437777 1000022 13 1 11.6438 1.194595 1000022 13 1 13 2819
1 1.217313 1.182622 1.199648 0 2.532622 3.442583 1000022 13 1 11.22147 1.084037 1000022 13 1 13 2826
1 1.183608 1.169262 1.159476 0 2.342143 1.452243 1000022 13 1 2.94761 1.644609 1000022 13 1 13 2834
1 1.152501 1.258655 1.04415 1 5.087494 1.877536 1000022 13 1 3.074461 1.062497 1000022 13 1 13 2847
1 1.03119 1.524041 0.7057037 0 4.762284 1.514817 1000022 13 1 0.6496352 1.180183 1000022 13 1 14 2858
1 1.206555 1.21522 1.17542 0 0.3696395 2.442925 1000022 13 1 1.615031 2.903959 1000022 13 1 14 2859
1 0.4445066 0.7265916 0.2710897 1 11.01343 1.04597 1000022 13 1 8.143877 1.044042 1000022 13 1 14 2872
1 0.8200224 1.218482 0.5472287 1 3.29627 1.035073 1000022 13 1 6.65802 1.120777 1000022 13 1 14 2915
1 0.9160994 0.6007248 1.171549 1 19.60439 1.016723 1000022 13 0 7.529782 2.414577 1000022 13 1 14 2920
0 0.1214868 0.03012302 0.3349064 0 7.726197 1.519007 1000022 13 0 4.620972 1.07155 1000022 13 1 14 2924
1 1.0427 1.134261 0.9473373 0 3.212449 1.028094 1000022 13 1 1.058433 1.040992 1000022 13 1 14 2936
1 1.036252 1.095703 0.9699052 1 0.894504 1.016222 1000022 13 0 4.935409 2.267752 1000022 13 1 14 2939
1 0.6998869 0.3767799 1.045889 1 3.589447 1.070722 1000022 13 1 12.47284 1.081943 1000022 13 1 14 2949
1 1.031225 1.102163 0.9526981 1 3.656893 3.057334 1000022 13 1 3.928157 3.31473 1000022 13 1 14 2950
1 1.182032 1.113501 1.180358 1 11.1922 1.144176 1000022 13 1 0.4401179 1.163117 1000022 13 1 14 2957
1 0.1080031 0.02598027 0.3057024 0 4.490603 1.097616 1000022 13 1 4.442911 1.836385 1000022 13 1 14 2961
1 1.15499 1.021547 1.194574 1 5.575321 1.091867 1000022 13 1 3.017091 1.180878 1000022 13 1 14 2969
1 1.179161 1.206147 1.144075 1 1.172042 1.567795 1000022 13 0 15.72353 1.992365 1000022 13 1 14 2983
1 1.036252 1.095703 0.9699052 1 2.481481 1.441363 1000022 13 1 15.02345 1.41104 1000022 13 1 14 2986
1 1.137649 1.170432 1.099925 1 11.75308 1.393157 1000022 13 0 16.60775 1.658546 1000022 13 1 14 2995
1 1.034916 1.100018 0.9626585 0 12.59924 1.104172 1000022 13 1 4.005363 2.017513 1000022 13 1 14 3051
1 1.095596 1.133769 1.050051 1 3.62172 1.044046 1000022 13 1 2.978562 1.162164 1000022 13 1 15 3076
0 1.298986 1.452146 1.156092 0 4.358922 1.039242 1000022 13 1 7.12815 1.058047 1000022 13 1 15 3079
1 0.3767309 0.1505117 0.7131262 1 0.6903469 1.406662 1000022 13 1 26.26333 1.142101 1000022 13 1 15 3081
1 1.149237 1.698801 0.7921503 1 16.98931 2.367538 1000022 13 0 0.2324578 1.554541 1000022 13 1 15 3099
0 0.001480656 0.0002940148 0.00851074 0 0.4285036 1.34713 1000022 13 1 0.737321 1.053531 1000022 13 1 15 3133
1 0.6342273 1.05356 0.3835326 1 1.593316 1.168947 1000022 13 1 9.375689 1.195983 1000022 13 1 15 3149
1 1.183608 1.169262 1.159476 0 6.076698 1.204367 1000022 13 1 0.9259153 1.021521 1000022 13 1 15 3165
1 1.191782 1.185832 1.16486 1 3.273108 1.065624 1000022 13 1 13.53773 1.011877 1000022 13 1 15 3175
0 1.225386 1.141194 1.230719 1 1.868494 1.04837 1000022 13 1 2.118219 1.200825 1000022 13 1 15 3218
1 1.083255 0.8452013 1.220206 1 0.1781858 1.190668 1000022 13 1 8.625226 1.276464 1000022 13 1 15 3225
1 1.49586 1.706142 1.278772 1 8.915 1.100888 1000022 13 0 3.72723 1.02543 1000022 13 1 15 3234
1 0.8748782 0.5617447 1.136825 0 14.79876 1.03003 1000022 13 1 0.2085664 1.054618 1000022 13 1 15 3238
1 1.143675 1.253919 1.033471 1 3.356812 1.075926 1000022 13 1 6.115841 1.129527 1000022 13 1 15 3247
1 1.063672 0.7860307 1.245813 1 5.566427 1.278695 1000022 13 1 0.9300625 1.781305 1000022 13 1 15 3264
0 1.213336 1.227995 1.180605 0 7.747969 1.111788 1000022 13 1 1.497167 1.0578 1000022 13 1 15 3276
1 1.055133 1.104334 0.9975671 1 1.42218 1.055206 1000022 13 1 11.98559 1.539667 1000022 13 1 30 6358
1 0.1214868 0.03012302 0.3349064 1 12.37282 1.115311 1000022 13 0 4.543005 1.522552 1000022 13 1 30 6359
1 0.789787 0.4650854 1.097808 1 3.836628 1.084163 1000022 13 0 19.11391 1.191808 1000022 13 1 30 6362
1 0.9894024 0.7036328 1.19152 1 19.75385 1.021411 1000022 13 1 1.800661 1.338257 1000022 13 1 30 6378
1 1.314649 1.46568 1.173482 0 1.44236 1.243282 1000022 13 1 10.52737 1.077745 1000022 13 1 30 6408
1 1.114777 0.884905 1.24054 0 5.522222 1.042256 1000022 13 1 2.120781 1.72119 1000022 13 1 30 6411
1 1.199428 1.046014 1.251733 1 0.6052504 38.8952 1000022 13 1 8.43677 3.003554 1000022 13 1 30 6417
1 1.190567 1.223018 1.152597 0 10.27284 4.647407 1000022 13 1 14.52149 1.177001 1000022 13 1 30 6419
1 1.329532 1.478061 1.189894 0 4.951128 1.061487 1000022 13 1 8.545939 1.034158 1000022 13 1 30 6420
0 1.126364 0.9389989 1.211138 1 18.16745 1.432258 1000022 13 1 1.172222 1.219397 1000022 13 1 30 6432
1 1.167323 1.186361 1.134647 1 18.95659 1.028579 1000022 13 1 7.064045 1.075706 1000022 13 1 30 6453
1 1.099519 1.139476 1.051563 1 8.853301 1.092278 1000022 13 1 15.18615 1.414383 1000022 13 1 30 6468
1 1.099519 1.139476 1.051563 0 10.33369 1.097533 1000022 13 1 2.343059 1.313532 1000022 13 1 30 6475
1 0.2443026 0.07741789 0.5517042 0 8.605659 1.494834 1000022 13 1 8.739491 1.311849 1000022 13 1 30 6480
1 1.167323 1.186361 1.134647 0 11.26108 4.39171 1000022 13 1 18.51848 1.114041 1000022 13 1 30 6532
1 0.04601344 0.008200601 0.1755223 1 3.874614 1.851355 1000022 13 0 36.54684 1.228245 1000022 13 1 30 6542
1 1.095596 1.133769 1.050051 1 9.938812 1.031348 1000022 13 1 7.057039 1.024787 1000022 13 1 30 6543
1 1.314649 1.46568 1.173482 1 34.3988 1.054941 1000022 13 0 8.105254 1.235816 1000022 13 1 31 6575
1 0.001927587 0.0003547033 0.01149695 1 2.033415 1.254378 1000022 13 1 5.911075 1.432496 1000022 13 1 31 6578
1 1.199428 1.046014 1.251733 0 2.276679 4.746822 1000022 13 1 2.079232 2.073097 1000022 13 1 31 6588
1 1.145385 0.9245803 1.259718 1 7.194893 1.046186 1000022 13 1 32.69884 1.429909 1000022 13 1 31 6608
1 0.3170899 0.1198369 0.6261138 1 3.057613 1.395085 1000022 13 1 0.5591041 1.06029 1000022 13 1 31 6619
1 0.4544891 0.2018274 0.792879 0 3.473932 1.036054 1000022 13 0 6.238777 1.028711 1000022 13 1 31 6674
1 1.194803 1.137859 1.187115 0 6.860474 1.281362 1000022 13 1 4.553482 1.77902 1000022 13 1 31 6696
1 1.225386 1.141194 1.230719 1 26.58608 1.172909 1000022 13 0 10.43776 5.719865 1000022 13 1 31 6700
0 1.227292 1.202911 1.205555 0 3.64131 2.792009 1000022 13 1 14.65362 1.130988 1000022 13 1 31 6715
1 1.761918 2.058838 1.43754 1 14.43563 1.191049 1000022 13 1 23.4489 1.228003 1000022 13 1 31 6728
0 1.149237 1.698801 0.7921503 0 2.089863 1.915338 1000022 13 0 13.79773 2.36164 1000022 13 1 31 6749
1 1.176288 1.010978 1.239274 0 6.747087 1.03915 1000022 13 1 6.859787 1.330542 1000022 13 1 31 6772
1 1.048997 1.136673 0.9559695 0 0.5135573 3.608739 1000022 13 0 9.740916 1.131463 1000022 13 1 31 6776
1 1.034916 1.100018 0.9626585 1 7.043582 1.623111 1000022 13 1 7.115972 1.374701 1000022 13 1 32 6793
1 1.641128 1.972201 1.285192 0 16.45673 1.145878 1000022 13 0 1.845024 1.20782 1000022 13 1 32 6821
1 1.190567 1.223018 1.152597 1 3.011827 1.057205 1000022 13 0 2.617126 1.824014 1000022 13 1 32 6823
1 1.49586 1.706142 1.278772 1 0.9224352 1.519523 1000022 13 1 9.481204 2.581053 1000022 13 1 32 6835
1 1.645109 2.1548 1.183545 1 3.586852 1.082474 1000022 13 1 0.8876377 1.12216 1000022 13 1 32 6851
1 1.057513 1.112379 0.9951048 0 4.274438 1.123025 1000022 13 1 18.89621 1.051365 1000022 13 1 32 6867
1 0.8332192 0.5015442 1.138243 1 0.9931648 1.196834 1000022 13 1 2.593496 1.512758 1000022 13 1 32 6869
1 0.4269872 0.7264097 0.2541938 0 2.172761 1.085041 1000022 13 1 17.59134 1.515189 1000022 13 1 32 6883
0 1.058012 1.115802 0.9930252 1 2.205429 1.024202 1000022 13 1 0.005350225 1.080487 1000022 13 1 32 6891
1 1.036252 1.095703 0.9699052 0 4.125853 1.035342 1000022 13 1 1.040029 1.049166 1000022 13 1 32 6948
1 1.152501 1.258655 1.04415 1 10.31379 1.032788 1000022 13 1 23.66707 1.071339 1000022 13 1 32 6952
1 0.9517445 0.6636014 1.162862 0 0.4637105 1.107581 1000022 13 0 2.464574 1.847855 1000022 13 1 32 6955
1 0.3064061 0.1093534 0.631845 1 3.062266 1.030744 1000022 13 1 9.700034 1.336494 1000022 13 1 32 6983
1 0.4094664 0.1680855 0.7591912 0 2.100154 3.554622 1000022 13 1 0.2432705 1.630065 1000022 13 1 32 6984
1 1.050919 0.8056091 1.198818 1 4.433596 1.349246 1000022 13 1 3.110115 1.118445 1000022 13 1 33 7031
1 1.035838 1.098122 0.9666125 1 4.504933 1.118176 1000022 13 1 15.15391 1.838924 1000022 13 1 33 7041
1 1.034916 1.100018 0.9626585 1 3.641972 1.271203 1000022 13 1 9.338456 1.040234 1000022 13 1 33 7043
1 1.10316 1.145079 1.05266 1 6.180926 1.095454 1000022 13 1 13.53588 1.205396 1000022 13 1 33 7055
1 1.026751 0.7444853 1.219196 1 6.348682 1.181637 1000022 13 0 9.618013 1.446691 1000022 13 1 33 7057
0 0.5292084 0.8493549 0.3262614 1 1.55595 2.497435 1000022 13 0 8.448857 1.211709 1000022 13 1 33 7076
1 1.059052 1.139164 0.9715886 1 15.67304 1.05266 1000022 13 1 5.956885 1.265169 1000022 13 1 33 7079
0 1.142868 1.177299 1.103399 0 2.58562 3.679096 1000022 13 1 1.882752 1.376327 1000022 13 1 33 7081
1 1.058012 1.115802 0.9930252 1 1.66278 1.089982 1000022 13 1 2.285311 1.238101 1000022 13 1 33 7088
1 1.109295 1.155893 1.053631 1 15.87211 1.444509 1000022 13 0 0.0003957571 1.388396 1000022 13 1 33 7095
1 1.282494 1.437562 1.137462 0 4.934998 1.05516 1000022 13 1 10.22099 1.23542 1000022 13 1 33 7106
1 1.152501 1.258655 1.04415 1 2.736356 1.082089 1000022 13 1 7.297914 1.981955 1000022 13 1 33 7109
1 0.7055845 0.3974356 1.016366 1 25.56624 1.044885 1000022 13 0 10.10615 1.238141 1000022 13 1 33 7135
1 1.1849 1.214892 1.148506 0 7.516067 2.248141 1000022 13 1 15.15827 1.164394 1000022 13 1 33 7142
1 1.035838 1.098122 0.9666125 1 10.55564 1.033816 1000022 13 1 0.1363015 1.419977 1000022 13 1 33 7151
1 1.282494 1.437562 1.137462 0 5.276392 2.08417 1000022 13 1 1.936201 1.030436 1000022 13 1 33 7163
1 1.329532 1.478061 1.189894 1 0.3696993 1.099362 1000022 13 0 2.912086 6.930514 1000022 13 1 33 7202
1 1.524498 1.73059 1.317664 1 0.535198 2.107308 1000022 13 1 0.648147 1.991323 1000022 13 1 33 7215
1 1.812285 2.096335 1.505211 0 3.155554 1.607468 1000022 13 1 9.809231 2.105686 1000022 13 1 34 7236
1 1.058012 1.115802 0.9930252 1 1.900087 1.280917 1000022 13 0 1.369203 1.394242 1000022 13 1 34 7267
0 0.5380682 0.2637946 0.8676014 1 6.387272 1.528136 1000022 13 0 4.29362 3.333453 1000022 13 1 34 7298
1 1.143675 1.253919 1.033471 1 4.964615 1.18059 1000022 13 1 0.5242237 1.265648 1000022 13 1 34 7359
1 1.575265 1.775696 1.383444 1 1.549508 1.267294 1000022 13 1 1.673571 1.449827 1000022 13 1 34 7370
0 1.49586 1.706142 1.278772 0 2.254508 1.029715 1000022 13 1 25.02483 1.224186 1000022 13 1 34 7383
1 0.5279956 0.2465533 0.8852676 1 12.01756 1.122974 1000022 13 1 4.300198 1.505196 1000022 13 1 34 7386
1 1.050919 0.8056091 1.198818 0 2.017583 4.640076 1000022 13 1 15.94854 1.897493 1000022 13 1 34 7408
1 1.705086 2.017803 1.363962 1 1.823645 1.068743 1000022 13 1 7.427681 1.107561 1000022 13 1 34 7426
1 0.007146383 0.001067442 0.03981817 1 4.109426 1.099887 1000022 13 1 15.04085 1.066687 1000022 13 1 35 7459
1 1.059052 1.139164 0.9715886 1 18.54725 1.247424 1000022 13 1 3.31163 1.178637 1000022 13 1 35 7460
1 1.191782 1.185832 1.16486 1 15.59804 1.550639 1000022 13 1 2.175529 1.903981 1000022 13 1 35 7471
1 1.055133 1.104334 0.9975671 0 12.34777 3.589892 1000022 13 1 13.25518 1.052257 1000022 13 1 35 7472
1 0.8748782 0.5617447 1.136825 1 17.28368 1.960752 1000022 13 1 1.52536 1.114672 1000022 13 1 35 7481
0 1.109295 1.155893 1.053631 0 2.014883 1.382957 1000022 13 0 1.536178 1.071362 1000022 13 1 35 7505
1 1.151918 0.9752633 1.225726 0 3.689976 6.455374 1000022 13 1 0.6182849 1.314817 1000022 13 1 35 7526
1 1.49586 1.706142 1.278772 1 6.729677 1.154182 1000022 13 0 0.5803002 2.14449 1000022 13 1 35 7527
1 1.058012 1.115802 0.9930252 1 16.63087 1.185901 1000022 13 1 7.144874 1.054255 1000022 13 1 35 7534
1 1.49586 1.706142 1.278772 1 4.439054 1.601031 1000022 13 1 11.48578 1.215455 1000022 13 1 35 7557
1 1.053247 1.09991 0.9980844 1 6.756246 1.154003 1000022 13 1 10.66859 1.851103 1000022 13 1 35 7609
1 1.10316 1.145079 1.05266 1 9.795126 1.230109 1000022 13 1 0.6740006 1.28949 1000022 13 1 35 7610
1 0.9138955 0.6245104 1.1333 0 8.213559 1.678162 1000022 13 1 0.1352432 1.174233 1000022 13 1 35 7657
1 1.194803 1.137859 1.187115 1 1.533555 1.07953 1000022 13 1 0.4998268 1.410995 1000022 13 1 39 8337
1 1.645109 2.1548 1.183545 1 14.16507 1.046504 1000022 13 1 2.255614 1.047465 1000022 13 1 39 8352
1 0.001146163 0.0002355771 0.006417017 0 0.4093014 1.675495 1000022 13 1 3.413233 2.41517 1000022 13 1 39 8372
1 1.033406 1.101364 0.958024 1 0.2546155 1.054282 1000022 13 1 4.722142 1.703781 1000022 13 1 39 8379
1 1.575265 1.775696 1.383444 1 12.17018 1.94009 1000022 13 0 10.99983 1.376933 1000022 13 1 39 8385
1 1.289688 1.878288 0.892531 1 0.4194364 1.777545 1000022 13 1 8.590102 1.160807 1000022 13 1 39 8399
1 1.112575 1.233052 0.9981722 1 3.103286 1.142498 1000022 13 1 6.647967 5.131634 1000022 13 1 39 8404
1 1.157728 1.196465 1.111764 1 0.08758958 1.034913 1000022 13 1 0.7330832 1.232736 1000022 13 1 39 8447
1 1.134034 1.248093 1.022271 1 2.049592 1.822321 1000022 13 1 6.932368 1.193045 1000022 13 1 39 8452
1 1.031225 1.102163 0.9526981 1 0.9849169 1.064998 1000022 13 1 8.205823 1.668703 1000022 13 1 39 8454
1 1.524498 1.73059 1.317664 1 3.557053 1.190423 1000022 13 1 1.299276 1.153858 1000022 13 1 39 8459
1 1.106427 1.150534 1.053346 0 1.709095 1.71406 1000022 13 1 3.121545 2.47455 1000022 13 1 39 8476
1 1.199428 1.046014 1.251733 1 11.14836 1.583124 1000022 13 1 4.054715 1.246884 1000022 13 1 39 8498
1 1.298986 1.452146 1.156092 0 8.138715 1.79808 1000022 13 1 3.468977 1.078182 1000022 13 1 40 8549
1 1.217313 1.182622 1.199648 1 0.72818 1.13668 1000022 13 0 0.833559 1.11187 1000022 13 1 40 8558
1 1.123647 1.241142 1.010512 1 0.4805547 1.864118 1000022 13 1 4.663003 1.409467 1000022 13 1 40 8577
1 1.298986 1.452146 1.156092 1 0.1904287 1.215848 1000022 13 0 0.05653087 1.18458 1000022 13 1 40 8596
1 0.002610219 0.0004442447 0.01575894 0 5.794095 1.70015 1000022 13 1 6.655634 1.301748 1000022 13 1 40 8605
1 1.524498 1.73059 1.317664 0 4.774568 1.235743 1000022 13 0 6.133254 3.186017 1000022 13 1 40 8610
1 0.2304392 0.07526134 0.508429 1 12.47929 1.112721 1000022 13 1 2.076799 1.017079 1000022 13 1 40 8611
1 1.109295 1.155893 1.053631 1 1.223113 1.017178 1000022 13 1 1.469105 1.18245 1000022 13 1 40 8641
1 0.277155 0.4798076 0.1597663 0 4.643589 1.249074 1000022 13 1 19.37785 1.085003 1000022 13 1 40 8671
1 1.20651 1.16088 1.193521 1 0.01539908 1.303709 1000022 13 1 2.793205 1.259124 1000022 13 1 40 8685
1 1.031225 1.102163 0.9526981 0 3.126058 1.019798 1000022 13 1 6.299787 1.53779 1000022 13 1 40 8699
1 1.524498 1.73059 1.317664 0 1.550009 1.192963 1000022 13 0 2.522041 1.457138 1000022 13 1 40 8728
1 1.035838 1.098122 0.9666125 1 4.909826 1.066255 1000022 13 1 3.575274 2.238872 1000022 13 1 40 8730
1 1.75908 2.248522 1.290011 1 5.19209 1.456175 1000022 13 1 4.125525 1.554384 1000022 13 1 40 8743
1 1.017868 0.7662661 1.176325 1 10.34995 1.055525 1000022 13 1 4.958008 1.036507 1000022 13 1 40 8745
1 0.06482654 0.01276116 0.2218368 0 0.3464505 1.399449 1000022 13 0 19.63265 1.284395 1000022 13 1 40 8753
1 0.8748782 0.5617447 1.136825 1 16.86202 1.594084 1000022 13 1 15.02762 1.747506 1000022 13 1 41 8765
1 0.9574994 0.6410515 1.205563 1 0.1693967 2.425589 1000022 13 1 3.430697 1.238467 1000022 13 1 41 8775
1 1.199428 1.046014 1.251733 1 12.16479 1.066851 1000022 13 1 16.68916 1.104445 1000022 13 1 41 8778
1 0.6792043 1.500973 0.3097145 0 7.968891 1.25018 1000022 13 1 0.1275357 1.074449 1000022 13 1 41 8786
1 1.194803 1.137859 1.187115 0 2.794151 1.382914 1000022 13 1 8.73925 1.080268 1000022 13 1 41 8804
1 1.055133 1.104334 0.9975671 0 11.00515 1.06086 1000022 13 1 6.06958 1.333856 1000022 13 1 41 8838
1 1.199428 1.046014 1.251733 0 2.356849 1.588642 1000022 13 1 9.486124 1.13048 1000022 13 1 41 8844
1 0.08964617 0.01972916 0.2750357 1 1.544104 1.053372 1000022 13 0 3.025243 1.238652 1000022 13 1 41 8858
1 1.0427 1.134261 0.9473373 0 2.824906 1.544882 1000022 13 1 4.360578 1.040867 1000022 13 1 41 8859
1 1.645109 2.1548 1.183545 0 0.6832104 2.081483 1000022 13 0 2.144746 1.399884 1000022 13 1 41 8863
1 1.152501 1.258655 1.04415 1 2.84158 1.285923 1000022 13 0 1.79884 1.136826 1000022 13 1 41 8866
1 1.550791 1.753763 1.352368 1 2.577113 1.978164 1000022 13 0 1.349711 2.309104 1000022 13 1 41 8868
1 1.179161 1.206147 1.144075 1 8.98092 1.062201 1000022 13 1 0.2560718 3.753823 1000022 13 1 41 8871
1 1.524498 1.73059 1.317664 1 1.646869 1.091386 1000022 13 1 2.03159 2.135936 1000022 13 1 41 8886
1 0.8332192 0.5015442 1.138243 1 13.69264 2.152139 1000022 13 1 2.674202 1.340184 1000022 13 1 41 8918
1 1.157728 1.196465 1.111764 1 1.936042 1.084311 1000022 13 1 12.72526 1.119361 1000022 13 1 42 8991
1 1.42456 2.044705 0.9864829 1 0.9428964 1.049273 1000022 13 1 4.014239 1.338779 1000022 13 1 42 8992
1 1.645109 2.1548 1.183545 1 6.094899 1.974989 1000022 13 1 5.077551 3.072968 1000022 13 1 42 8994
1 0.6998869 0.3767799 1.045889 1 4.619724 1.023362 1000022 13 1 0.4775537 1.227212 1000022 13 1 42 9001
1 1.099696 0.9023142 1.195627 0 3.125333 1.226212 1000022 13 1 11.62004 1.069641 1000022 13 1 42 9007
1 1.206555 1.21522 1.17542 1 11.21324 1.381679 1000022 13 1 2.727071 1.015572 1000022 13 1 42 9021
1 1.217313 1.182622 1.199648 0 7.944973 5.389373 1000022 13 1 15.31897 1.193532 1000022 13 1 42 9023
