1 1.112575 1.233052 0.9981722 1 25.60863 1.927483 6003113 13 1 21.93012 1.00728 6003113 11 1 392 94024
1 0.1610681 0.04515641 0.4007308 1 35.70347 1.129915 6003113 11 1 26.57461 1.179927 6003113 13 1 393 94142
1 1.151918 0.9752633 1.225726 1 4.012143 1.024079 6002113 11 1 8.265202 1.006165 6002113 13 1 393 94240
1 1.057513 1.112379 0.9951048 1 7.859631 1.211878 6002113 13 1 2.28784 1.038218 6002113 11 1 395 94703
1 1.56971 1.920896 1.202337 1 11.50117 1.135522 6002113 13 1 1.411581 1.775891 6002113 11 1 94 22540
1 1.329532 1.478061 1.189894 1 9.687394 1.005402 6002113 13 1 0.183566 1.254609 6002113 11 1 98 23358
1 1.314649 1.46568 1.173482 0 162.4693 1.009963 6003113 11 1 30.72895 1.219075 6003113 13 1 101 24052
1 0.8748782 0.5617447 1.136825 1 49.61048 2.103218 6003113 11 1 16.37847 1.080138 6003113 13 1 103 24662
1 1.048836 1.548763 0.7254791 1 28.84472 2.267276 6003113 11 1 18.79522 1.150293 6003113 13 1 112 26792
1 0.2208223 0.06788179 0.510611 0 7.895686 1.16565 6003113 13 1 19.51784 1.280306 6003113 11 1 200 47981
1 1.099696 0.9023142 1.195627 1 12.99275 1.054766 6003113 13 1 11.35656 1.023787 6003113 11 1 248 59300
1 0.9219857 1.364073 0.6240806 1 10.19976 1.005036 6002113 13 1 1.531747 1.059403 6002113 11 1 249 59546
1 1.176288 1.010978 1.239274 0 195.6541 1.339468 6003113 11 1 23.22622 1.982187 6003113 13 1 388 92931
1 1.75908 2.248522 1.290011 1 13.82233 1.042055 6003113 13 1 18.60876 1.406606 6003113 11 1 388 93065
1 1.048997 1.136673 0.9559695 1 2.153886 2.225038 6003113 11 1 32.9076 1.370069 6003113 13 1 389 93287
1 1.75908 2.248522 1.290011 0 70.782 1.191273 6003113 11 1 21.43559 1.091635 6003113 13 1 408 97708
1 0.1363718 0.034862 0.3662451 1 30.95287 1.311684 6003113 13 0 147.4342 3.635002 6003113 11 1 109 25930
1 0.5226254 0.8798594 0.3137767 1 12.35272 1.184743 6003113 13 1 12.84512 1.418342 6003113 11 1 116 27714
1 1.114777 0.884905 1.24054 1 1.083022 1.303629 6002113 11 1 10.87002 1.007041 6002113 13 1 134 31980
1 1.645109 2.1548 1.183545 1 7.641129 2.194417 6002113 13 1 5.188827 1.105601 6002113 11 1 139 33265
1 1.645109 2.1548 1.183545 1 9.435432 2.143703 6002113 13 1 0.8875718 1.014321 6002113 11 1 140 33446
1 1.134034 1.248093 1.022271 1 53.87244 2.130031 6003113 13 0 6.604496 6.721169 6003113 11 1 146 34952
1 1.167323 1.186361 1.134647 1 34.58319 1.110428 6003113 13 1 10.15321 1.287817 6003113 11 1 146 35018
1 0.6159488 0.3166172 0.9557644 0 98.3445 1.611562 6003113 11 1 17.88901 1.018986 6003113 13 1 55 13085
1 1.033406 1.101364 0.958024 1 10.7078 1.011286 6003113 13 0 3.525166 1.244178 6003113 11 1 55 13123
1 1.114777 0.884905 1.24054 1 9.02799 1.095316 6002113 13 1 5.255915 3.073933 6002113 11 1 76 18215
1 1.063672 0.7860307 1.245813 1 30.44447 1.179232 6003113 13 1 7.482058 2.536945 6003113 11 1 80 19124
1 1.063672 0.7860307 1.245813 1 13.46574 1.249445 6003113 13 0 194.4045 1.516833 6003113 11 1 231 55283
1 0.00168076 0.0003154108 0.009954298 1 0.631555 1.177779 6002113 11 1 9.766191 1.120138 6002113 13 1 231 55423
1 0.009710893 0.001441682 0.05238557 1 3.124849 1.01934 6002113 11 1 13.43898 2.089054 6002113 13 1 244 58548
1 1.050919 0.8056091 1.198818 1 3.001205 1.253262 6002113 11 1 7.106037 1.006249 6002113 13 1 296 70931
1 1.173319 1.196671 1.139395 1 0.8945979 1.864295 6002113 11 1 10.16187 2.944085 6002113 13 1 316 75744
1 0.5279956 0.2465533 0.8852676 0 187.6985 1.153192 6003113 11 1 43.48302 2.292837 6003113 13 1 318 76274
1 0.5675248 0.271593 0.9330701 1 10.80869 1.223255 6002113 13 1 2.377046 1.564953 6002113 11 1 329 78785
1 1.053247 1.09991 0.9980844 1 17.01617 1.24701 6003113 11 1 30.99822 1.015284 6003113 13 1 319 76551
1 0.5380682 0.2637946 0.8676014 1 33.19513 1.014402 6003113 13 1 4.33061 2.330991 6003113 11 1 371 88849
1 0.06958118 0.01446482 0.2254303 1 14.35507 2.044642 6003113 13 1 27.92174 1.048569 6003113 11 1 60 14320
1 1.126364 0.9389989 1.211138 1 11.88982 1.073935 6003113 13 1 11.58655 1.456302 6003113 11 1 60 14364
1 1.109295 1.155893 1.053631 1 30.80902 1.27915 6003113 13 0 57.1995 1.680676 6003113 11 1 66 15667
1 0.3767309 0.1505117 0.7131262 1 30.28332 1.116893 6003113 13 0 145.6165 2.882994 6003113 11 1 173 41283
1 1.03119 1.524041 0.7057037 1 72.25296 1.629891 6003113 11 1 34.34602 2.204998 6003113 13 1 163 39070
1 0.6159488 0.3166172 0.9557644 0 35.58521 3.812143 6003113 11 1 25.36645 1.11599 6003113 13 1 164 39204
1 1.183608 1.169262 1.159476 1 27.24267 1.075207 6003113 13 1 0.9378886 1.432613 6003113 11 1 172 41247
1 0.9160994 0.6007248 1.171549 1 17.50913 1.245615 6003113 13 0 83.9704 1.005413 6003113 11 1 175 41890
1 0.4442115 0.1872741 0.8068974 1 30.76415 2.191829 6003113 13 1 2.073808 1.13919 6003113 11 1 175 41977
1 1.062846 1.139449 0.9784784 1 27.05982 1.168042 6003113 11 1 23.69947 1.094129 6003113 13 1 179 42749
1 1.192805 1.083559 1.213989 0 6.109074 1.309082 6003113 11 1 18.31938 1.089453 6003113 13 1 179 42850
1 1.190567 1.223018 1.152597 1 21.45983 2.868967 6003113 11 1 18.07429 1.251415 6003113 13 1 193 46116
1 1.199428 1.046014 1.251733 1 3.081489 1.261056 6003113 11 1 10.77514 1.992529 6003113 13 1 13 3101
1 0.06958118 0.01446482 0.2254303 1 13.60683 1.150948 6002113 13 1 8.26709 1.260464 6002113 11 1 11 2490
1 0.1786235 0.3910689 0.1030457 1 33.07329 1.196436 6003113 13 1 11.2694 1.416833 6003113 11 1 11 2622
1 1.054444 1.13827 0.9640688 1 0.06119763 1.245159 6002113 11 1 16.81474 2.224595 6002113 13 1 26 6188
1 1.199428 1.046014 1.251733 1 23.80818 1.286146 6003113 13 0 21.50833 3.908391 6003113 11 1 59 14156
1 1.550791 1.753763 1.352368 1 45.52613 2.287545 6003113 13 1 77.0433 1.9236 6003113 11 1 126 30038
1 1.164201 1.711426 0.8059074 1 21.38655 2.260895 6002113 13 1 7.322169 1.40782 6002113 11 1 126 30162
1 1.036252 1.095703 0.9699052 1 3.553414 1.242578 6003113 11 1 34.09948 1.113525 6003113 13 1 291 69703
1 1.056557 1.108524 0.9965968 1 8.784709 1.274653 6003113 13 1 26.71997 1.031913 6003113 11 1 232 55509
1 1.053247 1.09991 0.9980844 1 13.45632 1.622199 6003113 11 1 22.22036 1.088036 6003113 13 1 247 59096
1 1.183608 1.169262 1.159476 0 17.0935 5.956695 6003113 11 1 39.32775 1.14246 6003113 13 1 247 59099
1 1.056557 1.108524 0.9965968 1 77.22853 2.223723 6003113 11 1 39.58904 1.796321 6003113 13 1 285 68325
1 1.209625 1.112975 1.222657 1 3.477094 2.566692 6003113 11 1 29.37493 1.79983 6003113 13 1 288 69067
1 1.179161 1.206147 1.144075 1 36.14735 1.083345 6003113 13 1 9.67764 1.290264 6003113 11 1 392 93844
1 0.3920611 0.7237228 0.2037318 1 26.4264 2.132273 6003113 13 0 152.831 2.111056 6003113 11 1 255 61112
1 0.114587 0.02674881 0.3330998 1 9.533408 1.01644 6002113 13 1 4.090267 2.488097 6002113 11 1 256 61396
1 0.3064061 0.1093534 0.631845 1 17.79648 1.114088 6003113 13 0 86.07851 1.030471 6003113 11 1 257 61571
1 1.062846 1.139449 0.9784784 1 27.30864 1.018621 6003113 11 1 10.21116 1.018301 6003113 13 1 377 90387
1 1.035838 1.098122 0.9666125 1 24.36865 1.795866 6003113 13 1 19.78953 1.002981 6003113 11 1 373 89380
1 1.059052 1.139164 0.9715886 0 60.06966 1.057666 6003113 11 1 21.3056 1.237796 6003113 13 1 374 89632
1 1.143675 1.253919 1.033471 1 26.1763 1.114991 6003113 13 0 63.77906 1.094729 6003113 11 1 374 89732
1 1.057513 1.112379 0.9951048 0 27.25664 2.126591 6003113 11 1 48.26723 2.23238 6003113 13 1 381 91276
1 0.6679293 1.172073 0.374902 1 40.47075 1.220235 6003113 13 0 21.18865 1.524654 6003113 11 1 416 99685
1 1.03119 1.524041 0.7057037 1 52.52581 1.126182 6003113 13 0 60.60021 5.483703 6003113 11 1 12 2654
1 1.167323 1.186361 1.134647 1 38.04884 1.928828 6003113 13 1 11.97408 1.447167 6003113 11 1 42 10072
1 0.6998869 0.3767799 1.045889 0 16.89588 5.273762 6003113 11 1 16.52187 1.219257 6003113 13 1 108 25798
1 1.137649 1.170432 1.099925 1 57.09354 1.900172 6003113 11 1 33.87863 1.885989 6003113 13 1 275 65889
1 1.167323 1.186361 1.134647 1 14.29684 1.067626 6003113 13 1 45.48571 1.250073 6003113 11 1 275 65946
1 0.6998869 0.3767799 1.045889 1 21.47386 1.833148 6003113 13 1 4.398991 1.250545 6003113 11 1 301 72113
1 0.6159488 0.3166172 0.9557644 1 9.296763 1.186691 6002113 13 1 1.015662 1.04564 6002113 11 1 301 72121
1 0.9160994 0.6007248 1.171549 1 30.25411 1.028987 6003113 11 0 27.33901 1.009525 6003113 13 1 208 49800
1 1.048997 1.136673 0.9559695 0 111.366 5.988987 6003113 11 1 20.06982 1.062464 6003113 13 1 258 61838
1 0.5380682 0.2637946 0.8676014 0 27.75053 1.005808 6003113 11 1 16.94025 1.131333 6003113 13 1 362 86833
1 1.035838 1.098122 0.9666125 1 10.8554 1.134953 6003113 13 1 0.8552399 1.008753 6003113 11 1 362 86871
1 0.4903168 0.2233237 0.8385035 1 16.24511 1.151623 6003113 13 1 9.997267 2.166287 6003113 11 1 363 86945
1 1.405111 1.934095 0.9833891 1 24.03622 1.006437 6003113 13 0 64.57234 1.273955 6003113 11 1 31 7202
1 0.9219857 1.364073 0.6240806 1 8.343295 1.17505 6002113 13 1 9.431713 2.796597 6002113 11 1 31 7212
1 1.282494 1.437562 1.137462 0 85.81473 7.765437 6003113 11 1 4.880041 1.182311 6003113 13 1 31 7401
1 1.174602 1.053046 1.204645 1 11.46914 1.004895 6002113 13 1 10.27794 1.016997 6002113 11 1 182 43468
1 1.206555 1.21522 1.17542 1 8.384559 1.00637 6002113 13 1 3.723749 1.11664 6002113 11 1 182 43508
1 1.157728 1.196465 1.111764 1 5.539728 1.026805 6002113 13 1 2.58971 1.029573 6002113 11 1 182 43558
1 0.6235333 0.981489 0.3895437 0 79.80818 12.25074 6003113 11 1 44.40712 1.256078 6003113 13 1 203 48511
1 0.3459568 0.1344595 0.6687537 1 50.31924 1.208264 6003113 13 0 39.32965 5.250338 6003113 11 1 203 48715
1 1.095596 1.133769 1.050051 0 2.870502 1.060665 6002113 11 1 18.59576 1.853658 6002113 13 1 245 58601
1 1.054444 1.13827 0.9640688 1 42.90002 1.830239 6003113 11 1 25.77663 1.080074 6003113 13 1 267 63927
1 1.812285 2.096335 1.505211 1 20.16633 1.008051 6003113 11 1 25.9464 1.008038 6003113 13 1 320 76656
1 0.1610681 0.04515641 0.4007308 1 12.91778 1.00641 6003113 11 1 30.98708 1.096765 6003113 13 1 320 76670
1 1.199401 1.201198 1.170168 1 30.13284 1.104886 6003113 13 0 49.82929 1.005919 6003113 11 1 331 79211
1 1.059052 1.139164 0.9715886 1 0.8574166 1.037037 6002113 11 1 14.13066 1.041434 6002113 13 1 341 81718
1 1.033406 1.101364 0.958024 1 34.55093 1.2233 6003113 13 1 38.23936 1.034925 6003113 11 1 367 88036
1 1.031225 1.102163 0.9526981 1 1.408676 1.731959 6002113 11 1 15.79429 2.42627 6002113 13 1 386 92524
1 0.7934737 0.4881172 1.065644 1 18.53904 2.372123 6003113 11 1 40.2801 1.919553 6003113 13 1 386 92550
1 0.9574994 0.6410515 1.205563 1 10.75452 1.112978 6003113 13 1 26.90064 1.577239 6003113 11 1 70 16632
1 1.033406 1.101364 0.958024 1 41.18871 1.013557 6003113 11 1 19.06997 1.004827 6003113 13 1 99 23599
1 1.46424 1.680344 1.235249 1 21.59826 1.023213 6003113 13 0 24.08968 1.591754 6003113 11 1 100 23796
1 1.134034 1.248093 1.022271 1 30.65944 1.007767 6003113 13 0 32.3688 1.254084 6003113 11 1 158 37742
1 1.053247 1.09991 0.9980844 1 24.58952 2.199541 6003113 13 1 16.60838 1.416468 6003113 11 1 158 37743
1 1.095596 1.133769 1.050051 0 155.3384 3.23243 6003113 11 1 34.82662 1.21312 6003113 13 1 158 37831
1 1.42456 2.044705 0.9864829 1 2.332047 1.544823 6002113 11 1 6.693398 1.094773 6002113 13 1 166 39630
1 1.645109 2.1548 1.183545 1 3.462654 1.006999 6002113 11 1 9.171218 1.633325 6002113 13 1 204 48911
1 1.190567 1.223018 1.152597 1 10.87492 1.109186 6002113 13 1 6.406286 1.596945 6002113 11 1 70 16793
1 1.217313 1.182622 1.199648 0 148.5986 1.835485 6003113 11 1 14.95604 1.030148 6003113 13 1 82 19473
1 1.199428 1.046014 1.251733 0 69.16685 1.805521 6003113 11 1 6.712564 1.013867 6003113 13 1 106 25300
1 1.176288 1.010978 1.239274 1 40.23274 1.190448 6003113 13 1 25.38021 1.815975 6003113 11 1 106 25422
1 1.056557 1.108524 0.9965968 1 15.96585 2.684394 6003113 11 1 34.04737 1.154655 6003113 13 1 143 34213
1 1.314649 1.46568 1.173482 1 19.40545 1.065215 6003113 13 0 31.50514 2.414617 6003113 11 1 187 44865
1 1.164201 1.711426 0.8059074 1 10.54338 1.006598 6003113 13 1 23.68171 1.459978 6003113 11 1 228 54679
1 1.192805 1.083559 1.213989 1 12.21569 2.816035 6003113 13 1 49.20513 1.207034 6003113 11 1 241 57614
1 1.1849 1.214892 1.148506 1 12.96427 1.412173 6003113 11 1 22.68587 1.015917 6003113 13 1 243 58110
1 0.5762256 0.2893137 0.9113798 1 9.904458 1.181933 6002113 13 1 7.397373 1.193611 6002113 11 1 270 64699
1 1.143675 1.253919 1.033471 1 44.51643 1.29693 6003113 13 1 21.73732 1.398582 6003113 11 1 304 72913
1 1.109295 1.155893 1.053631 1 15.12269 3.421178 6003113 13 0 12.96305 2.191884 6003113 11 1 68 16105
1 1.033406 1.101364 0.958024 1 17.41327 1.54598 6003113 11 1 17.27141 2.139627 6003113 13 1 68 16297
1 1.56971 1.920896 1.202337 1 21.52329 1.236332 6003113 13 0 61.9243 1.308754 6003113 11 1 141 33632
1 0.6159488 0.3166172 0.9557644 1 3.575064 1.704807 6002113 11 1 9.691815 1.007166 6002113 13 1 181 43365
1 0.7934737 0.4881172 1.065644 1 28.31018 1.143247 6003113 13 0 1.04882 1.106608 6003113 11 1 1 161
1 0.8332192 0.5015442 1.138243 1 23.40049 1.015888 6003113 11 1 17.9613 1.089711 6003113 13 1 25 5793
1 1.199401 1.201198 1.170168 1 31.53705 1.03515 6003113 13 1 0.6508176 1.222016 6003113 11 1 300 71766
1 0.008972122 0.001331868 0.04754584 0 5.930344 1.033437 6003113 11 1 13.52641 2.35219 6003113 13 1 375 89782
1 1.550791 1.753763 1.352368 1 2.301796 1.136024 6002113 11 1 14.26945 1.12007 6002113 13 1 375 89978
1 1.199401 1.201198 1.170168 1 23.33915 1.122921 6003113 11 1 15.51643 1.260586 6003113 13 1 376 90218
1 0.07905591 0.01690496 0.2492307 1 13.46686 1.836527 6003113 11 1 22.28592 1.018312 6003113 13 1 125 29938
1 1.050919 0.8056091 1.198818 0 8.838759 1.157562 6003113 11 1 29.75735 1.843703 6003113 13 1 125 29963
1 1.282494 1.437562 1.137462 0 6.374646 1.435153 6003113 11 1 29.83263 1.108479 6003113 13 1 195 46726
1 1.123647 1.241142 1.010512 1 34.1963 1.02812 6003113 13 0 124.157 3.480275 6003113 11 1 276 66090
1 0.6342273 1.05356 0.3835326 1 35.77349 1.181314 6003113 13 0 6.875044 1.083154 6003113 11 1 340 81474
1 1.176288 1.010978 1.239274 1 30.3799 1.253842 6003113 11 1 26.95386 1.180024 6003113 13 1 345 82713
1 1.182032 1.113501 1.180358 1 29.94104 1.108031 6003113 11 1 35.55235 1.166996 6003113 13 1 359 86095
1 1.282494 1.437562 1.137462 0 57.87255 2.775574 6003113 11 1 37.28324 1.009074 6003113 13 1 391 93801
1 1.20651 1.16088 1.193521 0 87.4406 1.064367 6003113 11 1 11.12402 1.275509 6003113 13 1 406 97238
1 1.147959 1.183877 1.106546 1 0.9840149 1.735351 6002113 11 1 19.59449 1.316357 6002113 13 1 33 7731
1 1.036252 1.095703 0.9699052 1 1.222244 3.155074 6003113 11 1 12.82271 1.105847 6003113 13 1 33 7785
1 0.6571895 0.3457574 1.000641 1 4.331808 1.010576 6002113 11 1 5.107173 1.157855 6002113 13 1 67 15888
1 0.7268606 1.122648 0.4611204 1 21.57619 1.072922 6003113 13 1 58.95111 2.812085 6003113 11 1 67 15916
1 1.114777 0.884905 1.24054 1 35.31959 1.075152 6003113 13 0 44.29701 2.748468 6003113 11 1 397 95133
1 1.182032 1.113501 1.180358 1 41.80353 1.243878 6003113 11 1 4.028525 1.006958 6003113 13 1 397 95246
1 1.526225 2.04983 1.080738 1 6.446278 2.541755 6002113 11 1 10.59907 1.322471 6002113 13 1 415 99413
1 0.9574994 0.6410515 1.205563 1 10.58802 2.217525 6002113 11 1 8.89545 1.182594 6002113 13 1 48 11358
1 1.152501 1.258655 1.04415 1 12.79173 1.091357 6002113 13 0 0.3812367 1.018726 6002113 11 1 117 27933
1 1.42456 2.044705 0.9864829 1 19.65804 1.091331 6003113 13 1 15.55088 1.635805 6003113 11 1 117 28008
1 1.199401 1.201198 1.170168 1 13.92043 1.123679 6003113 13 1 13.16681 1.050145 6003113 11 1 119 28556
1 0.1707681 0.04642279 0.4356818 0 34.65958 1.103118 6003113 13 0 24.50671 1.019088 6003113 11 1 205 49159
1 1.0427 1.134261 0.9473373 0 23.55374 5.433558 6003113 11 1 17.54309 1.876471 6003113 13 1 221 52872
1 0.7055845 0.3974356 1.016366 1 17.68106 1.00466 6003113 11 1 10.17459 1.078503 6003113 13 1 221 53018
1 1.174602 1.053046 1.204645 1 12.82069 1.20129 6003113 13 0 1.044528 1.069485 6003113 11 1 236 56565
1 1.106427 1.150534 1.053346 1 10.43442 1.114391 6002113 13 0 1.44712 1.122861 6002113 11 1 263 62899
1 1.048836 1.548763 0.7254791 1 24.8432 1.248414 6003113 13 1 47.07607 1.052808 6003113 11 1 274 65675
1 0.04323696 0.007888732 0.160549 1 32.51003 1.156534 6003113 11 1 27.96039 1.00928 6003113 13 1 315 75517
1 1.20651 1.16088 1.193521 1 24.48238 2.003134 6003113 13 0 52.68149 4.226531 6003113 11 1 403 96655
1 1.056557 1.108524 0.9965968 0 47.73654 1.841348 6003113 11 1 24.35767 2.078861 6003113 13 1 7 1460
1 1.048997 1.136673 0.9559695 1 29.35556 1.248534 6003113 13 0 53.16307 7.040858 6003113 11 1 47 11199
1 1.405111 1.934095 0.9833891 0 77.56159 1.745188 6003113 11 1 7.42271 1.091712 6003113 13 1 188 44925
1 1.179161 1.206147 1.144075 1 14.79685 1.03866 6002113 13 1 12.71636 1.173224 6002113 11 1 289 69233
1 1.123647 1.241142 1.010512 1 60.39025 2.298204 6003113 11 1 13.31688 2.232484 6003113 13 1 344 82381
1 1.026751 0.7444853 1.219196 1 31.00968 1.100263 6003113 13 1 3.512922 1.003895 6003113 11 1 358 85827
1 0.1363718 0.034862 0.3662451 0 54.7914 1.089554 6003113 11 1 15.02638 1.021488 6003113 13 1 358 85857
1 1.106427 1.150534 1.053346 1 18.87897 1.017032 6003113 13 1 18.1855 1.188467 6003113 11 1 74 17660
1 1.058012 1.115802 0.9930252 1 13.56789 1.008382 6003113 11 1 13.43379 1.234622 6003113 13 1 282 67486
1 1.645109 2.1548 1.183545 0 57.0177 1.698581 6003113 11 1 21.56285 1.075921 6003113 13 1 295 70582
1 1.15499 1.021547 1.194574 1 0.8313915 1.452321 6002113 11 1 7.820544 1.006697 6002113 13 1 305 73018
1 1.034916 1.100018 0.9626585 1 13.07623 2.714165 6003113 13 0 7.549203 1.010195 6003113 11 1 305 73081
1 0.9160994 0.6007248 1.171549 1 23.73089 1.231937 6003113 13 1 12.9547 1.233128 6003113 11 1 314 75167
1 1.062846 1.139449 0.9784784 1 6.339862 1.007383 6002113 11 1 9.27302 1.195966 6002113 13 1 328 78679
1 1.183608 1.169262 1.159476 1 6.563268 2.031733 6003113 11 1 28.92715 1.019053 6003113 13 1 412 98666
1 1.575265 1.775696 1.383444 1 3.499526 1.211547 6003113 11 1 25.24487 1.066585 6003113 13 1 412 98683
1 1.645109 2.1548 1.183545 1 19.79977 1.061813 6003113 11 1 14.13199 1.250539 6003113 13 1 41 9624
1 0.8383967 1.273376 0.5409222 1 27.63616 1.310762 6003113 11 1 3.336544 1.012376 6003113 13 1 54 12863
1 0.3459568 0.1344595 0.6687537 1 40.03576 1.223235 6003113 13 0 139.9021 1.232115 6003113 11 1 89 21131
1 1.550791 1.753763 1.352368 0 28.26046 5.911947 6003113 11 1 28.6739 1.110364 6003113 13 1 123 29314
1 0.789787 0.4650854 1.097808 1 10.8179 1.06534 6003113 13 1 10.8464 1.139439 6003113 11 1 142 33908
1 1.575265 1.775696 1.383444 1 26.9043 2.054078 6003113 13 1 1.888891 2.110026 6003113 11 1 155 36989
1 1.213336 1.227995 1.180605 1 22.20088 2.270991 6003113 13 1 45.92538 1.027017 6003113 11 1 156 37283
1 1.137649 1.170432 1.099925 1 27.26275 1.301729 6003113 11 1 22.2089 1.184331 6003113 13 1 165 39423
1 1.526225 2.04983 1.080738 1 7.414036 2.021968 6002113 11 1 4.637972 1.263827 6002113 13 1 260 62314
1 1.134034 1.248093 1.022271 1 16.87657 1.02933 6003113 13 0 31.37712 1.477836 6003113 11 1 262 62720
1 1.142868 1.177299 1.103399 1 22.09376 1.006676 6003113 13 1 28.86287 1.415916 6003113 11 1 264 63288
1 0.8748782 0.5617447 1.136825 1 4.235607 1.262777 6003113 11 1 22.04838 1.062513 6003113 13 1 286 68459
1 1.054444 1.13827 0.9640688 1 14.5681 1.008858 6003113 13 1 19.64354 1.124352 6003113 11 1 286 68606
1 1.152971 1.190243 1.109341 1 62.5572 2.028654 6003113 13 0 129.5618 2.480428 6003113 11 1 335 80170
1 1.112575 1.233052 0.9981722 1 10.93582 1.088345 6003113 13 1 8.555842 1.060489 6003113 11 1 336 80455
1 1.179161 1.206147 1.144075 0 92.76094 1.014749 6003113 11 1 13.554 1.303264 6003113 13 1 352 84308
1 0.114587 0.02674881 0.3330998 1 8.38389 1.353815 6002113 13 1 1.910038 1.057652 6002113 11 1 369 88383
1 1.142868 1.177299 1.103399 1 11.94409 1.03615 6003113 13 1 12.32326 1.688689 6003113 11 1 370 88773
