1 1.217313 1.182622 1.199648 1 158.262 1.522751 6003113 11 1 37.83581 1.612269 6003113 13 1 227 54362
1 0.4544891 0.2018274 0.792879 1 172.5811 1.990581 6003113 13 0 1483.661 4.093543 6003113 11 1 227 54434
1 1.099696 0.9023142 1.195627 1 87.02352 1.573129 6002113 11 1 31.73365 1.758496 6002113 13 1 228 54638
1 1.225386 1.141194 1.230719 1 27.83775 2.060978 6003113 13 1 740.7285 2.09248 6003113 11 1 230 55068
1 1.033406 1.101364 0.958024 1 67.21835 1.974601 6002113 11 1 62.16121 1.999068 6002113 13 1 230 55162
1 0.6571895 0.3457574 1.000641 1 35.23763 1.922093 6002113 13 0 89.16496 4.149712 6002113 11 1 244 58336
1 1.206555 1.21522 1.17542 1 285.8087 2.676713 6003113 11 1 177.265 2.277714 6003113 13 1 244 58450
1 1.106427 1.150534 1.053346 1 25.14571 1.368966 6002113 13 1 11.35867 2.506898 6002113 11 1 244 58539
1 1.405111 1.934095 0.9833891 1 113.9491 2.023685 6002113 13 1 85.51536 2.464057 6002113 11 1 244 58544
1 1.167323 1.186361 1.134647 0 6.497828 3.242504 6003113 11 1 161.7422 1.630266 6003113 13 1 258 61825
1 1.645109 2.1548 1.183545 1 33.77029 1.857378 6002113 13 1 14.16439 1.631143 6002113 11 1 258 61870
1 1.099696 0.9023142 1.195627 0 440.5189 1.603173 6003113 11 1 133.0406 1.62676 6003113 13 1 259 61991
1 1.062846 1.139449 0.9784784 1 124.2808 1.546497 6002113 13 1 29.55317 1.652303 6002113 11 1 267 63850
1 1.145385 0.9245803 1.259718 1 64.95851 1.538808 6002113 13 0 44.8123 2.493953 6002113 11 1 267 64058
1 1.213336 1.227995 1.180605 1 51.52259 6.701946 6003113 11 1 58.3818 1.551413 6003113 13 1 269 64382
1 0.9160994 0.6007248 1.171549 1 8.934673 3.607212 6002113 11 1 35.63824 1.873052 6002113 13 1 381 91434
1 0.8748782 0.5617447 1.136825 1 691.991 2.670208 6003113 11 1 34.22332 1.283435 6003113 13 1 392 93917
1 1.137649 1.170432 1.099925 1 38.0331 1.569643 6002113 13 1 121.7257 1.465946 6002113 11 1 11 2487
1 1.1849 1.214892 1.148506 0 44.53796 2.435201 6002113 11 1 64.83189 1.76331 6002113 13 1 256 61294
1 0.665028 0.3662483 0.9755856 1 41.00951 1.116954 6002113 11 1 47.23475 1.141474 6002113 13 1 23 5514
1 1.083255 0.8452013 1.220206 0 83.33713 1.540978 6002113 11 1 74.48759 1.507103 6002113 13 1 62 14722
1 1.152501 1.258655 1.04415 1 78.77628 1.654653 6002113 13 0 67.74088 1.692206 6002113 11 1 272 65225
1 1.062846 1.139449 0.9784784 1 11.63591 4.233819 6002113 11 1 47.58397 1.657381 6002113 13 1 313 74903
1 0.2304392 0.07526134 0.508429 0 835.5029 1.900791 6003113 11 1 108.105 1.489132 6003113 13 1 313 74912
1 1.099696 0.9023142 1.195627 1 54.16333 1.972757 6002113 13 1 25.18373 4.478761 6002113 11 1 315 75411
1 1.099519 1.139476 1.051563 1 57.54082 1.685112 6002113 13 1 91.28345 2.361796 6002113 11 1 315 75418
1 0.4903168 0.2233237 0.8385035 1 82.18295 2.086377 6002113 13 0 89.8213 3.298009 6002113 11 1 315 75483
1 0.3170899 0.1198369 0.6261138 0 28.63383 2.706535 6002113 11 1 40.60543 1.636301 6002113 13 1 315 75582
1 1.194803 1.137859 1.187115 1 22.90339 1.783481 6003113 13 1 325.4083 1.74679 6003113 11 1 321 76863
1 1.106427 1.150534 1.053346 0 1.215993 2.030285 6002113 11 1 28.34056 1.277869 6002113 13 1 328 78539
1 0.04601344 0.008200601 0.1755223 0 19.38087 1.695917 6002113 11 1 61.36152 1.638758 6002113 13 1 383 91814
1 0.6792043 1.500973 0.3097145 1 13.44914 1.59594 6002113 13 0 56.91057 1.499026 6002113 11 1 383 91877
1 1.112575 1.233052 0.9981722 1 30.67597 1.846298 6002113 13 1 7.545749 1.914125 6002113 11 1 391 93769
1 1.137649 1.170432 1.099925 1 58.13734 1.789401 6002113 13 1 9.554852 1.336977 6002113 11 1 1 81
1 1.048997 1.136673 0.9559695 1 190.986 1.881042 6003113 13 0 269.9411 2.240738 6003113 11 1 1 141
1 1.058012 1.115802 0.9930252 1 151.2945 17.3973 6003113 11 1 290.8352 1.386247 6003113 13 1 1 163
1 0.9574994 0.6410515 1.205563 1 22.00569 3.355625 6002113 13 1 6.710958 1.752272 6002113 11 1 1 197
1 1.034916 1.100018 0.9626585 1 149.9981 1.930619 6003113 13 1 302.1519 1.298542 6003113 11 1 1 218
1 1.109295 1.155893 1.053631 0 113.7463 6.034036 6003113 11 1 53.80774 1.551596 6003113 13 1 14 3143
1 1.123647 1.241142 1.010512 1 119.8219 2.076203 6002113 13 1 17.56973 1.588715 6002113 11 1 14 3151
1 0.9160994 0.6007248 1.171549 1 14.58288 6.458351 6002113 11 1 50.66609 2.35075 6002113 13 1 20 4608
1 1.034916 1.100018 0.9626585 0 55.05098 5.833867 6002113 11 1 19.89954 2.570754 6002113 13 1 358 85711
1 1.026751 0.7444853 1.219196 1 93.02055 1.879873 6002113 13 0 5.421054 1.51629 6002113 11 1 6 1208
1 1.20651 1.16088 1.193521 1 51.11966 1.735563 6002113 11 1 67.05432 1.628022 6002113 13 1 6 1329
1 0.04323696 0.007888732 0.160549 0 1352.862 1.782515 6003113 11 1 75.42288 1.302549 6003113 13 1 9 2137
1 0.9517445 0.6636014 1.162862 1 257.647 1.573288 6003113 11 1 136.6841 1.873151 6003113 13 1 9 2143
1 0.8383967 1.273376 0.5409222 1 819.7381 6.83296 6003113 11 1 31.83702 3.911988 6003113 13 1 42 9845
1 0.6342273 1.05356 0.3835326 0 607.6436 2.411895 6003113 11 1 66.84969 2.078403 6003113 13 1 42 9869
1 1.206555 1.21522 1.17542 0 76.05816 9.418876 6002113 11 1 36.41969 1.772637 6002113 13 1 42 10031
1 1.057513 1.112379 0.9951048 1 7.228734 1.656721 6002113 11 1 61.63438 2.614452 6002113 13 1 42 10070
1 1.705086 2.017803 1.363962 0 1192.749 1.89258 6003113 11 1 130.3977 1.668527 6003113 13 1 47 11273
1 1.173319 1.196671 1.139395 1 23.50645 1.410254 6002113 13 0 12.71719 1.725366 6002113 11 1 68 16170
1 1.095596 1.133769 1.050051 1 86.00784 1.773911 6003113 13 0 199.9362 1.76612 6003113 11 1 68 16239
1 1.157728 1.196465 1.111764 1 91.8604 2.04204 6002113 11 1 46.55461 1.732919 6002113 13 1 100 23845
1 1.812285 2.096335 1.505211 1 32.5971 1.356278 6003113 13 0 1.924631 1.10397 6003113 11 1 100 23863
1 0.9160994 0.6007248 1.171549 1 11.92213 1.555689 6002113 13 1 9.989191 1.892699 6002113 11 1 100 23888
1 0.006131473 0.0009213082 0.03465866 1 43.70107 2.080128 6002113 11 1 19.93651 7.07 6002113 13 1 100 23921
1 1.126364 0.9389989 1.211138 1 120.1542 1.86627 6003113 11 1 73.34748 1.600009 6003113 13 1 100 23995
1 0.3767309 0.1505117 0.7131262 0 754.2048 3.907293 6003113 11 1 160.365 2.920001 6003113 13 1 103 24529
1 0.8748782 0.5617447 1.136825 1 100.3088 2.391694 6002113 13 1 18.34897 1.466916 6002113 11 1 103 24591
1 0.1991887 0.05938704 0.4717879 1 80.96922 1.534881 6003113 13 1 455.4653 1.493839 6003113 11 1 166 39631
1 1.20651 1.16088 1.193521 1 16.36503 1.720296 6002113 13 1 195.3335 2.053911 6002113 11 1 252 60351
1 0.6159488 0.3166172 0.9557644 1 106.8761 1.817812 6003113 13 0 1409.196 3.590158 6003113 11 1 252 60400
1 1.298986 1.452146 1.156092 1 27.33919 1.744819 6002113 13 0 23.04663 3.390163 6002113 11 1 283 67700
1 0.665028 0.3662483 0.9755856 1 46.49845 4.326961 6002113 13 1 15.39801 2.502412 6002113 11 1 283 67851
1 1.109295 1.155893 1.053631 0 46.4677 3.360797 6002113 11 1 73.52773 1.951854 6002113 13 1 287 68749
1 1.179161 1.206147 1.144075 1 199.7322 1.614759 6003113 11 1 38.52142 1.900489 6003113 13 1 308 73700
1 1.059052 1.139164 0.9715886 1 69.32304 1.406341 6003113 13 1 58.81026 1.864764 6003113 11 1 309 74032
1 1.050919 0.8056091 1.198818 1 60.1621 1.625165 6002113 11 1 43.47499 2.365744 6002113 13 1 309 74152
1 0.5279956 0.2465533 0.8852676 1 11.33247 4.772088 6003113 13 0 1014.905 2.831932 6003113 11 1 336 80480
1 0.9517445 0.6636014 1.162862 1 119.0072 1.700069 6003113 13 1 435.9665 1.755298 6003113 11 1 374 89535
1 1.034916 1.100018 0.9626585 1 127.1887 1.542482 6002113 11 1 49.34979 1.545655 6002113 13 1 374 89608
1 0.6998869 0.3767799 1.045889 1 43.30401 2.964227 6002113 11 1 106.3637 1.204146 6002113 13 1 400 95926
1 1.199428 1.046014 1.251733 1 16.77612 1.281636 6002113 13 1 40.56019 1.16124 6002113 11 1 409 98053
1 1.174602 1.053046 1.204645 1 46.07201 1.99614 6002113 13 1 21.42814 1.45194 6002113 11 1 101 24116
1 0.2443026 0.07741789 0.5517042 1 46.66964 1.856088 6002113 13 1 12.78924 1.39909 6002113 11 1 101 24138
1 1.143675 1.253919 1.033471 1 8.768257 1.761129 6002113 11 1 35.14886 1.476274 6002113 13 1 172 41043
1 1.058012 1.115802 0.9930252 1 60.23603 5.811846 6003113 13 0 146.5638 9.713346 6003113 11 1 187 44731
1 1.164201 1.711426 0.8059074 1 76.73945 1.393311 6002113 13 0 45.46806 1.607655 6002113 11 1 188 44959
1 0.7268606 1.122648 0.4611204 1 190.6245 1.776285 6003113 13 1 261.9163 1.659861 6003113 11 1 188 45065
1 1.048997 1.136673 0.9559695 1 45.77423 3.125787 6002113 11 1 67.14941 3.183858 6002113 13 1 214 51147
1 0.6342273 1.05356 0.3835326 1 56.31823 1.419944 6002113 11 1 36.18122 1.824231 6002113 13 1 221 52986
1 1.225386 1.141194 1.230719 1 38.03456 1.480484 6002113 13 1 25.19661 1.609456 6002113 11 1 340 81424
1 1.137649 1.170432 1.099925 1 75.59659 2.462554 6002113 13 1 23.24952 3.673182 6002113 11 1 353 84585
1 1.75908 2.248522 1.290011 1 54.07606 2.41619 6002113 13 0 4.622599 1.997456 6002113 11 1 353 84686
1 1.20651 1.16088 1.193521 0 33.4898 1.798121 6003113 13 1 195.53 1.681971 6003113 11 1 403 96514
1 1.048997 1.136673 0.9559695 1 81.00804 1.41455 6002113 11 1 46.52102 2.099645 6002113 13 1 407 97624
1 0.747205 0.4303799 1.057145 0 1738.634 2.882889 6003113 11 1 58.04222 1.81148 6003113 13 1 408 97863
1 0.3459568 0.1344595 0.6687537 1 40.93359 5.717666 6003113 13 1 423.0049 3.44387 6003113 11 1 10 2179
1 1.050919 0.8056091 1.198818 1 16.27468 1.174163 6002113 13 0 55.61779 2.043717 6002113 11 1 10 2272
1 0.02605346 0.004275305 0.110374 1 128.8826 1.562007 6003113 13 1 41.28051 1.879747 6003113 11 1 33 7791
1 1.095596 1.133769 1.050051 0 10.12896 1.779755 6002113 11 1 73.3817 1.655538 6002113 13 1 33 7919
1 0.1527629 0.0402692 0.399808 1 43.8625 1.725761 6003113 11 1 40.92498 2.084528 6003113 13 1 26 6088
1 1.151918 0.9752633 1.225726 1 70.98927 1.939168 6002113 13 0 116.2613 1.418096 6002113 11 1 48 11286
1 1.147959 1.183877 1.106546 1 121.6495 1.355839 6003113 13 0 936.8395 1.934259 6003113 11 1 48 11391
1 0.4205023 0.1819855 0.7484848 1 13.31104 4.938275 6002113 11 1 90.85671 2.114375 6002113 13 1 53 12710
1 0.003497112 0.0005740048 0.02103336 0 42.23936 7.14766 6002113 11 1 24.05767 1.783543 6002113 13 1 64 15219
1 1.227292 1.202911 1.205555 1 59.49123 1.593962 6003113 13 1 49.23695 8.891581 6003113 11 1 78 18513
1 1.034916 1.100018 0.9626585 1 35.64962 1.683816 6002113 13 1 10.47162 2.999774 6002113 11 1 105 25053
1 1.057513 1.112379 0.9951048 1 7.211273 2.790689 6002113 11 1 34.38412 1.800663 6002113 13 1 106 25332
1 0.4442115 0.1872741 0.8068974 1 62.64125 1.867321 6002113 13 1 125.4538 2.054746 6002113 11 1 110 26185
1 0.8332192 0.5015442 1.138243 0 27.9404 2.05791 6002113 11 1 43.71017 1.596979 6002113 13 1 113 26989
1 1.167323 1.186361 1.134647 1 58.47155 1.586544 6002113 13 1 21.96255 1.469214 6002113 11 1 113 27113
1 1.641128 1.972201 1.285192 1 78.27366 4.844917 6002113 11 1 20.46918 2.036716 6002113 13 1 116 27664
1 0.1610681 0.04515641 0.4007308 1 107.0391 1.587529 6003113 13 0 757.4581 1.532498 6003113 11 1 128 30504
1 1.152501 1.258655 1.04415 1 26.85754 1.642028 6002113 13 1 19.08815 1.552919 6002113 11 1 128 30525
1 1.15499 1.021547 1.194574 1 98.06244 1.413436 6002113 13 0 37.13354 3.962606 6002113 11 1 128 30532
1 1.314649 1.46568 1.173482 1 47.76093 1.364887 6002113 13 1 10.63388 3.95617 6002113 11 1 158 37759
1 1.812285 2.096335 1.505211 1 64.06431 2.380724 6002113 13 1 6.255027 2.078873 6002113 11 1 158 37892
1 1.143675 1.253919 1.033471 1 38.64533 1.682792 6002113 13 1 11.64264 1.559735 6002113 11 1 171 40938
1 1.059052 1.139164 0.9715886 0 48.68758 1.297798 6002113 13 0 60.44662 2.104971 6002113 11 1 176 42121
1 0.5292084 0.8493549 0.3262614 1 21.30239 2.963947 6002113 13 0 56.76981 3.190894 6002113 11 1 174 41683
1 1.15499 1.021547 1.194574 1 56.39211 1.740595 6002113 13 1 44.8363 2.087422 6002113 11 1 178 42703
1 0.747205 0.4303799 1.057145 1 35.49181 1.858368 6002113 11 1 47.82183 1.385046 6002113 13 1 220 52617
1 0.4445066 0.7265916 0.2710897 1 2.881685 1.878912 6002113 11 1 21.99362 2.695913 6002113 13 1 220 52679
1 0.1080031 0.02598027 0.3057024 1 49.65594 3.06033 6003113 11 1 50.22482 1.95942 6003113 13 1 226 54101
1 1.26516 1.422013 1.117256 1 1.821586 1.695478 6002113 11 1 33.69348 2.230896 6002113 13 1 226 54175
1 1.062846 1.139449 0.9784784 1 46.19725 1.66394 6002113 11 1 89.58588 5.844717 6002113 13 1 226 54223
1 1.058012 1.115802 0.9930252 1 39.45267 2.145544 6003113 13 0 220.3052 3.776469 6003113 11 1 206 49387
1 1.036252 1.095703 0.9699052 1 97.65014 1.875241 6003113 13 1 150.6429 1.836725 6003113 11 1 234 56023
1 1.167323 1.186361 1.134647 1 101.8428 1.919606 6002113 13 1 121.0408 1.6922 6002113 11 1 234 56035
1 0.2539062 0.08544197 0.5475258 1 266.9548 1.847081 6003113 11 1 47.35949 3.050332 6003113 13 1 329 78737
1 1.209625 1.112975 1.222657 1 113.641 3.66531 6003113 13 0 159.2001 7.485604 6003113 11 1 329 78835
1 0.01417853 0.002128869 0.07081318 1 32.88789 2.077733 6002113 11 1 130.2704 1.798025 6002113 13 1 329 78840
1 1.217313 1.182622 1.199648 1 27.62643 1.762872 6002113 13 1 39.14687 1.51147 6002113 11 1 329 78910
1 0.2443026 0.07741789 0.5517042 1 57.56174 1.50213 6002113 13 1 34.03162 2.936433 6002113 11 1 331 79242
1 0.3458254 0.5933005 0.203245 1 126.1574 1.661865 6002113 13 1 7.87118 1.714687 6002113 11 1 331 79267
1 0.1363718 0.034862 0.3662451 0 602.4618 1.381621 6003113 11 1 48.86603 2.792047 6003113 13 1 59 14093
1 1.206555 1.21522 1.17542 1 27.43892 1.542757 6002113 13 1 16.63426 1.752222 6002113 11 1 70 16734
1 1.213336 1.227995 1.180605 1 41.44185 4.536269 6002113 11 1 18.63886 1.805664 6002113 13 1 122 29223
1 1.866054 2.331325 1.3979 1 24.07608 1.642318 6002113 13 0 5.337553 2.562708 6002113 11 1 124 29678
1 0.9160994 0.6007248 1.171549 1 27.08069 1.945507 6002113 11 1 27.81664 1.769461 6002113 13 1 126 30093
1 1.20651 1.16088 1.193521 1 61.41829 1.577575 6003113 13 1 138.5599 1.741156 6003113 11 1 126 30115
1 1.217313 1.182622 1.199648 1 58.75337 1.252086 6002113 13 0 32.71346 3.476448 6002113 11 1 169 40355
1 1.058012 1.115802 0.9930252 1 59.52778 2.703532 6002113 13 0 22.97393 5.089418 6002113 11 1 169 40464
1 1.036252 1.095703 0.9699052 1 145.1762 1.622605 6002113 11 1 48.52218 1.633049 6002113 13 1 170 40575
1 0.6159488 0.3166172 0.9557644 1 47.65582 1.581574 6002113 13 1 110.4126 1.553084 6002113 11 1 200 47900
1 1.812285 2.096335 1.505211 1 8.684169 1.772632 6001113 11 1 18.2948 1.545324 6001113 13 1 201 48006
1 1.705086 2.017803 1.363962 1 83.54095 1.107224 6002113 11 1 39.80356 1.677436 6002113 13 1 201 48042
1 1.26516 1.422013 1.117256 1 56.83456 2.931259 6002113 13 0 19.77299 4.74174 6002113 11 1 209 49969
1 1.182032 1.113501 1.180358 1 39.93066 1.767796 6002113 11 1 35.85202 1.390391 6002113 13 1 209 50031
1 1.10316 1.145079 1.05266 1 97.82371 2.575057 6002113 13 1 11.86329 1.416908 6002113 11 1 209 50127
1 1.031225 1.102163 0.9526981 1 66.68761 1.776555 6003113 13 0 239.3277 1.996548 6003113 11 1 210 50244
1 0.8339615 0.5241884 1.101491 1 7.386408 1.867549 6002113 11 1 60.56485 1.549024 6002113 13 1 249 59521
1 1.199428 1.046014 1.251733 1 27.00809 1.460871 6002113 13 1 3.090794 2.169779 6002113 11 1 250 59843
1 0.8748782 0.5617447 1.136825 1 1.461656 3.118487 6002113 11 1 50.53352 1.190461 6002113 13 1 260 62183
1 1.062846 1.139449 0.9784784 0 803.066 2.139057 6003113 11 1 47.69194 1.759302 6003113 13 1 260 62310
1 0.7055845 0.3974356 1.016366 1 320.2814 3.129726 6003113 11 1 25.14842 1.632007 6003113 13 1 260 62376
1 1.645109 2.1548 1.183545 1 8.022418 2.039861 6001113 11 1 14.20185 1.372708 6001113 13 1 270 64590
1 1.142868 1.177299 1.103399 0 1097.458 1.493819 6003113 11 1 82.94376 1.819862 6003113 13 1 268 64131
1 1.053247 1.09991 0.9980844 0 892.0931 2.963432 6003113 11 1 170.7536 3.744905 6003113 13 1 268 64170
1 0.1014541 0.02299071 0.3029553 1 74.1775 1.788963 6003113 13 0 841.0051 1.793555 6003113 11 1 268 64230
1 0.06482654 0.01276116 0.2218368 1 163.2304 1.501322 6003113 13 0 249.3167 1.597329 6003113 11 1 278 66691
1 1.0427 1.134261 0.9473373 1 73.51711 1.403998 6002113 13 1 117.1463 3.289447 6002113 11 1 320 76596
1 1.179161 1.206147 1.144075 0 7.486104 2.192044 6003113 11 1 83.73431 1.361777 6003113 13 1 320 76768
1 1.137649 1.170432 1.099925 1 40.5602 2.062252 6002113 13 1 63.6973 1.91582 6002113 11 1 322 77058
1 1.063672 0.7860307 1.245813 0 62.53524 1.595994 6002113 11 1 35.40104 1.845679 6002113 13 1 338 80978
1 1.206555 1.21522 1.17542 1 79.90289 1.933974 6003113 13 0 760.0792 1.422261 6003113 11 1 409 98154
1 1.575265 1.775696 1.383444 0 6.838941 1.873948 6002113 11 1 81.8741 1.550815 6002113 13 1 225 53858
1 1.152971 1.190243 1.109341 1 475.7655 1.788731 6003113 11 1 78.64637 1.62511 6003113 13 1 225 53871
1 1.145385 0.9245803 1.259718 1 84.51358 2.548334 6002113 11 1 44.22643 1.226443 6002113 13 1 242 57852
1 1.217313 1.182622 1.199648 1 77.35863 2.360677 6002113 13 1 38.82212 1.703755 6002113 11 1 242 57930
1 1.095596 1.133769 1.050051 1 180.1979 1.958947 6003113 13 0 1269.777 1.482932 6003113 11 1 242 57967
1 0.1363718 0.034862 0.3662451 1 38.04266 1.658784 6002113 11 1 44.56214 1.439856 6002113 13 1 242 58032
1 1.298986 1.452146 1.156092 1 1.35981 1.846079 6002113 11 1 66.28668 1.612271 6002113 13 1 245 58767
1 1.109295 1.155893 1.053631 0 96.19387 1.61242 6002113 11 1 92.83566 1.775666 6002113 13 1 255 61011
1 1.20651 1.16088 1.193521 0 38.19139 2.578128 6002113 11 1 21.3794 1.560732 6002113 13 1 255 61059
1 0.9219857 1.364073 0.6240806 1 8.146639 1.664873 6002113 11 1 17.80865 1.634156 6002113 13 1 257 61526
1 0.9574994 0.6410515 1.205563 0 62.1784 1.952934 6002113 11 1 113.7147 1.617922 6002113 13 1 257 61626
1 0.2792014 0.09677438 0.588659 1 15.05558 1.745061 6002113 13 1 90.11804 1.740255 6002113 11 1 274 65524
1 0.5279956 0.2465533 0.8852676 1 11.91091 9.177124 6002113 11 1 11.16921 1.176786 6002113 13 1 285 68385
1 1.866054 2.331325 1.3979 1 51.49198 1.283905 6003113 13 1 154.185 3.122195 6003113 11 1 289 69245
1 0.1363718 0.034862 0.3662451 1 86.25069 2.223101 6002113 11 1 26.77063 1.623087 6002113 13 1 291 69641
1 0.7055845 0.3974356 1.016366 0 74.24677 1.644791 6002113 11 1 91.0032 1.924201 6002113 13 1 291 69771
1 1.099519 1.139476 1.051563 1 22.86509 2.070846 6002113 13 1 49.11321 2.398252 6002113 11 1 291 69805
1 1.147959 1.183877 1.106546 1 75.18732 1.552457 6002113 13 1 31.79277 1.746231 6002113 11 1 341 81814
1 1.705086 2.017803 1.363962 1 41.11644 1.508639 6002113 13 1 29.49666 1.654128 6002113 11 1 343 82268
1 0.665028 0.3662483 0.9755856 1 2.143119 9.464929 6002113 11 1 79.18107 1.786433 6002113 13 1 343 82291
1 1.49586 1.706142 1.278772 0 196.7211 5.459014 6003113 11 1 145.3104 1.85745 6003113 13 1 345 82572
1 1.034916 1.100018 0.9626585 1 37.25322 3.133435 6002113 13 1 13.96366 1.281378 6002113 11 1 347 83070
1 0.2208223 0.06788179 0.510611 0 23.0916 4.526717 6002113 11 1 43.72232 1.890531 6002113 13 1 347 83266
1 1.059052 1.139164 0.9715886 1 20.97314 1.681966 6002113 11 1 27.70629 1.650128 6002113 13 1 347 83271
1 0.6998869 0.3767799 1.045889 1 100.8019 1.485627 6003113 13 1 316.3205 1.943203 6003113 11 1 355 85013
1 1.134034 1.248093 1.022271 1 5.85251 1.510454 6003113 11 1 89.99731 1.386031 6003113 13 1 355 85065
1 1.179161 1.206147 1.144075 1 75.59483 1.51576 6002113 13 1 7.600112 1.966432 6002113 11 1 366 87656
1 1.20651 1.16088 1.193521 1 2.639813 2.802799 6002113 11 1 34.92291 1.374604 6002113 13 1 367 87981
1 0.3459568 0.1344595 0.6687537 1 132.9886 2.412088 6002113 11 1 67.33389 1.622759 6002113 13 1 401 96122
1 1.137649 1.170432 1.099925 0 661.0241 3.783429 6003113 11 1 190.74 1.622523 6003113 13 1 415 99559
1 1.225386 1.141194 1.230719 0 5.437526 5.531208 6002113 11 1 42.62507 2.153462 6002113 13 1 3 715
1 0.9138955 0.6245104 1.1333 1 189.7458 1.528986 6003113 11 1 44.624 1.623063 6003113 13 1 91 21689
1 1.083255 0.8452013 1.220206 1 104.4414 1.518891 6003113 13 1 317.6587 1.768798 6003113 11 1 91 21706
1 1.49586 1.706142 1.278772 1 16.91479 1.467781 6002113 13 1 20.97027 1.945293 6002113 11 1 136 32429
1 1.063672 0.7860307 1.245813 1 26.06483 2.657561 6002113 13 0 17.43484 3.413364 6002113 11 1 136 32541
1 0.747205 0.4303799 1.057145 1 521.4501 5.380915 6003113 11 1 43.80605 2.004838 6003113 13 1 118 28085
1 0.6159488 0.3166172 0.9557644 1 60.13937 1.796663 6002113 13 1 82.2351 2.406822 6002113 11 1 115 27550
1 1.182032 1.113501 1.180358 0 3.075828 2.824033 6002113 11 1 74.00766 1.258389 6002113 13 1 117 28025
1 1.213336 1.227995 1.180605 1 11.30315 3.239977 6002113 11 1 108.5552 2.751389 6002113 13 1 168 40193
1 0.0003538381 8.257635e-05 0.001404256 1 16.32189 1.702297 6002113 11 1 91.08775 1.707651 6002113 13 1 175 41771
1 0.5292084 0.8493549 0.3262614 1 45.85266 1.906837 6002113 13 0 20.55618 5.838359 6002113 11 1 175 41787
1 1.058012 1.115802 0.9930252 0 2039.396 1.919324 6003113 11 1 208.9831 2.628082 6003113 13 1 180 43119
1 1.054444 1.13827 0.9640688 1 50.05523 1.823559 6002113 13 1 9.753261 1.415729 6002113 11 1 180 43175
1 1.055133 1.104334 0.9975671 1 41.87524 2.076334 6003113 13 1 377.5829 1.364485 6003113 11 1 182 43640
1 1.192805 1.083559 1.213989 1 32.71704 2.439623 6002113 11 1 32.82082 1.661849 6002113 13 1 182 43646
1 1.75908 2.248522 1.290011 1 98.54565 1.857931 6003113 13 1 45.21325 1.511824 6003113 11 1 182 43647
1 1.057513 1.112379 0.9951048 1 369.2793 2.022328 6003113 11 1 114.4148 1.896912 6003113 13 1 193 46273
1 0.5292084 0.8493549 0.3262614 0 41.34789 2.619583 6002113 11 1 106.3073 2.128191 6002113 13 1 193 46274
1 1.053247 1.09991 0.9980844 1 136.9921 2.376661 6003113 13 1 296.6874 1.647074 6003113 11 1 199 47743
1 1.329532 1.478061 1.189894 1 13.40588 1.598709 6002113 11 1 50.07735 1.556306 6002113 13 1 197 47128
1 0.05673886 0.0108806 0.1995393 1 67.55766 1.700009 6002113 13 0 39.50383 4.324602 6002113 11 1 197 47218
1 0.9219857 1.364073 0.6240806 1 22.04325 1.484957 6002113 13 1 69.32881 2.200959 6002113 11 1 197 47225
1 1.034916 1.100018 0.9626585 1 2.476447 2.630584 6002113 11 1 58.9312 1.967354 6002113 13 1 216 51661
1 1.329532 1.478061 1.189894 1 47.58125 1.600013 6002113 13 1 90.06736 3.08366 6002113 11 1 216 51838
1 0.2304392 0.07526134 0.508429 1 108.5211 1.734005 6003113 13 1 31.19263 2.292342 6003113 11 1 235 56293
1 1.031225 1.102163 0.9526981 1 45.43321 3.478657 6002113 11 1 42.11548 2.009272 6002113 13 1 235 56339
1 0.0739324 0.01495082 0.2461688 1 164.2482 2.711903 6003113 11 1 88.27716 1.788974 6003113 13 1 332 79474
1 1.106427 1.150534 1.053346 1 41.33792 1.706823 6002113 11 1 17.61367 1.680639 6002113 13 1 362 86734
1 1.575265 1.775696 1.383444 1 66.51898 1.552283 6003113 13 0 137.7507 2.427418 6003113 11 1 362 86845
1 1.053247 1.09991 0.9980844 1 5.448992 1.27344 6002113 13 0 60.63992 2.086902 6002113 11 1 363 86920
1 0.6571895 0.3457574 1.000641 1 53.03205 2.929598 6003113 13 0 17.73738 10.76416 6003113 11 1 363 87001
1 1.109295 1.155893 1.053631 1 92.63448 1.722084 6002113 13 1 37.1122 1.360943 6002113 11 1 369 88400
1 1.026751 0.7444853 1.219196 1 68.53262 1.531948 6002113 11 1 149.6974 1.515567 6002113 13 1 369 88421
1 1.152971 1.190243 1.109341 1 57.06621 1.736204 6002113 11 1 40.18651 1.577934 6002113 13 1 369 88559
1 0.5380682 0.2637946 0.8676014 0 183.9834 1.844546 6002113 11 1 31.65756 2.005972 6002113 13 1 364 87202
1 1.147959 1.183877 1.106546 1 57.52659 2.035806 6002113 13 1 47.45789 3.26239 6002113 11 1 364 87321
1 1.213336 1.227995 1.180605 1 97.17451 1.516306 6003113 13 0 949.0755 1.52018 6003113 11 1 416 99707
1 1.143675 1.253919 1.033471 0 70.6819 4.325383 6002113 11 1 27.20397 2.090318 6002113 13 1 416 99812
1 1.033406 1.101364 0.958024 1 113.6306 2.660443 6003113 13 1 642.7776 3.753608 6003113 11 1 63 15023
1 1.183608 1.169262 1.159476 1 56.04515 1.244075 6002113 13 1 97.50278 1.208483 6002113 11 1 63 15041
1 1.055133 1.104334 0.9975671 1 104.7048 2.150122 6002113 13 0 37.62591 2.596712 6002113 11 1 63 15065
1 1.056557 1.108524 0.9965968 1 24.88905 1.667282 6002113 13 1 19.7007 1.445727 6002113 11 1 66 15733
1 1.050919 0.8056091 1.198818 1 108.383 1.48605 6003113 13 1 152.1621 1.544875 6003113 11 1 81 19314
1 0.665028 0.3662483 0.9755856 1 57.41589 1.57764 6003113 13 1 18.45313 1.807967 6003113 11 1 81 19404
1 1.058012 1.115802 0.9930252 0 22.70609 9.771565 6002113 11 1 98.8034 1.555111 6002113 13 1 82 19586
1 1.705086 2.017803 1.363962 1 84.66179 1.609672 6003113 13 0 1219.641 1.786339 6003113 11 1 90 21501
1 1.152971 1.190243 1.109341 1 30.97417 1.853893 6002113 13 0 31.06262 4.460005 6002113 11 1 90 21587
1 1.134034 1.248093 1.022271 1 81.68348 1.650303 6002113 13 1 0.5849655 1.760728 6002113 11 1 94 22364
1 0.789787 0.4650854 1.097808 0 11.5418 1.394141 6002113 11 1 42.49118 1.791412 6002113 13 1 15 3454
1 0.5292084 0.8493549 0.3262614 1 22.05716 4.068153 6002113 11 1 23.14133 1.252031 6002113 13 1 15 3529
1 1.190567 1.223018 1.152597 1 295.6653 1.858792 6003113 11 1 65.63347 1.684054 6003113 13 1 121 28841
1 1.167323 1.186361 1.134647 0 11.20536 1.503822 6002113 11 1 29.78742 2.392777 6002113 13 1 123 29369
1 0.9574994 0.6410515 1.205563 0 2.549241 2.477359 6002113 11 1 64.6416 1.706977 6002113 13 1 123 29516
1 0.4442115 0.1872741 0.8068974 1 14.41284 1.450178 6003113 13 1 315.1162 3.215501 6003113 11 1 144 34415
1 1.056557 1.108524 0.9965968 1 16.69634 2.284189 6002113 11 1 38.6796 1.607912 6002113 13 1 144 34544
1 1.282494 1.437562 1.137462 1 44.91375 1.835957 6002113 13 1 10.38902 2.310096 6002113 11 1 145 34700
1 0.7934737 0.4881172 1.065644 1 120.2089 4.497603 6002113 13 1 2.381833 5.568255 6002113 11 1 194 46439
1 1.147959 1.183877 1.106546 1 58.91508 2.039792 6003113 13 1 407.4066 2.382383 6003113 11 1 194 46471
1 1.26516 1.422013 1.117256 1 71.62225 1.333185 6002113 13 1 35.44185 1.392074 6002113 11 1 196 46802
1 1.099519 1.139476 1.051563 1 31.87615 2.099527 6002113 13 1 45.06275 2.346533 6002113 11 1 196 46807
1 0.9219857 1.364073 0.6240806 1 40.40791 1.621793 6002113 13 1 18.25992 1.508351 6002113 11 1 196 47014
1 1.062846 1.139449 0.9784784 1 27.06161 2.252527 6002113 13 0 35.37823 2.350841 6002113 11 1 130 31075
1 0.0400028 0.006971349 0.1567229 1 121.0537 1.703057 6002113 13 1 29.92525 1.820952 6002113 11 1 130 31111
1 0.8332192 0.5015442 1.138243 1 1.296288 1.482773 6002113 11 1 51.27897 1.499748 6002113 13 1 95 22604
1 0.9894024 0.7036328 1.19152 1 126.042 1.572639 6002113 13 1 51.15858 1.687744 6002113 11 1 213 50894
1 1.10316 1.145079 1.05266 0 60.41792 3.983119 6002113 11 1 68.13184 2.79231 6002113 13 1 213 51111
1 0.3170899 0.1198369 0.6261138 1 54.34356 1.574652 6002113 13 1 9.727892 1.611714 6002113 11 1 133 31721
1 0.6679293 1.172073 0.374902 1 3.846677 1.584301 6002113 11 1 48.81717 1.896847 6002113 13 1 133 31807
1 1.099696 0.9023142 1.195627 1 33.95526 1.624679 6002113 13 1 91.27283 1.428037 6002113 11 1 212 50656
1 1.192805 1.083559 1.213989 1 735.0951 2.252576 6003113 11 1 73.21641 1.56816 6003113 13 1 202 48294
1 1.56971 1.920896 1.202337 0 22.15915 1.419818 6002113 11 1 136.1174 1.630099 6002113 13 1 202 48460
1 1.056557 1.108524 0.9965968 1 21.72981 1.42079 6001113 13 1 3.898489 1.576947 6001113 11 1 217 52021
1 1.217313 1.182622 1.199648 1 68.58029 3.028335 6002113 13 0 87.03039 7.48116 6002113 11 1 217 52035
1 1.225386 1.141194 1.230719 1 66.43789 1.442328 6002113 13 0 145.6162 2.061845 6002113 11 1 238 57065
1 0.2539062 0.08544197 0.5475258 1 406.358 1.577278 6003113 11 1 92.06094 2.20994 6003113 13 1 237 56648
1 1.213336 1.227995 1.180605 1 87.4112 1.71336 6002113 13 0 6.5737 1.558395 6002113 11 1 240 57503
1 1.062846 1.139449 0.9784784 1 92.06351 2.228775 6002113 11 1 133.5891 1.627459 6002113 13 1 240 57556
1 1.167323 1.186361 1.134647 1 61.75926 1.433989 6002113 13 1 28.22076 1.566869 6002113 11 1 288 68942
1 1.063672 0.7860307 1.245813 1 37.22885 1.573218 6002113 13 1 19.17413 1.674567 6002113 11 1 298 71320
1 1.524498 1.73059 1.317664 1 39.5132 1.44347 6002113 13 1 75.61173 2.350076 6002113 11 1 298 71324
1 1.157728 1.196465 1.111764 1 51.98377 1.418411 6002113 11 1 16.3396 1.643906 6002113 13 1 298 71432
1 1.036252 1.095703 0.9699052 1 282.345 2.267885 6003113 13 1 130.6952 1.608174 6003113 11 1 297 71102
1 1.054444 1.13827 0.9640688 1 30.8474 1.850225 6002113 13 0 13.31815 1.944821 6002113 11 1 297 71108
1 1.048997 1.136673 0.9559695 0 26.26245 3.394377 6002113 11 1 26.90376 1.578797 6002113 13 1 299 71586
1 1.174602 1.053046 1.204645 1 71.86 1.463995 6002113 13 1 48.23234 2.922387 6002113 11 1 310 74274
1 1.057513 1.112379 0.9951048 1 16.53864 1.545118 6002113 11 1 43.62302 1.580749 6002113 13 1 316 75658
1 1.062846 1.139449 0.9784784 1 65.01844 1.384294 6002113 13 1 34.03105 1.663601 6002113 11 1 316 75701
1 1.26516 1.422013 1.117256 1 74.25928 3.715833 6002113 13 1 0.9169865 2.227957 6002113 11 1 316 75804
1 1.213336 1.227995 1.180605 1 180.971 1.886546 6002113 13 1 4.809229 6.915726 6002113 11 1 311 74498
1 0.3170899 0.1198369 0.6261138 1 83.22906 1.620266 6003113 11 1 148.6624 1.722281 6003113 13 1 325 77878
1 1.0427 1.134261 0.9473373 1 35.50259 1.825912 6002113 13 1 56.71732 1.384808 6002113 11 1 326 78020
1 1.142868 1.177299 1.103399 1 61.99227 1.93922 6003113 13 1 25.48473 3.565209 6003113 11 1 359 85940
1 1.0427 1.134261 0.9473373 0 29.59424 7.542117 6002113 11 1 51.93012 2.500071 6002113 13 1 359 86119
1 1.152501 1.258655 1.04415 1 34.83497 2.46677 6002113 13 1 19.29921 2.220805 6002113 11 1 411 98537
1 0.0739324 0.01495082 0.2461688 1 45.18069 1.557786 6002113 13 1 3.866303 1.635107 6002113 11 1 413 98884
1 1.866054 2.331325 1.3979 1 55.41339 1.598228 6002113 13 1 46.6382 1.487961 6002113 11 1 417 99950
1 0.3064061 0.1093534 0.631845 1 38.3075 1.360118 6002113 13 1 69.08551 2.591468 6002113 11 1 262 62742
1 1.059052 1.139164 0.9715886 1 18.43014 2.889604 6001113 11 1 14.57934 1.452982 6001113 13 1 39 9182
1 1.035838 1.098122 0.9666125 1 60.17399 1.815222 6002113 13 1 1.039181 1.356228 6002113 11 1 39 9276
1 1.761918 2.058838 1.43754 1 34.49506 1.873007 6002113 13 0 99.35879 7.827487 6002113 11 1 43 10086
1 1.566869 2.206142 1.088645 1 54.55807 1.870649 6002113 13 0 49.3963 1.701812 6002113 11 1 43 10220
1 1.114777 0.884905 1.24054 0 20.83335 1.825122 6002113 11 1 75.98425 1.534582 6002113 13 1 119 28393
1 1.49586 1.706142 1.278772 1 191.044 1.633734 6002113 13 1 4.141833 1.415006 6002113 11 1 146 34818
1 1.035838 1.098122 0.9666125 1 22.5938 1.469944 6002113 11 1 72.61505 1.728457 6002113 13 1 146 35020
1 1.10316 1.145079 1.05266 1 60.24176 1.693079 6002113 13 1 34.99204 1.571295 6002113 11 1 147 35163
1 1.213336 1.227995 1.180605 1 47.51936 2.15236 6002113 13 1 111.7314 1.465841 6002113 11 1 205 49110
1 0.6998869 0.3767799 1.045889 1 50.52583 1.762678 6002113 11 1 35.19547 1.997383 6002113 13 1 205 49190
1 1.575265 1.775696 1.383444 1 12.61472 2.237535 6002113 13 1 13.31697 2.490824 6002113 11 1 229 54731
1 1.057513 1.112379 0.9951048 1 79.66546 2.047776 6002113 13 1 13.95928 3.819112 6002113 11 1 229 54836
1 1.164201 1.711426 0.8059074 1 143.9591 2.854255 6002113 11 1 26.01195 1.26568 6002113 13 1 229 54870
1 1.405111 1.934095 0.9833891 0 28.37885 1.615004 6002113 11 1 52.02784 2.914902 6002113 13 1 229 54906
1 1.157728 1.196465 1.111764 0 1098.967 1.421605 6003113 11 1 69.72318 1.921252 6003113 13 1 229 54915
1 0.2304392 0.07526134 0.508429 1 56.60398 2.035194 6003113 13 0 8.355058 2.497786 6003113 11 1 295 70763
1 1.056557 1.108524 0.9965968 1 119.1899 1.603466 6003113 13 1 94.71205 2.472055 6003113 11 1 300 71849
1 1.063672 0.7860307 1.245813 0 90.64674 1.642821 6003113 13 1 252.0093 1.814594 6003113 11 1 304 72843
1 1.174602 1.053046 1.204645 1 85.45846 2.861621 6002113 11 1 86.65534 2.533695 6002113 13 1 335 80249
1 1.126364 0.9389989 1.211138 1 38.8429 2.417058 6002113 13 0 26.87837 4.17224 6002113 11 1 335 80369
1 1.227292 1.202911 1.205555 1 57.30293 1.550412 6002113 13 1 4.590442 4.449916 6002113 11 1 333 79809
1 1.059052 1.139164 0.9715886 1 7.864902 3.674841 6002113 11 1 39.28971 1.936133 6002113 13 1 333 79832
1 1.126364 0.9389989 1.211138 0 1082.347 2.417343 6003113 11 1 150.2618 1.792182 6003113 13 1 333 79907
1 1.191782 1.185832 1.16486 0 65.23661 1.76223 6002113 11 1 16.93744 1.502686 6002113 13 1 375 89884
1 1.46424 1.680344 1.235249 1 96.0369 1.77163 6002113 11 1 18.98547 2.958315 6002113 13 1 375 89989
1 0.7055845 0.3974356 1.016366 1 83.52232 1.686206 6003113 11 1 134.8169 1.390469 6003113 13 1 377 90375
1 1.035838 1.098122 0.9666125 1 63.16345 1.603527 6002113 13 0 4.032736 1.766778 6002113 11 1 377 90389
1 1.143675 1.253919 1.033471 1 65.58923 1.983901 6003113 13 1 36.67197 2.782133 6003113 11 1 377 90407
1 1.190567 1.223018 1.152597 1 32.70853 1.674263 6002113 13 1 43.4798 1.839779 6002113 11 1 379 90801
1 1.225386 1.141194 1.230719 0 1087.73 1.58521 6003113 11 1 42.40348 1.760446 6003113 13 1 382 91468
1 0.9138955 0.6245104 1.1333 1 49.62033 2.350269 6003113 11 1 32.95273 2.56541 6003113 13 1 382 91485
1 1.227292 1.202911 1.205555 1 71.34061 1.500986 6002113 13 1 28.13837 1.659017 6002113 11 1 24 5628
1 0.9574994 0.6410515 1.205563 1 102.1405 1.634769 6002113 13 1 96.37531 2.045488 6002113 11 1 24 5740
1 0.114587 0.02674881 0.3330998 1 118.7905 1.945101 6002113 11 1 68.12479 1.683548 6002113 13 1 30 6976
1 1.641128 1.972201 1.285192 1 170.0249 2.914546 6003113 11 1 57.50319 3.732576 6003113 13 1 37 8746
1 1.031225 1.102163 0.9526981 1 25.4452 1.948954 6002113 11 1 85.13521 1.549525 6002113 13 1 45 10620
1 1.206555 1.21522 1.17542 1 37.89113 4.346397 6002113 11 1 76.24279 2.363641 6002113 13 1 45 10633
1 1.143675 1.253919 1.033471 1 46.97294 2.123958 6002113 13 1 113.1391 5.076987 6002113 11 1 49 11600
1 0.9894024 0.7036328 1.19152 1 19.97989 1.853871 6002113 11 1 24.03149 1.367354 6002113 13 1 88 20996
1 1.062846 1.139449 0.9784784 1 27.39352 2.315202 6002113 11 1 42.44076 3.740218 6002113 13 1 88 21013
1 1.213336 1.227995 1.180605 1 28.29798 1.892506 6002113 13 0 87.07501 9.268773 6002113 11 1 120 28619
1 1.106427 1.150534 1.053346 1 34.01812 1.568061 6002113 13 1 7.450902 3.085399 6002113 11 1 120 28662
1 1.157728 1.196465 1.111764 1 83.10657 1.757409 6003113 13 1 265.314 1.865733 6003113 11 1 120 28705
1 0.7055845 0.3974356 1.016366 1 143.7166 2.393694 6002113 13 0 58.96594 4.957874 6002113 11 1 120 28749
1 1.526225 2.04983 1.080738 1 81.51391 1.818535 6002113 13 1 81.34563 2.244893 6002113 11 1 125 29764
1 1.126364 0.9389989 1.211138 1 8.757707 2.71529 6002113 11 1 93.13181 2.844284 6002113 13 1 125 29957
1 1.134034 1.248093 1.022271 1 142.0123 1.558278 6003113 13 1 126.9624 1.718264 6003113 11 1 161 38417
1 1.058012 1.115802 0.9930252 1 79.74872 3.036262 6002113 13 1 27.36297 2.590843 6002113 11 1 177 42394
1 0.7934737 0.4881172 1.065644 1 22.50617 1.628592 6002113 11 1 78.08613 1.426264 6002113 13 1 179 42807
1 1.034916 1.100018 0.9626585 1 8.827776 1.343442 6002113 11 1 37.92836 1.730281 6002113 13 1 179 42874
1 0.9160994 0.6007248 1.171549 1 36.50514 1.466864 6002113 11 1 79.04488 1.953781 6002113 13 1 247 59129
1 1.225386 1.141194 1.230719 1 77.37885 1.523941 6002113 13 0 5.471852 2.1152 6002113 11 1 247 59170
1 1.199401 1.201198 1.170168 1 35.83382 1.794649 6002113 13 0 24.09089 1.570674 6002113 11 1 247 59196
1 1.036252 1.095703 0.9699052 1 8.700884 2.302641 6002113 11 1 35.87141 1.852547 6002113 13 1 248 59352
1 1.298986 1.452146 1.156092 1 120.7648 1.291061 6002113 13 0 38.80031 2.81842 6002113 11 1 281 67222
1 1.15499 1.021547 1.194574 1 86.95263 2.543762 6003113 13 1 514.7251 3.362235 6003113 11 1 286 68533
1 1.282494 1.437562 1.137462 1 157.5001 1.592326 6002113 11 1 59.54675 1.412876 6002113 13 1 38 9058
1 1.033406 1.101364 0.958024 1 99.79987 2.579406 6003113 13 1 152.8498 7.079982 6003113 11 1 36 8543
1 1.167323 1.186361 1.134647 1 45.04311 3.048925 6003113 13 0 472.7024 3.487801 6003113 11 1 40 9568
1 1.42456 2.044705 0.9864829 1 55.76152 1.509125 6002113 13 0 78.12919 1.724805 6002113 11 1 44 10442
1 0.1610681 0.04515641 0.4007308 1 20.14794 1.862292 6002113 11 1 10.27211 1.723556 6002113 13 1 50 11771
1 1.055133 1.104334 0.9975671 1 112.7786 1.727307 6003113 13 1 196.3607 2.033241 6003113 11 1 50 11808
1 1.048997 1.136673 0.9559695 1 31.4577 2.020338 6002113 13 1 6.345955 2.494376 6002113 11 1 52 12322
1 1.126364 0.9389989 1.211138 0 11.13913 13.09268 6002113 11 1 24.94615 3.352383 6002113 13 1 52 12371
1 1.099519 1.139476 1.051563 1 38.38844 1.534869 6002113 13 1 23.07501 1.613549 6002113 11 1 52 12372
1 0.004946925 0.0007649757 0.02896901 1 329.874 1.834905 6003113 11 1 93.2961 1.313376 6003113 13 1 57 13445
1 0.9517445 0.6636014 1.162862 0 787.5522 1.53999 6003113 11 1 82.20495 1.501395 6003113 13 1 57 13520
1 0.9894024 0.7036328 1.19152 1 11.41137 2.750014 6002113 13 0 37.01886 4.055782 6002113 11 1 60 14185
1 0.4442115 0.1872741 0.8068974 1 54.25495 1.72813 6002113 13 0 13.09062 2.599652 6002113 11 1 60 14265
1 0.8332192 0.5015442 1.138243 1 55.10094 1.325463 6002113 11 1 27.56815 1.456369 6002113 13 1 60 14300
1 1.147959 1.183877 1.106546 1 81.84861 1.935662 6002113 13 0 1.778529 2.073393 6002113 11 1 60 14329
1 1.176288 1.010978 1.239274 1 82.51123 1.310155 6002113 13 1 16.44326 4.939403 6002113 11 1 60 14352
1 0.5279956 0.2465533 0.8852676 1 80.65833 2.889823 6002113 11 1 33.08749 2.187369 6002113 13 1 71 16810
1 1.20651 1.16088 1.193521 0 674.3442 1.689766 6003113 11 1 110.5893 1.66219 6003113 13 1 71 16848
1 1.048997 1.136673 0.9559695 1 10.20246 1.217605 6003113 11 1 27.67042 1.323227 6003113 13 1 71 16873
1 1.035838 1.098122 0.9666125 1 746.7375 5.104144 6003113 11 1 36.76388 2.638088 6003113 13 1 74 17580
1 1.213336 1.227995 1.180605 1 52.93033 2.199074 6002113 13 1 108.9266 2.581622 6002113 11 1 74 17639
1 1.058012 1.115802 0.9930252 0 1105.355 1.458233 6003113 11 0 38.20275 1.681787 6003113 13 1 102 24255
1 0.2443026 0.07741789 0.5517042 1 24.00908 2.199068 6002113 11 1 34.61116 2.003519 6002113 13 1 104 24852
1 0.001146163 0.0002355771 0.006417017 1 16.62572 4.453341 6002113 13 1 43.97806 3.977402 6002113 11 1 104 24937
1 1.017868 0.7662661 1.176325 1 119.5002 1.567799 6002113 13 1 45.68932 1.58568 6002113 11 1 131 31292
1 1.10316 1.145079 1.05266 1 40.27631 1.496545 6003113 13 1 64.24174 1.54617 6003113 11 1 140 33472
1 0.5380682 0.2637946 0.8676014 1 29.71656 1.81539 6002113 11 1 71.82329 2.574163 6002113 13 1 148 35332
1 0.2304392 0.07526134 0.508429 1 51.91982 1.637106 6002113 13 1 1.55682 1.724289 6002113 11 1 148 35504
1 1.217313 1.182622 1.199648 1 96.35161 3.671874 6002113 11 1 83.81133 2.583994 6002113 13 1 149 35632
1 1.017868 0.7662661 1.176325 1 88.83466 1.866971 6002113 11 1 88.74495 1.565093 6002113 13 1 149 35687
1 1.213336 1.227995 1.180605 1 46.68435 1.752319 6002113 13 0 18.74737 2.420956 6002113 11 1 153 36572
1 1.112575 1.233052 0.9981722 0 33.24294 3.354037 6002113 11 1 28.51327 2.335626 6002113 13 1 153 36599
1 1.190567 1.223018 1.152597 1 33.25378 2.531538 6003113 13 0 513.4523 1.543572 6003113 11 1 153 36644
1 0.3170899 0.1198369 0.6261138 1 2.384317 1.606893 6002113 11 1 79.92462 1.75203 6002113 13 1 151 36098
1 1.705086 2.017803 1.363962 1 57.82766 1.863509 6003113 13 0 233.9729 3.193171 6003113 11 1 152 36244
1 1.10316 1.145079 1.05266 0 151.7038 1.619834 6003113 11 1 129.5117 2.135563 6003113 13 1 152 36452
1 1.10316 1.145079 1.05266 1 39.87502 1.399362 6002113 11 1 119.3844 2.070259 6002113 13 1 156 37408
1 1.575265 1.775696 1.383444 1 55.42054 1.643201 6002113 13 1 29.97857 1.7063 6002113 11 1 277 66293
1 1.15499 1.021547 1.194574 1 74.32073 2.293747 6003113 11 1 70.32333 2.173613 6003113 13 1 276 66195
1 1.157728 1.196465 1.111764 1 51.4954 2.18774 6002113 13 0 13.74927 4.534376 6002113 11 1 373 89361
1 1.329532 1.478061 1.189894 1 37.27608 3.974607 6003113 13 1 46.89796 2.285326 6003113 11 1 373 89442
1 0.9894024 0.7036328 1.19152 1 16.30931 1.245171 6002113 13 0 56.23778 3.589735 6002113 11 1 373 89451
1 1.054444 1.13827 0.9640688 1 19.99393 2.24941 6002113 11 1 79.20145 1.705031 6002113 13 1 75 17902
1 1.206555 1.21522 1.17542 1 1.941259 1.836586 6002113 11 1 41.84039 1.624901 6002113 13 1 65 15425
1 1.550791 1.753763 1.352368 0 917.6558 1.568054 6003113 11 1 173.2829 1.501088 6003113 13 1 65 15466
1 1.062846 1.139449 0.9784784 1 62.37129 3.011162 6002113 13 1 1.904513 2.078412 6002113 11 1 98 23296
1 0.01417853 0.002128869 0.07081318 0 254.5344 3.362269 6003113 11 1 51.25903 1.633524 6003113 13 1 98 23411
1 0.5380682 0.2637946 0.8676014 1 51.81763 1.632476 6002113 11 1 40.52566 1.592729 6002113 13 1 77 18312
1 0.2539062 0.08544197 0.5475258 1 20.69104 1.756944 6002113 11 1 63.28246 2.402004 6002113 13 1 96 22818
1 0.114587 0.02674881 0.3330998 0 32.72128 1.766208 6002113 11 1 78.57767 1.522147 6002113 13 1 97 23042
1 1.0427 1.134261 0.9473373 1 43.1927 1.5951 6003113 13 0 25.84323 1.467 6003113 11 1 349 83688
1 0.004946925 0.0007649757 0.02896901 1 58.33602 1.781612 6002113 11 1 56.84815 2.399061 6002113 13 1 361 86415
1 1.227292 1.202911 1.205555 0 325.072 3.892966 6003113 11 1 46.90424 2.328082 6003113 13 1 361 86502
1 1.26516 1.422013 1.117256 1 15.50498 1.686294 6002113 11 1 103.234 1.594388 6002113 13 1 361 86588
1 1.123647 1.241142 1.010512 1 57.40802 2.595261 6002113 11 1 47.82452 2.886939 6002113 13 1 361 86604
1 1.405111 1.934095 0.9833891 1 29.05698 1.630142 6002113 11 1 76.8965 1.821006 6002113 13 1 361 86629
1 1.063672 0.7860307 1.245813 0 219.8611 2.304922 6003113 11 1 107.6214 5.403478 6003113 13 1 378 90506
1 1.055133 1.104334 0.9975671 1 136.9796 1.680526 6003113 13 1 120.3464 1.444979 6003113 11 1 378 90597
1 1.526225 2.04983 1.080738 1 9.12559 1.674256 6002113 11 1 64.53766 1.368379 6002113 13 1 378 90657
1 1.048836 1.548763 0.7254791 1 95.05386 1.893867 6003113 13 0 531.6645 3.189929 6003113 11 1 393 94179
1 1.152971 1.190243 1.109341 1 48.28904 1.398498 6002113 13 0 127.3669 2.764937 6002113 11 1 394 94473
1 1.034916 1.100018 0.9626585 1 109.2926 1.935981 6003113 13 1 409.6715 2.15787 6003113 11 1 398 95328
1 1.550791 1.753763 1.352368 1 59.0028 2.117717 6002113 13 1 20.62965 1.50232 6002113 11 1 398 95490
1 1.314649 1.46568 1.173482 1 139.7945 10.94157 6003113 13 1 66.3605 3.650672 6003113 11 1 5 1113
1 1.026751 0.7444853 1.219196 1 75.4717 2.363038 6002113 13 1 62.38448 1.953753 6002113 11 1 5 1166
1 1.179161 1.206147 1.144075 1 58.2913 1.750329 6002113 13 1 1.082537 2.666441 6002113 11 1 13 2971
1 1.026751 0.7444853 1.219196 1 45.6778 2.73581 6002113 13 0 19.33115 1.765789 6002113 11 1 92 21928
1 1.058012 1.115802 0.9930252 1 1.509533 1.962556 6002113 11 1 47.68562 1.732021 6002113 13 1 92 21932
1 1.575265 1.775696 1.383444 1 27.63048 1.783646 6003113 13 0 867.0662 1.916202 6003113 11 1 92 22026
1 1.0427 1.134261 0.9473373 1 46.89022 2.280194 6002113 13 1 105.3635 6.642349 6002113 11 1 93 22138
1 1.142868 1.177299 1.103399 1 55.87006 1.917049 6002113 13 0 98.22001 2.674306 6002113 11 1 138 33005
1 1.20651 1.16088 1.193521 1 762.7116 2.023805 6003113 11 1 74.49237 1.380151 6003113 13 1 138 33020
1 1.227292 1.202911 1.205555 0 926.2794 2.614798 6003113 11 1 86.07108 1.804319 6003113 13 1 142 33855
1 1.143675 1.253919 1.033471 1 143.9713 3.437811 6003113 11 1 105.3399 2.000862 6003113 13 1 142 33885
1 1.314649 1.46568 1.173482 1 44.60855 1.656999 6002113 13 0 121.7117 1.523309 6002113 11 1 142 33928
1 1.134034 1.248093 1.022271 1 31.03688 1.602646 6002113 13 1 1.873976 1.458471 6002113 11 1 142 33929
1 1.017868 0.7662661 1.176325 0 40.05354 2.299263 6002113 11 1 39.62687 1.961178 6002113 13 1 142 34075
1 1.114777 0.884905 1.24054 1 51.25916 1.801538 6002113 13 0 68.90002 3.059659 6002113 11 1 159 37949
1 1.055133 1.104334 0.9975671 1 682.5773 2.47567 6003113 11 0 200.5643 1.672621 6003113 13 1 159 38070
1 1.182032 1.113501 1.180358 0 1962.318 5.026554 6003113 11 1 54.42427 2.197595 6003113 13 1 160 38233
1 0.1610681 0.04515641 0.4007308 1 36.91558 4.604331 6003113 11 1 156.7863 1.552856 6003113 13 1 160 38367
1 0.3064061 0.1093534 0.631845 1 49.99788 1.861073 6002113 11 1 40.87764 1.498279 6002113 13 1 253 60558
1 1.20651 1.16088 1.193521 1 13.34702 3.94433 6002113 13 1 36.92878 2.784696 6002113 11 1 253 60586
1 0.665028 0.3662483 0.9755856 1 12.47772 1.908069 6002113 11 1 103.5573 1.499767 6002113 13 1 253 60686
1 1.033406 1.101364 0.958024 1 81.9593 4.608957 6002113 11 1 25.85752 2.075462 6002113 13 1 273 65393
1 1.866054 2.331325 1.3979 1 84.92036 1.517599 6002113 13 1 77.37283 1.371652 6002113 11 1 284 68029
1 0.5380682 0.2637946 0.8676014 1 41.12336 5.349339 6002113 11 1 73.68858 7.232019 6002113 13 1 302 72301
1 0.747205 0.4303799 1.057145 1 13.17795 1.73309 6002113 11 1 29.89873 1.836881 6002113 13 1 302 72465
1 1.035838 1.098122 0.9666125 0 1111.233 5.283609 6003113 11 1 142.1033 1.753707 6003113 13 1 292 69999
1 1.1849 1.214892 1.148506 1 20.75693 4.25098 6002113 11 1 16.66833 2.870996 6002113 13 1 292 70044
1 1.194803 1.137859 1.187115 1 23.27458 3.178257 6002113 11 1 56.28647 2.842568 6002113 13 1 292 70056
1 0.3767309 0.1505117 0.7131262 1 6.661267 1.29152 6002113 11 1 61.60725 6.262111 6002113 13 1 314 75283
1 1.099696 0.9023142 1.195627 1 10.8816 1.88159 6002113 13 1 110.5335 3.154165 6002113 11 1 314 75314
1 1.0427 1.134261 0.9473373 1 148.2865 1.666303 6002113 13 1 77.29836 1.628332 6002113 11 1 303 72533
1 1.099519 1.139476 1.051563 1 21.34435 2.591703 6002113 11 1 26.98053 1.903718 6002113 13 1 303 72536
1 1.46424 1.680344 1.235249 1 59.21492 1.477338 6002113 13 0 2.135829 2.461993 6002113 11 1 342 81876
1 1.213336 1.227995 1.180605 1 29.8157 2.772716 6003113 13 1 197.1406 2.248328 6003113 11 1 368 88223
1 1.036252 1.095703 0.9699052 1 48.48822 1.267704 6002113 13 1 83.44888 2.900468 6002113 11 1 387 92763
1 1.034916 1.100018 0.9626585 0 58.37482 4.063613 6002113 11 1 100.1985 2.323671 6002113 13 1 387 92814
1 1.157728 1.196465 1.111764 0 52.21067 6.774632 6002113 11 1 25.16235 2.685534 6002113 13 1 387 92843
1 1.42456 2.044705 0.9864829 1 60.87642 3.016537 6003113 13 1 119.5075 1.902975 6003113 11 1 390 93366
1 1.053247 1.09991 0.9980844 0 219.8265 2.594363 6003113 11 1 156.1637 1.905828 6003113 13 1 390 93498
1 1.031225 1.102163 0.9526981 1 123.0735 1.530968 6002113 11 1 8.854559 1.836241 6002113 13 1 2 351
1 1.143675 1.253919 1.033471 1 75.7085 2.300085 6002113 13 1 20.5054 2.343495 6002113 11 1 2 461
1 1.143675 1.253919 1.033471 1 152.5189 3.166864 6003113 13 1 633.2137 4.820237 6003113 11 1 7 1475
1 0.4903168 0.2233237 0.8385035 1 42.81212 1.595535 6002113 13 1 8.319777 1.495092 6002113 11 1 334 79935
1 1.054444 1.13827 0.9640688 0 17.72228 1.794592 6003113 11 1 53.33396 2.242256 6003113 13 1 27 6249
1 0.3459568 0.1344595 0.6687537 1 88.37316 1.466282 6002113 11 1 85.82273 1.887524 6002113 13 1 27 6427
1 0.1610681 0.04515641 0.4007308 0 1126.023 2.273946 6003113 11 1 46.38868 1.816037 6003113 13 1 27 6446
1 1.227292 1.202911 1.205555 1 19.75939 16.31623 6002113 11 1 32.91663 1.381924 6002113 13 1 27 6479
1 1.03119 1.524041 0.7057037 1 507.118 1.859244 6003113 11 1 134.2111 1.437524 6003113 13 1 29 6735
1 1.056557 1.108524 0.9965968 1 26.16069 1.803365 6002113 13 1 31.28505 1.58887 6002113 11 1 29 6784
1 1.112575 1.233052 0.9981722 1 48.14644 1.927989 6003113 13 1 230.8351 1.887123 6003113 11 1 29 6822
1 1.053247 1.09991 0.9980844 1 73.80482 1.183766 6002113 13 1 38.36127 2.014926 6002113 11 1 56 13208
1 1.405111 1.934095 0.9833891 0 4.950167 2.368516 6002113 11 1 21.61228 1.669047 6002113 13 1 56 13245
1 1.149237 1.698801 0.7921503 1 32.20587 1.809698 6002113 11 1 29.88469 1.548615 6002113 13 1 56 13280
1 1.095596 1.133769 1.050051 1 22.48103 2.103766 6002113 13 1 19.46297 1.299486 6002113 11 1 108 25702
1 0.665028 0.3662483 0.9755856 1 10.25366 1.453278 6001113 13 1 6.225566 1.779599 6001113 11 1 108 25800
1 1.152501 1.258655 1.04415 1 30.53889 2.278247 6002113 13 0 38.62694 3.667198 6002113 11 1 108 25809
1 1.147959 1.183877 1.106546 1 22.61689 2.871147 6003113 13 1 103.9563 2.219664 6003113 11 1 189 45156
1 1.227292 1.202911 1.205555 1 94.98904 1.627308 6002113 13 1 51.2478 1.962328 6002113 11 1 189 45301
1 0.02782141 0.00448657 0.1208789 1 12.20988 91.62295 6002113 11 1 89.85143 1.268561 6002113 13 1 186 44450
1 1.194803 1.137859 1.187115 1 1.819935 1.751648 6001113 11 1 10.41763 2.143764 6001113 13 1 218 52181
1 1.048997 1.136673 0.9559695 1 67.80479 3.140047 6002113 13 1 28.69554 2.511135 6002113 11 1 218 52206
1 1.143675 1.253919 1.033471 1 362.5779 1.907824 6003113 11 1 130.8725 1.682894 6003113 13 1 350 83798
1 0.7242169 1.085561 0.4754195 1 114.2907 2.122719 6003113 13 1 68.49439 4.112216 6003113 11 1 350 83904
1 0.6235333 0.981489 0.3895437 1 10.29961 2.688462 6002113 11 1 30.05567 1.642446 6002113 13 1 350 83982
1 0.1014541 0.02299071 0.3029553 0 14.27519 1.445121 6002113 11 1 53.83453 1.76153 6002113 13 1 354 84755
1 1.03119 1.524041 0.7057037 1 571.6431 11.11335 6003113 11 1 98.78612 2.789986 6003113 13 1 388 92939
1 1.058012 1.115802 0.9930252 1 40.62452 4.22707 6003113 13 0 368.493 10.56245 6003113 11 1 388 93030
1 1.126364 0.9389989 1.211138 0 364.9311 6.024418 6003113 11 1 75.48081 4.033647 6003113 13 1 388 93088
1 1.0427 1.134261 0.9473373 1 68.65356 2.484945 6002113 11 0 79.43082 1.605181 6002113 13 1 395 94637
1 1.183608 1.169262 1.159476 1 38.09308 1.82388 6002113 13 1 23.92916 2.049016 6002113 11 1 397 95208
1 1.033406 1.101364 0.958024 0 1568.529 3.284772 6003113 11 1 74.20396 2.20412 6003113 13 1 402 96254
1 1.20651 1.16088 1.193521 1 22.40417 1.648725 6002113 11 1 50.23062 1.577089 6002113 13 1 402 96330
1 1.566869 2.206142 1.088645 0 291.7562 2.160646 6003113 11 1 37.44965 1.265392 6003113 13 1 402 96391
1 1.182032 1.113501 1.180358 1 83.38377 1.62081 6003113 13 0 1744.807 1.545244 6003113 11 1 404 96859
1 1.191782 1.185832 1.16486 1 82.59285 1.724064 6003113 13 1 78.16183 1.715084 6003113 11 1 17 3991
1 1.036252 1.095703 0.9699052 1 68.72676 1.379252 6002113 13 1 65.70705 5.73259 6002113 11 1 17 4015
1 0.1527629 0.0402692 0.399808 1 102.4864 1.52099 6002113 13 1 22.88319 1.546872 6002113 11 1 17 4034
1 1.314649 1.46568 1.173482 1 24.13904 1.809257 6002113 13 1 3.740535 2.202463 6002113 11 1 28 6565
1 1.026751 0.7444853 1.219196 1 94.7462 1.727039 6002113 13 1 1.050331 1.647303 6002113 11 1 73 17373
1 0.4094664 0.1680855 0.7591912 1 40.10875 2.070044 6003113 13 0 1076.242 2.392275 6003113 11 1 79 18796
1 1.191782 1.185832 1.16486 1 7.061704 1.609015 6002113 11 1 107.9833 1.557467 6002113 13 1 109 26010
1 1.095596 1.133769 1.050051 1 53.16239 2.442735 6002113 11 1 38.6309 2.337698 6002113 13 1 111 26457
1 1.209625 1.112975 1.222657 1 24.75519 2.468601 6002113 13 1 69.07058 2.230395 6002113 11 1 111 26500
1 0.5380682 0.2637946 0.8676014 1 26.55069 1.785931 6002113 13 1 78.73531 3.440909 6002113 11 1 127 30430
1 0.6159488 0.3166172 0.9557644 1 27.53102 1.795918 6002113 13 1 27.02767 2.852879 6002113 11 1 135 32367
1 0.4903168 0.2233237 0.8385035 1 42.27909 2.571322 6002113 13 0 76.47179 7.433597 6002113 11 1 139 33253
1 1.42456 2.044705 0.9864829 1 26.31218 3.03729 6002113 11 1 36.04903 1.438558 6002113 13 1 141 33783
1 0.6235333 0.981489 0.3895437 1 219.0323 2.315153 6003113 13 1 234.7999 4.302867 6003113 11 1 162 38790
1 1.059052 1.139164 0.9715886 0 1.827496 2.041246 6002113 11 1 60.297 1.678107 6002113 13 1 162 38834
1 0.9160994 0.6007248 1.171549 1 50.08601 2.284113 6002113 11 1 24.18372 1.533513 6002113 13 1 163 38886
1 1.109295 1.155893 1.053631 0 14.0353 1.810342 6003113 11 1 132.3049 1.733623 6003113 13 1 163 39041
1 1.152501 1.258655 1.04415 1 44.3736 1.506824 6002113 13 1 109.1268 1.613279 6002113 11 1 190 45479
1 1.183608 1.169262 1.159476 1 46.13058 2.161502 6002113 13 0 46.12597 2.277195 6002113 11 1 190 45526
1 1.26516 1.422013 1.117256 1 508.6208 2.014853 6003113 11 1 92.3282 1.632604 6003113 13 1 195 46573
1 1.761918 2.058838 1.43754 1 31.11332 2.940199 6002113 11 1 32.9348 2.491138 6002113 13 1 232 55580
1 1.057513 1.112379 0.9951048 1 145.6946 1.580128 6002113 11 1 60.71275 1.744705 6002113 13 1 233 55681
1 0.00101149 0.0002112473 0.005580286 1 29.55326 1.551618 6002113 13 0 59.82156 2.6795 6002113 11 1 233 55759
1 1.199428 1.046014 1.251733 1 52.12771 1.840323 6002113 13 1 41.00093 1.515096 6002113 11 1 233 55785
1 1.095596 1.133769 1.050051 1 21.15168 2.468896 6002113 13 1 57.55163 1.719932 6002113 11 1 282 67653
1 1.123647 1.241142 1.010512 1 143.1307 1.299066 6003113 13 1 230.3322 1.703108 6003113 11 1 282 67662
1 0.02071812 0.003240969 0.0945363 1 156.4958 1.737111 6003113 13 1 207.8955 2.718938 6003113 11 1 301 72110
1 1.298986 1.452146 1.156092 1 3.57276 2.409588 6001113 11 1 41.99987 1.659379 6001113 13 1 301 72157
1 1.227292 1.202911 1.205555 1 25.99212 1.92298 6003113 13 0 784.4153 1.824034 6003113 11 1 301 72194
1 1.137649 1.170432 1.099925 1 355.1987 2.510559 6003113 11 1 58.33551 1.483065 6003113 13 1 319 76361
1 1.057513 1.112379 0.9951048 1 53.83433 1.915301 6003113 13 1 492.0387 1.840783 6003113 11 1 348 83307
1 1.176288 1.010978 1.239274 1 31.43579 7.545579 6002113 11 1 66.3016 12.07412 6002113 13 1 348 83443
