1 0.2304392 0.07526134 0.508429 1 42.23082 1.053447 6003113 11 1 43.20719 1.104763 6003113 13 1 38 9029
1 1.048836 1.548763 0.7254791 1 30.09376 1.261058 6003113 11 1 23.74572 1.119373 6003113 13 1 91 21790
1 0.4094664 0.1680855 0.7591912 1 75.45347 1.188901 6003113 13 1 33.66792 1.680895 6003113 11 1 92 21854
1 1.298986 1.452146 1.156092 1 54.89048 1.419562 6003113 13 0 39.57771 4.228118 6003113 11 1 92 22035
1 0.9160994 0.6007248 1.171549 0 4.504295 2.267495 6002113 11 1 55.81078 1.036041 6002113 13 1 95 22594
1 1.062846 1.139449 0.9784784 1 25.48919 1.71612 6003113 13 0 222.1535 1.133553 6003113 11 1 99 23662
1 1.151918 0.9752633 1.225726 1 13.80602 1.188591 6002113 13 1 7.860181 1.260114 6002113 11 1 207 49565
1 1.031225 1.102163 0.9526981 1 0.09274921 3.117679 6002113 11 1 18.38753 1.157308 6002113 13 1 208 49786
1 1.199401 1.201198 1.170168 1 37.36511 1.13561 6003113 13 0 83.0161 17.40203 6003113 11 1 221 52888
1 1.173319 1.196671 1.139395 1 5.946106 1.615863 6002113 11 1 27.62477 1.246673 6002113 13 1 221 52956
1 0.5762256 0.2893137 0.9113798 0 97.49015 3.632702 6003113 11 1 24.48222 1.075345 6003113 13 1 227 54390
1 1.812285 2.096335 1.505211 1 34.75445 2.357286 6003113 13 1 121.6623 2.032654 6003113 11 1 198 47321
1 1.033406 1.101364 0.958024 1 88.10569 1.040552 6003113 13 0 94.38081 1.700112 6003113 11 1 198 47506
1 1.152501 1.258655 1.04415 1 5.868801 1.171154 6002113 11 1 39.06677 1.145266 6002113 13 1 199 47523
1 0.3459568 0.1344595 0.6687537 0 12.36923 1.976043 6002113 11 1 39.70427 1.993123 6002113 13 1 199 47716
1 0.5762256 0.2893137 0.9113798 1 143.3716 1.568352 6003113 11 1 41.23438 1.044882 6003113 13 1 201 48121
1 0.2539062 0.08544197 0.5475258 1 9.624431 1.546323 6002113 11 1 27.18345 1.183492 6002113 13 1 202 48363
1 1.641128 1.972201 1.285192 1 16.03535 1.124612 6003113 13 1 91.53271 1.100914 6003113 11 1 204 48779
1 1.056557 1.108524 0.9965968 1 50.43517 2.341556 6003113 11 0 74.71949 1.256731 6003113 13 1 204 48909
1 1.054444 1.13827 0.9640688 1 60.35879 1.047403 6003113 13 1 87.41724 1.785231 6003113 11 1 264 63296
1 1.282494 1.437562 1.137462 1 22.63815 2.191648 6003113 13 1 117.3328 1.077411 6003113 11 1 267 64000
1 1.176288 1.010978 1.239274 0 25.27811 2.383647 6003113 13 0 227.0553 3.039667 6003113 11 1 270 64672
1 1.151918 0.9752633 1.225726 1 25.34422 1.252022 6002113 13 0 9.890219 4.555251 6002113 11 1 272 65126
1 1.194803 1.137859 1.187115 1 110.314 1.058921 6003113 11 0 40.49794 1.554193 6003113 13 1 282 67638
1 0.9219857 1.364073 0.6240806 1 29.112 1.264074 6003113 13 0 215.2702 1.772599 6003113 11 1 283 67716
1 1.095596 1.133769 1.050051 0 119.2146 1.221551 6003113 13 1 2.941445 2.090841 6003113 11 1 395 94780
1 1.145385 0.9245803 1.259718 1 36.53429 1.183859 6002113 13 0 12.9818 1.034368 6002113 11 1 401 96015
1 1.206555 1.21522 1.17542 1 41.75209 1.068784 6003113 13 1 84.71307 1.50188 6003113 11 1 417 99924
1 1.641128 1.972201 1.285192 1 33.70557 1.287423 6003113 11 1 32.99316 1.044656 6003113 13 1 417 99941
1 1.282494 1.437562 1.137462 1 23.67124 1.417907 6003113 11 1 25.17217 1.170999 6003113 13 1 3 580
1 1.151918 0.9752633 1.225726 1 13.89205 1.331689 6002113 13 1 6.83664 1.044404 6002113 11 1 3 703
1 1.134034 1.248093 1.022271 1 34.5901 1.183259 6002113 13 1 2.110446 1.118058 6002113 11 1 4 865
1 0.747205 0.4303799 1.057145 0 246.4181 2.194182 6003113 11 1 36.02796 1.052257 6003113 13 1 20 4687
1 1.035838 1.098122 0.9666125 1 62.75156 1.032899 6003113 13 1 118.8168 1.131933 6003113 11 1 138 32953
1 1.151918 0.9752633 1.225726 1 24.70797 1.14735 6002113 13 1 19.03487 1.052142 6002113 11 1 138 32996
1 1.761918 2.058838 1.43754 0 8.120739 1.422056 6002113 11 1 22.3335 1.079276 6002113 13 1 156 37343
1 1.152971 1.190243 1.109341 0 37.29351 1.113057 6003113 11 1 26.53749 1.038368 6003113 13 1 160 38239
1 1.227292 1.202911 1.205555 1 98.64344 1.383679 6003113 11 1 25.60062 2.312382 6003113 13 1 160 38247
1 1.282494 1.437562 1.137462 1 104.6817 1.103925 6003113 13 0 21.3205 4.707083 6003113 11 1 161 38636
1 0.9138955 0.6245104 1.1333 1 37.09251 1.120248 6003113 11 1 40.53215 1.609442 6003113 13 1 310 74218
1 1.56971 1.920896 1.202337 0 0.3329186 1.104592 6002113 11 1 52.74592 2.055078 6002113 13 1 329 78743
1 1.42456 2.044705 0.9864829 1 40.53482 1.063993 6003113 13 0 40.20321 1.230765 6003113 11 1 329 78801
1 1.143675 1.253919 1.033471 1 32.7486 1.119323 6003113 13 1 12.66327 1.188148 6003113 11 1 347 83089
1 1.114777 0.884905 1.24054 1 2.281149 1.242608 6002113 11 1 11.81199 1.044882 6002113 13 1 378 90699
1 0.4442115 0.1872741 0.8068974 1 5.628245 1.119907 6002113 11 1 30.87564 2.08271 6002113 13 1 387 92740
1 1.190567 1.223018 1.152597 1 106.4952 2.971225 6003113 11 1 25.4001 1.040691 6003113 13 1 388 92956
1 1.282494 1.437562 1.137462 1 69.89884 1.031737 6003113 13 0 162.3901 1.113973 6003113 11 1 388 92961
1 0.4544891 0.2018274 0.792879 1 6.099348 1.279187 6002113 13 1 2.700064 1.241974 6002113 11 1 388 93087
1 0.9160994 0.6007248 1.171549 1 11.89939 1.342432 6002113 13 1 10.62702 1.113003 6002113 11 1 266 63604
1 0.0739324 0.01495082 0.2461688 1 22.81558 1.729054 6003113 13 0 191.3464 2.570803 6003113 11 1 266 63720
1 1.524498 1.73059 1.317664 1 0.7988901 1.113724 6002113 11 0 34.48567 1.23243 6002113 13 1 281 67319
1 1.298986 1.452146 1.156092 1 1.912929 1.140908 6003113 11 1 60.28487 1.414594 6003113 13 1 281 67393
1 0.0007888913 0.0001792867 0.003864468 1 52.10051 1.173869 6003113 13 0 30.66834 1.073872 6003113 11 1 299 71681
1 1.190567 1.223018 1.152597 0 30.79659 1.338052 6003113 11 1 39.95627 1.556715 6003113 13 1 320 76671
1 1.194803 1.137859 1.187115 1 21.44077 1.42184 6002113 13 0 0.960138 1.199781 6002113 11 1 263 63090
1 1.157728 1.196465 1.111764 1 16.9874 1.173435 6002113 11 1 20.24517 1.017392 6002113 13 1 285 68197
1 1.206555 1.21522 1.17542 1 46.05665 1.041225 6003113 13 1 26.83058 1.427076 6003113 11 1 285 68278
1 1.566869 2.206142 1.088645 0 638.8447 1.050433 6003113 11 1 49.04234 1.127082 6003113 13 1 325 77879
1 1.0427 1.134261 0.9473373 1 34.78191 2.137774 6003113 13 0 270.2328 1.850405 6003113 11 1 351 84106
1 0.1014541 0.02299071 0.3029553 1 24.11955 2.352466 6003113 13 0 9.084146 7.615082 6003113 11 1 351 84163
1 0.2792014 0.09677438 0.588659 1 37.70575 1.848981 6003113 13 0 175.8098 1.956759 6003113 11 1 372 89066
1 1.298986 1.452146 1.156092 0 1.711668 2.080648 6002113 11 1 11.84089 1.183384 6002113 13 1 373 89312
1 0.9160994 0.6007248 1.171549 1 71.28683 1.242416 6003113 13 0 104.2619 1.263915 6003113 11 1 413 98907
1 0.3767309 0.1505117 0.7131262 1 89.59858 1.064644 6003113 13 0 178.8734 2.459708 6003113 11 1 413 98968
1 1.033406 1.101364 0.958024 1 52.37701 1.110794 6003113 13 0 203.2698 1.034158 6003113 11 1 413 99010
1 1.152501 1.258655 1.04415 0 63.7475 4.486658 6003113 11 1 25.35843 1.095227 6003113 13 1 414 99184
1 1.147959 1.183877 1.106546 0 2.361891 1.88023 6002113 11 1 40.25818 1.04629 6002113 13 1 416 99779
1 1.112575 1.233052 0.9981722 1 72.27747 1.289191 6003113 13 1 67.322 1.159802 6003113 11 1 168 40242
1 1.152971 1.190243 1.109341 0 15.71511 1.247609 6003113 11 1 56.02644 1.026562 6003113 13 1 171 40918
1 1.10316 1.145079 1.05266 1 59.18813 1.026228 6003113 13 0 41.94624 2.312763 6003113 11 1 50 11770
1 1.055133 1.104334 0.9975671 0 24.26774 1.134736 6003113 11 1 33.39779 1.222623 6003113 13 1 50 11890
1 1.182032 1.113501 1.180358 1 4.357661 1.060725 6002113 11 1 33.90483 1.376302 6002113 13 1 57 13445
1 1.055133 1.104334 0.9975671 1 29.86493 1.542265 6003113 13 0 93.46725 1.955621 6003113 11 1 57 13482
1 1.048997 1.136673 0.9559695 0 22.69254 3.233632 6003113 11 1 34.04243 1.716361 6003113 13 1 72 17107
1 1.033406 1.101364 0.958024 0 3.466304 2.153555 6002113 11 1 17.94061 1.11635 6002113 13 1 77 18361
1 1.176288 1.010978 1.239274 1 12.32861 1.07028 6002113 11 1 26.63935 1.267272 6002113 13 1 173 41478
1 1.10316 1.145079 1.05266 1 80.42833 1.365484 6003113 13 0 2.327873 1.476987 6003113 11 1 173 41519
1 1.199401 1.201198 1.170168 1 17.1676 1.32739 6002113 13 1 10.14717 1.071752 6002113 11 1 314 75144
1 0.5226254 0.8798594 0.3137767 1 27.76712 1.205642 6003113 13 0 10.02261 1.385907 6003113 11 1 314 75349
1 1.42456 2.044705 0.9864829 1 17.56082 1.033832 6002113 13 1 2.734683 1.048801 6002113 11 1 316 75671
1 1.056557 1.108524 0.9965968 0 2.525007 1.463999 6002113 11 1 19.3086 1.920815 6002113 13 1 316 75729
1 0.8339615 0.5241884 1.101491 0 415.2828 1.465577 6003113 11 1 47.2293 1.07286 6003113 13 1 321 77028
1 1.055133 1.104334 0.9975671 1 33.76129 1.046952 6003113 13 1 86.02293 1.476424 6003113 11 1 324 77671
1 0.1527629 0.0402692 0.399808 1 3.075205 1.475581 6002113 11 1 19.71992 2.049318 6002113 13 1 330 79106
1 1.035838 1.098122 0.9666125 1 34.59442 1.033635 6003113 11 1 49.66584 1.033488 6003113 13 1 330 79163
1 1.058012 1.115802 0.9930252 0 36.75425 2.05208 6003113 11 1 48.81959 1.06776 6003113 13 1 155 36994
1 1.191782 1.185832 1.16486 0 8.239527 1.051147 6002113 11 1 36.3054 1.652913 6002113 13 1 155 37170
1 1.194803 1.137859 1.187115 1 12.39673 1.089265 6002113 13 1 5.184043 1.276544 6002113 11 1 155 37189
1 1.099696 0.9023142 1.195627 1 55.4803 1.033089 6003113 13 0 4.758133 1.338093 6003113 11 1 210 50265
1 1.055133 1.104334 0.9975671 1 50.37724 1.094239 6003113 13 0 140.3156 2.217612 6003113 11 1 254 60839
1 1.149237 1.698801 0.7921503 1 50.8075 1.139255 6003113 13 1 131.9017 1.384319 6003113 11 1 273 65519
1 1.035838 1.098122 0.9666125 1 9.359643 2.749655 6002113 13 1 7.902268 1.232159 6002113 11 1 274 65666
1 1.213336 1.227995 1.180605 1 19.56633 1.169406 6003113 13 0 152.1838 1.047555 6003113 11 1 66 15747
1 1.190567 1.223018 1.152597 1 11.20685 1.110909 6003113 13 1 63.62418 1.111351 6003113 11 1 94 22354
1 1.056557 1.108524 0.9965968 1 54.96426 1.061117 6003113 13 0 19.45775 1.168991 6003113 11 1 146 35021
1 0.7242169 1.085561 0.4754195 1 17.11111 1.3469 6002113 13 0 13.90886 3.574552 6002113 11 1 148 35483
1 1.289688 1.878288 0.892531 1 48.91333 2.420533 6003113 13 0 31.19984 1.07549 6003113 11 1 261 62448
1 1.183608 1.169262 1.159476 1 49.29687 1.16439 6003113 13 1 25.48432 1.14869 6003113 11 1 261 62453
1 1.191782 1.185832 1.16486 1 9.475322 1.590354 6002113 13 0 5.20971 2.91643 6002113 11 1 268 64222
1 1.75908 2.248522 1.290011 1 19.40552 1.12354 6002113 13 0 11.12089 1.595029 6002113 11 1 295 70763
1 0.7242169 1.085561 0.4754195 0 10.67938 1.031959 6003113 11 1 59.58551 1.890716 6003113 13 1 403 96698
1 1.282494 1.437562 1.137462 1 16.10699 1.724028 6003113 13 1 89.91061 1.300133 6003113 11 1 404 96736
1 1.036252 1.095703 0.9699052 1 57.60845 1.095538 6003113 13 0 57.70021 1.064175 6003113 11 1 393 94149
1 0.1363718 0.034862 0.3662451 1 33.27971 1.071891 6002113 13 1 2.371368 1.577782 6002113 11 1 393 94162
1 1.199401 1.201198 1.170168 0 109.7688 1.037069 6003113 11 1 79.6216 1.277092 6003113 13 1 407 97521
1 1.192805 1.083559 1.213989 0 24.26957 1.24826 6002113 11 1 19.0908 1.111649 6002113 13 1 409 98063
1 0.04601344 0.008200601 0.1755223 1 37.69788 1.216837 6003113 13 1 21.99426 1.050153 6003113 11 1 410 98162
1 0.6998869 0.3767799 1.045889 1 2.127861 1.665788 6002113 11 1 20.42883 1.209554 6002113 13 1 410 98301
1 1.209625 1.112975 1.222657 0 9.839526 1.062625 6002113 11 1 20.30595 1.927459 6002113 13 1 234 56077
1 0.789787 0.4650854 1.097808 0 203.4776 3.390892 6003113 11 1 49.65316 1.159946 6003113 13 1 235 56238
1 1.036252 1.095703 0.9699052 1 21.85954 1.633437 6002113 13 0 1.911053 6.124685 6002113 11 1 326 78179
1 1.56971 1.920896 1.202337 0 5.187392 1.624053 6002113 11 1 27.28047 1.060301 6002113 13 1 328 78613
1 1.063672 0.7860307 1.245813 1 92.82432 1.028756 6003113 11 1 24.50175 1.063426 6003113 13 1 338 80956
1 1.10316 1.145079 1.05266 1 65.54613 1.612695 6003113 11 1 32.80956 2.22008 6003113 13 1 9 2126
1 1.059052 1.139164 0.9715886 1 70.99155 1.220646 6003113 13 0 4.3387 1.431661 6003113 11 1 11 2517
1 1.157728 1.196465 1.111764 0 164.3001 1.158796 6003113 11 1 43.56144 1.778053 6003113 13 1 42 10019
1 0.8339615 0.5241884 1.101491 0 3.367069 5.054894 6002113 11 1 13.85574 1.057211 6002113 13 1 16 3721
1 1.209625 1.112975 1.222657 1 68.23246 1.06346 6003113 13 0 61.48309 3.790082 6003113 11 1 34 8124
1 1.033406 1.101364 0.958024 1 38.17194 1.18155 6003113 11 1 66.6651 1.032135 6003113 13 1 37 8872
1 1.026751 0.7444853 1.219196 1 0.1926092 1.274627 6002113 11 1 18.59967 1.163892 6002113 13 1 237 56681
1 1.190567 1.223018 1.152597 1 48.28596 1.130811 6003113 13 0 163.8222 1.050249 6003113 11 1 237 56873
1 0.7268606 1.122648 0.4611204 1 40.96659 1.078911 6003113 13 1 36.9819 3.169785 6003113 11 1 237 56875
1 0.9894024 0.7036328 1.19152 1 28.38957 1.023535 6003113 13 1 103.3594 1.06851 6003113 11 1 246 58816
1 1.167323 1.186361 1.134647 1 62.53174 1.102132 6003113 13 0 61.92379 3.892479 6003113 11 1 250 59884
1 1.050919 0.8056091 1.198818 1 67.9799 1.848794 6003113 11 1 29.21256 1.07144 6003113 13 1 256 61256
1 1.705086 2.017803 1.363962 1 87.90379 1.311563 6003113 13 0 196.4985 1.565995 6003113 11 1 307 73671
1 1.206555 1.21522 1.17542 1 66.89796 1.496947 6003113 11 1 34.21286 1.264018 6003113 13 1 309 73974
1 1.0427 1.134261 0.9473373 1 7.820091 1.394167 6002113 13 0 3.486033 5.316051 6002113 11 1 311 74562
1 1.173319 1.196671 1.139395 0 117.5006 1.509571 6003113 11 1 43.54883 1.332016 6003113 13 1 312 74721
1 1.053247 1.09991 0.9980844 1 20.67453 1.075725 6002113 13 0 4.954301 2.250631 6002113 11 1 313 74897
1 1.033406 1.101364 0.958024 0 11.16106 1.036961 6003113 11 1 29.02643 1.038712 6003113 13 1 60 14207
1 1.083255 0.8452013 1.220206 1 35.23981 1.161687 6003113 11 1 68.17342 1.050807 6003113 13 1 181 43305
1 1.199401 1.201198 1.170168 1 1.783455 1.109124 6002113 11 1 11.1293 1.129852 6002113 13 1 183 43772
1 1.314649 1.46568 1.173482 1 7.987368 1.399606 6003113 11 1 42.51574 1.079598 6003113 13 1 183 43909
1 1.190567 1.223018 1.152597 1 11.35344 1.198862 6003113 13 1 114.0835 1.514009 6003113 11 1 184 44048
1 1.199428 1.046014 1.251733 0 183.5491 2.162834 6003113 11 1 49.92962 1.216773 6003113 13 1 185 44247
1 1.566869 2.206142 1.088645 0 33.99157 1.447169 6003113 11 1 88.2128 1.840191 6003113 13 1 185 44349
1 1.106427 1.150534 1.053346 1 17.02199 2.196342 6002113 13 0 15.02111 1.139271 6002113 11 1 186 44624
1 0.2304392 0.07526134 0.508429 1 45.4932 1.046474 6003113 13 1 35.70089 1.046893 6003113 11 1 290 69454
1 1.298986 1.452146 1.156092 1 12.45141 1.06293 6002113 13 1 22.28877 1.413733 6002113 11 1 292 69965
1 0.6159488 0.3166172 0.9557644 0 244.8717 2.71139 6003113 11 1 29.02454 1.131445 6003113 13 1 98 23419
1 1.099519 1.139476 1.051563 0 3.395765 1.085195 6003113 11 1 58.39853 1.266366 6003113 13 1 98 23426
1 0.9160994 0.6007248 1.171549 1 33.51203 1.168265 6003113 13 0 140.8601 1.028524 6003113 11 1 103 24707
1 1.217313 1.182622 1.199648 1 67.83597 1.100681 6003113 13 1 73.1834 2.67007 6003113 11 1 142 33901
1 1.173319 1.196671 1.139395 1 34.5579 2.536738 6003113 11 1 30.13674 1.846403 6003113 13 1 180 43066
1 1.048997 1.136673 0.9559695 0 211.2605 2.537214 6003113 11 1 61.6886 1.073952 6003113 13 1 180 43092
1 0.5292084 0.8493549 0.3262614 1 83.93661 1.742714 6003113 13 0 19.55396 1.122081 6003113 11 1 123 29395
1 1.143675 1.253919 1.033471 1 17.89565 1.096008 6002113 13 0 14.84932 1.390732 6002113 11 1 133 31807
1 1.035838 1.098122 0.9666125 1 28.47973 2.121869 6003113 13 1 71.17495 1.327011 6003113 11 1 249 59612
1 1.56971 1.920896 1.202337 1 33.2196 3.551609 6002113 11 1 23.10737 1.108903 6002113 13 1 278 66557
1 1.033406 1.101364 0.958024 1 53.12905 1.98853 6003113 13 0 136.8656 1.334874 6003113 11 1 278 66617
1 1.167323 1.186361 1.134647 1 21.47777 1.146972 6002113 13 0 7.602688 1.114249 6002113 11 1 278 66713
1 1.157728 1.196465 1.111764 0 43.34739 3.788486 6003113 11 1 77.13596 1.392599 6003113 13 1 224 53749
1 1.048997 1.136673 0.9559695 1 48.99778 1.111438 6003113 13 1 50.9782 1.787308 6003113 11 1 231 55291
1 1.083255 0.8452013 1.220206 1 4.380647 1.13063 6002113 11 1 24.12285 1.142847 6002113 13 1 231 55429
1 0.03472439 0.005924022 0.1396847 0 25.72852 1.040264 6003113 11 1 51.80692 1.159459 6003113 13 1 232 55512
1 0.001927587 0.0003547033 0.01149695 1 44.90649 1.031378 6003113 11 1 55.32883 1.274442 6003113 13 1 21 4894
1 0.1014541 0.02299071 0.3029553 0 82.95842 1.795959 6003113 11 1 57.32714 1.197083 6003113 13 1 21 4898
1 0.7934737 0.4881172 1.065644 1 50.74853 1.045524 6003113 13 0 305.4252 1.043921 6003113 11 1 243 58143
1 0.02402195 0.003812468 0.1069883 1 48.25925 1.592169 6003113 13 1 132.3652 1.35232 6003113 11 1 243 58157
1 0.8748782 0.5617447 1.136825 1 48.67673 1.04123 6003113 11 1 23.35185 1.049262 6003113 13 1 243 58270
1 1.099519 1.139476 1.051563 1 18.04547 1.391953 6003113 13 0 213.5197 2.538615 6003113 11 1 257 61675
1 1.109295 1.155893 1.053631 0 142.1452 4.116737 6003113 11 1 50.12032 1.141313 6003113 13 1 258 61767
1 1.048997 1.136673 0.9559695 1 79.91116 1.183688 6003113 13 0 248.2782 1.053629 6003113 11 1 259 61925
1 0.7055845 0.3974356 1.016366 0 7.531811 1.900328 6003113 11 1 58.37983 1.084344 6003113 13 1 333 79872
1 1.282494 1.437562 1.137462 1 21.57863 1.402344 6002113 13 0 3.32959 1.225149 6002113 11 1 333 79894
1 0.9138955 0.6245104 1.1333 1 87.67996 3.227449 6003113 11 1 17.69817 1.076494 6003113 13 1 345 82570
1 1.550791 1.753763 1.352368 1 50.67882 1.037443 6003113 13 1 74.07912 1.263787 6003113 11 1 362 86817
1 0.9574994 0.6410515 1.205563 0 14.96189 5.650917 6003113 11 1 42.26702 1.133786 6003113 13 1 364 87149
1 0.4205023 0.1819855 0.7484848 1 4.847517 1.172078 6003113 11 1 30.99896 1.127386 6003113 13 1 342 82063
1 1.054444 1.13827 0.9640688 1 65.84356 1.072288 6003113 11 1 23.81885 1.260414 6003113 13 1 343 82098
1 1.217313 1.182622 1.199648 0 34.99293 1.141577 6003113 11 1 25.77672 1.096036 6003113 13 1 350 83906
1 1.142868 1.177299 1.103399 1 51.2661 1.245022 6003113 13 0 270.4809 1.741505 6003113 11 1 41 9809
1 0.747205 0.4303799 1.057145 1 52.8264 1.036953 6002113 13 0 10.26327 1.059205 6002113 11 1 74 17739
1 1.329532 1.478061 1.189894 1 43.97086 1.087468 6003113 13 0 5.61882 1.218982 6003113 11 1 118 28125
1 1.182032 1.113501 1.180358 1 54.25012 1.061551 6003113 13 1 67.63961 2.868028 6003113 11 1 118 28168
1 1.227292 1.202911 1.205555 1 27.89712 1.058242 6003113 13 0 12.24262 1.03174 6003113 11 1 174 41529
1 1.137649 1.170432 1.099925 1 34.42304 1.037258 6002113 13 1 2.218069 1.916045 6002113 11 1 176 42070
1 1.705086 2.017803 1.363962 1 70.443 1.723961 6003113 13 1 12.23551 1.174706 6003113 11 1 179 42917
1 1.099696 0.9023142 1.195627 0 1.109892 1.6733 6002113 11 1 22.30065 3.106194 6002113 13 1 177 42256
1 1.217313 1.182622 1.199648 1 68.04382 1.279539 6003113 13 1 72.33588 1.394154 6003113 11 1 188 44887
1 1.151918 0.9752633 1.225726 1 10.46088 1.193677 6003113 11 1 31.78797 1.101046 6003113 13 1 193 46311
1 1.183608 1.169262 1.159476 1 53.82656 1.30131 6003113 13 0 17.71317 3.886255 6003113 11 1 220 52740
1 0.5380682 0.2637946 0.8676014 0 114.6929 2.561646 6003113 11 1 33.47247 2.605212 6003113 13 1 205 48997
1 0.3458254 0.5933005 0.203245 1 38.67908 1.040761 6003113 11 1 70.03627 1.186626 6003113 13 1 205 49004
1 1.152971 1.190243 1.109341 0 23.03826 1.64676 6003113 13 0 323.7369 1.044958 6003113 11 1 263 62992
1 1.152971 1.190243 1.109341 1 0.2127757 1.467901 6003113 11 1 71.05826 1.583171 6003113 13 1 244 58474
1 0.6998869 0.3767799 1.045889 1 8.70575 1.9267 6002113 13 0 1.070339 1.606596 6002113 11 1 245 58615
1 1.035838 1.098122 0.9666125 1 11.66651 1.064339 6003113 11 1 28.38825 1.308646 6003113 13 1 245 58638
1 1.062846 1.139449 0.9784784 1 19.92275 2.183809 6002113 13 1 3.538712 1.850216 6002113 11 1 252 60449
1 1.147959 1.183877 1.106546 1 66.23467 2.849313 6003113 13 0 89.41002 1.054069 6003113 11 1 253 60487
1 0.8748782 0.5617447 1.136825 1 39.65581 1.036479 6003113 13 0 340.0097 1.735856 6003113 11 1 253 60516
1 1.190567 1.223018 1.152597 1 16.94305 1.37661 6003113 11 1 45.25888 1.23969 6003113 13 1 260 62169
1 1.123647 1.241142 1.010512 1 20.39905 1.79762 6003113 13 0 43.0296 3.623461 6003113 11 1 260 62348
1 1.035838 1.098122 0.9666125 1 12.3959 1.647459 6003113 11 1 53.97599 1.321928 6003113 13 1 265 63418
1 1.031225 1.102163 0.9526981 0 11.11257 1.048428 6002113 11 1 32.09647 1.165226 6002113 13 1 276 66111
1 1.329532 1.478061 1.189894 1 13.05471 1.194262 6003113 13 1 109.0358 1.172028 6003113 11 1 276 66130
1 1.199401 1.201198 1.170168 0 33.5872 2.427531 6003113 11 1 27.72436 1.445992 6003113 13 1 280 67090
1 1.179161 1.206147 1.144075 1 53.23212 1.450993 6003113 13 0 86.03849 3.31885 6003113 11 1 286 68402
1 1.15499 1.021547 1.194574 0 27.19954 1.198104 6002113 13 1 0.3950296 2.238739 6002113 11 1 294 70456
1 0.6998869 0.3767799 1.045889 0 86.67169 19.03397 6003113 11 0 36.5811 1.022452 6003113 13 1 298 71318
1 0.4205023 0.1819855 0.7484848 1 28.00197 1.107934 6003113 13 0 56.77306 2.498187 6003113 11 1 301 72090
1 1.095596 1.133769 1.050051 0 132.3164 1.338428 6003113 11 1 60.24306 1.202181 6003113 13 1 303 72580
1 0.5675248 0.271593 0.9330701 1 15.42859 1.969382 6002113 13 1 11.27801 2.418399 6002113 11 1 306 73282
1 0.6998869 0.3767799 1.045889 1 68.26614 1.063214 6003113 13 1 49.45055 1.199197 6003113 11 1 306 73375
1 0.4205023 0.1819855 0.7484848 1 80.82539 1.393417 6003113 11 1 60.84647 1.195035 6003113 13 1 22 5180
1 1.289688 1.878288 0.892531 1 7.89396 1.064108 6002113 13 0 5.354018 1.179682 6002113 11 1 27 6416
1 1.083255 0.8452013 1.220206 1 20.75674 1.041524 6002113 13 1 3.712308 1.059583 6002113 11 1 28 6523
1 1.550791 1.753763 1.352368 1 74.0131 1.31266 6003113 13 1 8.431498 2.010964 6003113 11 1 28 6663
1 1.112575 1.233052 0.9981722 1 39.36618 1.052941 6003113 13 1 22.90671 1.046387 6003113 11 1 86 20474
1 1.048836 1.548763 0.7254791 1 1.809567 1.411333 6002113 11 1 11.89034 1.034102 6002113 13 1 86 20541
1 1.034916 1.100018 0.9626585 0 178.005 1.105801 6003113 11 1 13.06892 1.148573 6003113 13 1 90 21531
1 1.524498 1.73059 1.317664 1 28.53364 1.062495 6003113 13 1 21.05215 1.677289 6003113 11 1 412 98829
1 1.123647 1.241142 1.010512 1 6.743133 1.743508 6003113 11 1 54.77885 1.04117 6003113 13 1 121 28820
1 0.0005089518 0.0001205184 0.00214362 1 56.46781 1.607347 6003113 11 1 39.50873 1.137525 6003113 13 1 121 28830
1 0.1793033 0.05184105 0.4351809 1 24.06871 1.392826 6003113 13 1 19.64302 1.20454 6003113 11 1 121 28893
1 0.2792014 0.09677438 0.588659 1 56.82249 1.033426 6003113 13 0 21.93123 1.453491 6003113 11 1 145 34602
1 0.4445066 0.7265916 0.2710897 1 26.63537 1.081492 6003113 11 1 20.4234 2.465089 6003113 13 1 150 35861
1 1.058012 1.115802 0.9930252 1 0.1475147 1.800755 6002113 11 1 10.60823 1.073448 6002113 13 1 150 35911
1 1.20651 1.16088 1.193521 1 37.83204 1.063621 6002113 11 1 11.87949 2.760018 6002113 13 1 152 36428
1 1.49586 1.706142 1.278772 1 49.95193 1.101119 6003113 13 1 69.92754 1.040325 6003113 11 1 77 18453
1 0.1991887 0.05938704 0.4717879 1 30.33078 1.251372 6002113 13 1 5.149768 1.035841 6002113 11 1 83 19761
1 1.190567 1.223018 1.152597 0 25.10899 1.215822 6002113 13 1 11.14659 1.692678 6002113 11 1 83 19919
1 1.167323 1.186361 1.134647 1 8.20005 2.660048 6003113 11 1 52.15784 1.07384 6003113 13 1 129 30737
1 0.9574994 0.6410515 1.205563 0 61.15462 2.508225 6003113 11 1 20.97731 1.085888 6003113 13 1 129 30941
1 1.10316 1.145079 1.05266 0 39.72467 1.536525 6003113 13 1 7.634107 1.963094 6003113 11 1 149 35685
1 1.057513 1.112379 0.9951048 1 15.79928 1.271122 6002113 13 1 2.645055 1.805448 6002113 11 1 149 35746
1 1.050919 0.8056091 1.198818 1 20.37413 3.32374 6003113 13 0 13.49781 3.316607 6003113 11 1 154 36749
1 1.055133 1.104334 0.9975671 1 25.90016 2.625948 6003113 13 0 186.2828 3.266444 6003113 11 1 366 87654
1 1.143675 1.253919 1.033471 1 44.25979 2.863671 6003113 11 1 39.09841 1.680164 6003113 13 1 366 87660
1 1.173319 1.196671 1.139395 0 176.1454 2.880813 6003113 11 1 43.24849 1.17483 6003113 13 1 366 87768
1 0.9574994 0.6410515 1.205563 1 32.01503 1.041167 6003113 13 0 224.3138 1.720809 6003113 11 1 381 91268
1 0.4445066 0.7265916 0.2710897 1 33.21894 1.069516 6003113 13 0 75.52046 1.743689 6003113 11 1 385 92197
1 1.199401 1.201198 1.170168 1 22.84842 1.040997 6002113 13 0 2.306604 1.83999 6002113 11 1 385 92276
1 1.213336 1.227995 1.180605 1 0.9961965 1.150735 6002113 11 1 30.31003 1.04284 6002113 13 1 52 12383
1 1.099519 1.139476 1.051563 0 2.469186 1.076738 6003113 11 1 17.77885 1.083711 6003113 13 1 52 12428
1 1.057513 1.112379 0.9951048 1 12.25622 1.09619 6003113 11 1 32.05389 1.059923 6003113 13 1 54 12951
1 0.2792014 0.09677438 0.588659 0 155.2862 1.178422 6003113 11 1 95.28911 1.172372 6003113 13 1 101 24184
1 0.0739324 0.01495082 0.2461688 1 9.663579 1.143923 6002113 13 0 4.375559 3.060312 6002113 11 1 102 24268
1 0.9574994 0.6410515 1.205563 1 44.35899 1.309805 6003113 13 0 146.1509 1.083798 6003113 11 1 102 24458
1 0.02402195 0.003812468 0.1069883 0 298.7647 1.1172 6003113 11 1 28.52275 1.030775 6003113 13 1 106 25211
1 1.15499 1.021547 1.194574 0 130.6019 1.048801 6003113 11 1 21.31116 1.049673 6003113 13 1 108 25758
1 1.705086 2.017803 1.363962 1 22.04346 1.117533 6003113 13 1 58.82243 1.107322 6003113 11 1 108 25905
1 0.4442115 0.1872741 0.8068974 1 59.59845 1.157737 6003113 13 0 34.63265 1.185775 6003113 11 1 68 16164
1 1.192805 1.083559 1.213989 0 1.553012 15.17616 6002113 11 1 19.7926 1.471603 6002113 13 1 71 16937
1 0.3767309 0.1505117 0.7131262 0 48.48753 1.09719 6003113 11 1 30.34237 1.074393 6003113 13 1 71 16957
1 1.176288 1.010978 1.239274 1 9.306217 1.14424 6003113 13 1 113.4751 1.106843 6003113 11 1 191 45726
1 1.49586 1.706142 1.278772 0 63.84834 1.953093 6003113 11 0 29.54093 1.060847 6003113 13 1 191 45825
1 1.099696 0.9023142 1.195627 1 9.105069 2.863815 6002113 11 1 68.21527 1.302888 6002113 13 1 211 50420
1 1.057513 1.112379 0.9951048 0 43.74816 1.069474 6003113 13 0 28.9314 1.347986 6003113 11 1 211 50596
1 1.209625 1.112975 1.222657 1 44.56648 1.247998 6003113 13 1 90.99267 1.277303 6003113 11 1 223 53376
1 1.866054 2.331325 1.3979 1 107.3075 1.117717 6003113 11 1 65.65894 1.346364 6003113 13 1 223 53397
1 1.282494 1.437562 1.137462 0 129.967 3.491383 6003113 11 1 97.20863 1.137399 6003113 13 1 228 54550
1 1.143675 1.253919 1.033471 1 67.30824 2.370198 6003113 11 1 50.53695 1.295913 6003113 13 1 377 90343
1 0.747205 0.4303799 1.057145 1 48.80582 1.12342 6003113 13 0 74.98539 1.666286 6003113 11 1 377 90350
1 1.152501 1.258655 1.04415 0 4.475204 1.322355 6002113 11 1 18.68168 1.619863 6002113 13 1 405 97121
1 1.123647 1.241142 1.010512 0 147.5352 1.170099 6003113 11 1 45.80544 1.220555 6003113 13 1 358 85702
1 1.209625 1.112975 1.222657 1 37.9066 1.271342 6003113 11 1 32.61922 1.033726 6003113 13 1 370 88595
1 0.9160994 0.6007248 1.171549 1 34.25658 1.133304 6003113 13 0 242.5885 1.654125 6003113 11 1 370 88663
1 0.9894024 0.7036328 1.19152 1 22.72013 1.06247 6003113 11 1 20.60278 1.071338 6003113 13 1 371 88956
1 1.054444 1.13827 0.9640688 1 22.32388 1.052873 6003113 13 0 189.3282 1.054171 6003113 11 1 32 7671
1 1.10316 1.145079 1.05266 0 257.5454 1.980873 6003113 11 1 49.37203 1.40782 6003113 13 1 33 7813
1 1.062846 1.139449 0.9784784 0 25.64511 1.113275 6002113 11 1 12.91867 2.056573 6002113 13 1 36 8562
1 1.142868 1.177299 1.103399 1 9.370956 1.343725 6003113 11 1 43.34678 1.267473 6003113 13 1 56 13338
1 0.665028 0.3662483 0.9755856 1 54.48795 1.243788 6003113 13 1 84.62041 1.26029 6003113 11 1 79 18750
1 1.10316 1.145079 1.05266 0 95.44717 3.483999 6003113 11 1 40.96418 1.333612 6003113 13 1 79 18774
1 1.035838 1.098122 0.9666125 1 73.17371 1.138902 6003113 13 1 87.12023 1.660526 6003113 11 1 79 18784
1 1.641128 1.972201 1.285192 1 51.27749 1.265333 6003113 13 0 13.75726 6.519886 6003113 11 1 125 29802
1 1.062846 1.139449 0.9784784 1 54.16714 1.139376 6003113 13 1 98.34354 1.160644 6003113 11 1 334 80098
1 1.524498 1.73059 1.317664 0 59.01057 1.916405 6003113 11 1 21.29121 2.103282 6003113 13 1 352 84446
1 1.167323 1.186361 1.134647 1 35.59399 1.055456 6003113 13 1 123.9306 2.46329 6003113 11 1 352 84450
1 0.9219857 1.364073 0.6240806 1 51.72157 1.065527 6003113 13 1 188.9763 2.640896 6003113 11 1 353 84680
1 1.176288 1.010978 1.239274 0 70.84773 1.158262 6003113 11 1 15.79289 2.014664 6003113 13 1 354 84948
1 1.183608 1.169262 1.159476 1 64.16381 1.196259 6003113 13 1 1.435193 2.097886 6003113 11 1 357 85521
1 0.01536516 0.002346602 0.07345495 1 25.24804 1.098474 6002113 13 1 3.724242 1.313403 6002113 11 1 357 85539
1 1.034916 1.100018 0.9626585 1 38.9457 1.190111 6003113 13 0 2.860618 10.13259 6003113 11 1 360 86279
1 1.227292 1.202911 1.205555 1 11.878 2.345649 6002113 13 1 2.718967 1.275421 6002113 11 1 361 86493
1 1.314649 1.46568 1.173482 1 2.296726 1.789305 6003113 11 1 49.37105 1.612883 6003113 13 1 7 1556
1 1.190567 1.223018 1.152597 1 14.37124 2.296214 6002113 11 1 14.87685 1.39717 6002113 13 1 8 1909
1 1.199428 1.046014 1.251733 0 6.994405 1.059864 6003113 11 1 10.81357 2.195213 6003113 13 1 12 2808
1 0.4442115 0.1872741 0.8068974 1 46.77371 1.066406 6003113 13 0 8.192955 3.848691 6003113 11 1 13 2952
1 1.49586 1.706142 1.278772 0 37.08077 10.63145 6003113 11 1 84.4669 1.232712 6003113 13 1 18 4134
1 1.034916 1.100018 0.9626585 1 32.19753 1.170103 6003113 13 0 464.9553 1.058251 6003113 11 1 18 4270
1 1.055133 1.104334 0.9975671 1 19.17879 1.663465 6003113 11 1 27.3355 1.053997 6003113 13 1 59 14019
1 0.7934737 0.4881172 1.065644 1 37.29029 2.650213 6003113 13 1 22.84986 1.557151 6003113 11 1 59 14110
1 1.147959 1.183877 1.106546 1 34.16566 1.307222 6003113 13 1 88.8333 1.566086 6003113 11 1 59 14111
1 1.575265 1.775696 1.383444 1 28.13049 1.09803 6003113 13 0 182.8114 2.012076 6003113 11 1 59 14123
1 1.152971 1.190243 1.109341 1 44.12629 1.158573 6003113 13 1 126.5945 1.141474 6003113 11 1 64 15215
1 1.095596 1.133769 1.050051 1 108.1367 1.037665 6003113 11 1 22.08606 1.145795 6003113 13 1 64 15252
1 1.126364 0.9389989 1.211138 1 22.8967 1.336303 6003113 13 0 108.268 5.510472 6003113 11 1 131 31207
1 1.126364 0.9389989 1.211138 0 59.76319 1.383158 6002113 13 1 15.75861 1.046923 6002113 11 1 80 19167
1 1.057513 1.112379 0.9951048 1 33.97419 1.24915 6003113 13 0 25.5608 5.165207 6003113 11 1 81 19358
1 1.192805 1.083559 1.213989 0 7.727475 4.246568 6002113 11 1 26.95209 1.206551 6002113 13 1 82 19501
1 1.036252 1.095703 0.9699052 1 10.49208 1.07085 6002113 13 0 1.857877 2.478641 6002113 11 1 84 19952
1 1.050919 0.8056091 1.198818 1 51.21498 1.123477 6003113 13 0 123.8427 1.1212 6003113 11 1 117 27976
1 0.1707681 0.04642279 0.4356818 0 4.460503 1.282053 6003113 11 1 52.14209 1.132081 6003113 13 1 117 28013
1 1.812285 2.096335 1.505211 1 29.16403 1.149204 6002113 13 0 32.66964 1.05222 6002113 11 1 104 24721
1 1.152501 1.258655 1.04415 1 31.32647 2.084154 6003113 13 0 119.7415 1.450067 6003113 11 1 104 24925
1 1.134034 1.248093 1.022271 0 85.49432 5.302087 6003113 11 1 28.06734 3.06864 6003113 13 1 107 25626
1 0.8748782 0.5617447 1.136825 1 72.13081 1.063801 6003113 11 1 53.87494 1.371711 6003113 13 1 109 26042
1 0.0007888913 0.0001792867 0.003864468 1 29.87361 2.688156 6003113 13 1 2.277683 2.335813 6003113 11 1 109 26078
1 1.036252 1.095703 0.9699052 1 31.49162 1.105812 6003113 13 1 8.923456 1.091163 6003113 11 1 113 27087
1 1.217313 1.182622 1.199648 0 372.9603 1.307929 6003113 11 1 18.32508 2.156114 6003113 13 1 116 27731
1 0.8332192 0.5015442 1.138243 0 34.97031 1.453394 6003113 11 1 37.24027 1.340634 6003113 13 1 116 27834
1 0.6571895 0.3457574 1.000641 1 12.36871 1.801973 6003113 13 0 120.2207 1.044455 6003113 11 1 230 55028
1 1.213336 1.227995 1.180605 0 120.7509 3.58062 6003113 11 1 15.80762 1.37424 6003113 13 1 322 77227
1 0.9894024 0.7036328 1.19152 1 89.38217 1.062885 6003113 11 1 56.39606 1.026164 6003113 13 1 323 77377
1 0.5675248 0.271593 0.9330701 0 110.3088 1.321209 6003113 11 1 76.60132 1.67831 6003113 13 1 323 77435
1 1.152501 1.258655 1.04415 1 26.81682 1.091599 6003113 13 0 148.8798 2.423318 6003113 11 1 382 91478
1 1.329532 1.478061 1.189894 1 109.7397 2.166565 6003113 11 1 27.43275 1.046887 6003113 13 1 382 91497
1 0.004252809 0.0006661682 0.02512871 0 20.27295 1.039619 6003113 11 1 30.28374 1.101274 6003113 13 1 382 91539
1 0.2443026 0.07741789 0.5517042 1 30.12358 1.24824 6003113 11 1 24.00048 1.187005 6003113 13 1 382 91562
1 1.289688 1.878288 0.892531 1 21.39892 2.055223 6003113 11 1 51.8686 1.094257 6003113 13 1 383 91698
1 0.07905591 0.01690496 0.2492307 0 12.35583 1.422567 6003113 11 1 37.64926 1.131117 6003113 13 1 389 93135
1 1.106427 1.150534 1.053346 1 55.88732 1.076284 6003113 13 0 147.1355 4.671308 6003113 11 1 392 93858
1 1.314649 1.46568 1.173482 1 30.93271 1.037729 6003113 13 0 221.0811 1.436221 6003113 11 1 392 94028
1 1.157728 1.196465 1.111764 0 43.31086 2.378613 6003113 11 1 70.74903 1.120284 6003113 13 1 31 7341
1 0.04601344 0.008200601 0.1755223 0 105.7854 4.981522 6003113 11 0 107.5594 1.320994 6003113 13 1 31 7393
1 1.190567 1.223018 1.152597 1 0.352342 1.120562 6003113 11 1 30.81534 1.260938 6003113 13 1 45 10635
1 1.206555 1.21522 1.17542 1 14.983 1.185081 6002113 11 1 8.608458 1.468615 6002113 13 1 45 10669
1 1.095596 1.133769 1.050051 1 44.06209 1.2416 6003113 13 1 141.0749 1.043784 6003113 11 1 48 11441
1 1.017868 0.7662661 1.176325 1 26.58994 2.159186 6003113 13 1 13.99189 1.628095 6003113 11 1 48 11466
1 0.1991887 0.05938704 0.4717879 1 12.57005 2.360436 6003113 11 1 33.0962 1.232995 6003113 13 1 162 38672
1 1.147959 1.183877 1.106546 1 27.64634 1.29084 6002113 13 1 9.132635 2.021002 6002113 11 1 165 39392
1 1.034916 1.100018 0.9626585 1 37.49633 1.790819 6003113 11 1 32.70661 1.818227 6003113 13 1 169 40559
1 1.147959 1.183877 1.106546 0 12.11345 1.415194 6002113 11 1 45.06759 1.45996 6002113 13 1 182 43547
1 1.151918 0.9752633 1.225726 1 27.10682 1.47514 6003113 13 1 10.64548 1.046218 6003113 11 1 182 43643
1 1.151918 0.9752633 1.225726 1 4.375684 1.409338 6003113 11 1 30.54119 1.148234 6003113 13 1 200 47961
1 1.050919 0.8056091 1.198818 1 45.07492 1.082088 6003113 13 0 145.4487 2.380023 6003113 11 1 200 48000
1 1.083255 0.8452013 1.220206 0 130.7658 1.184839 6003113 11 1 39.63741 1.021531 6003113 13 1 216 51659
1 0.01217822 0.001818087 0.06209253 1 85.27782 1.086079 6003113 11 1 51.90232 2.330908 6003113 13 1 218 52307
1 0.6998869 0.3767799 1.045889 0 4.554865 5.668249 6003113 11 0 33.99112 1.206756 6003113 13 1 226 54197
1 1.75908 2.248522 1.290011 0 51.13618 1.355559 6003113 11 1 43.50919 1.048059 6003113 13 1 247 59121
1 1.123647 1.241142 1.010512 1 32.6264 1.243743 6002113 11 0 50.63052 1.372875 6002113 13 1 247 59134
1 1.575265 1.775696 1.383444 0 233.3804 2.147546 6003113 11 1 42.92699 1.185302 6003113 13 1 194 46398
1 1.143675 1.253919 1.033471 1 39.79656 1.038997 6003113 11 1 14.60449 1.10876 6003113 13 1 194 46538
1 1.314649 1.46568 1.173482 1 52.89165 1.270387 6003113 13 1 66.68866 1.381767 6003113 11 1 195 46612
1 1.109295 1.155893 1.053631 1 20.2837 1.325245 6002113 13 0 3.002297 1.395304 6002113 11 1 197 47175
1 1.063672 0.7860307 1.245813 1 13.28032 1.246897 6002113 13 0 1.218704 1.140948 6002113 11 1 197 47178
1 0.2304392 0.07526134 0.508429 1 33.86016 1.105068 6003113 13 1 31.27576 2.667574 6003113 11 1 212 50641
1 0.1080031 0.02598027 0.3057024 1 19.54859 1.745609 6003113 11 1 41.47515 1.029706 6003113 13 1 214 51340
1 1.164201 1.711426 0.8059074 0 21.29055 2.178889 6002113 11 1 19.03245 2.017749 6002113 13 1 219 52366
1 1.217313 1.182622 1.199648 1 27.12452 1.736416 6002113 11 1 15.97134 1.035491 6002113 13 1 219 52518
1 1.199428 1.046014 1.251733 1 36.96737 1.674316 6003113 11 1 25.63906 1.138551 6003113 13 1 236 56553
1 0.6235333 0.981489 0.3895437 1 39.87592 1.463578 6002113 13 0 5.257673 1.137484 6002113 11 1 238 56922
1 1.058012 1.115802 0.9930252 0 136.5626 1.313955 6003113 11 1 32.3863 1.273738 6003113 13 1 14 3160
1 1.199401 1.201198 1.170168 1 11.72913 1.048583 6003113 11 1 87.39748 1.283051 6003113 13 1 17 3977
1 0.7055845 0.3974356 1.016366 1 61.34579 1.498891 6003113 13 0 16.52416 2.273894 6003113 11 1 17 4000
