1 1.109295 1.155893 1.053631 1 21.18776 2.041538 6003113 13 1 39.92746 1.045842 6003113 13 1 20 4580
1 0.6159488 0.3166172 0.9557644 1 2.088994 1.033329 6002113 13 1 2.31583 1.136046 6002113 13 1 161 38419
1 1.183608 1.169262 1.159476 1 12.10142 1.054777 6002113 13 1 6.771339 1.943316 6002113 13 1 359 85972
1 1.152971 1.190243 1.109341 1 8.750038 1.08301 6003113 13 1 31.96001 2.255252 6003113 13 1 413 99035
1 1.126364 0.9389989 1.211138 1 17.03436 1.011836 6003113 13 1 42.80245 1.054067 6003113 13 1 279 66830
1 1.526225 2.04983 1.080738 0 91.43638 1.284069 6003113 13 1 54.62499 1.103562 6003113 13 1 146 34989
1 1.26516 1.422013 1.117256 1 5.644704 1.231323 6002113 13 1 24.55396 1.572793 6002113 13 1 6 1299
1 1.190567 1.223018 1.152597 1 11.86902 2.510525 6003113 13 1 25.78873 2.34924 6003113 13 1 224 53555
1 0.06958118 0.01446482 0.2254303 0 74.15972 2.124583 6003113 13 0 75.15191 2.614663 6003113 13 1 402 96436
1 1.182032 1.113501 1.180358 1 38.7614 2.026903 6003113 13 0 51.41707 1.567306 6003113 13 1 191 45778
1 1.036252 1.095703 0.9699052 1 95.58749 1.612973 6003113 13 0 35.94249 1.862085 6003113 13 1 36 8625
1 1.035838 1.098122 0.9666125 1 14.21922 1.648114 6002113 13 0 1.195937 1.034252 6002113 13 1 79 18867
