1 1.099519 1.139476 1.051563 1 12.63021 1.181164 1000022 13 0 0.0820896 2.016193 1000022 13 1 29 7881
1 0.5675248 0.271593 0.9330701 1 18.63821 1.494537 1000022 13 0 54.04515 2.512105 1000022 13 1 32 8748
1 1.524498 1.73059 1.317664 1 33.53825 1.207243 1000022 13 1 8.682945 1.456996 1000022 13 1 33 9052
1 1.42456 2.044705 0.9864829 1 18.20097 3.843423 1000022 13 0 24.39286 1.916849 1000022 13 1 33 9058
1 1.524498 1.73059 1.317664 1 0.3015495 2.701155 1000022 13 1 28.07018 2.712216 1000022 13 1 34 9159
1 1.142868 1.177299 1.103399 0 0.7127999 4.389678 1000022 13 1 23.97037 1.179546 1000022 13 1 34 9341
1 1.099696 0.9023142 1.195627 0 12.95972 2.210824 1000022 13 1 10.72811 1.178857 1000022 13 1 6 1471
1 0.1363718 0.034862 0.3662451 1 18.33574 1.90276 1000022 13 1 11.62945 1.321963 1000022 13 1 6 1519
1 1.036252 1.095703 0.9699052 1 13.471 1.373467 1000022 13 1 17.11856 1.551531 1000022 13 1 18 4897
1 1.035838 1.098122 0.9666125 1 42.16227 1.57937 1000022 13 1 5.552073 4.710461 1000022 13 1 7 1691
1 1.524498 1.73059 1.317664 1 39.14618 1.761565 1000022 13 1 52.48322 1.909248 1000022 13 1 7 1704
1 1.099519 1.139476 1.051563 1 32.07815 1.112653 1000022 13 1 45.54567 1.366388 1000022 13 1 17 4555
1 1.099519 1.139476 1.051563 1 32.07815 1.112653 1000022 13 1 45.54567 1.366388 1000022 13 1 17 4555
1 0.5762256 0.2893137 0.9113798 1 49.9702 1.903935 1000022 13 0 48.85657 1.332915 1000022 13 1 21 5610
