PDG	Ctau	CtauScaleFactor	Efficiency	StatError	RelativeStatError	PuUpEffic	PuDownEffic	TruncEffic	StatError	PuUpTrunEffic	PuDownTruncEffic	EfficiencyNeg	StatError	RelativeStatError	TrunEfficNeg	StatError
6001113	0.4	0.01		1.946e-310		0.000000		0.000000		0.000000		0.000000		0.000000		0.000000		0.000000		0.00000000		0		0.000000		-1.000000		0		0.000000
6001113	0.8	0.02		3.244e-154		0.000000		1.100230		0.000000		0.000000		0.000000		0.000000		0.000000		0.00000000		0		0.000000		-1.000000		0		0.000000
6001113	1.6	0.04		2.143e-76		0.000000		1.027019		0.000000		0.000000		0.000000		0.000000		0.000000		0.00000000		0		0.000000		-1.000000		0		0.000000
6001113	2.4	0.06		1.274e-50		0.000000		1.011451		0.000000		0.000000		0.000000		0.000000		0.000000		0.00000000		0		0.000000		-1.000000		0		0.000000
6001113	3.2	0.08		8.206e-38		0.000000		1.006395		0.000000		0.000000		0.000000		0.000000		0.000000		0.00000000		0		0.000000		-1.000000		0		0.000000
6001113	4	0.1		3.578e-30		0.000000		1.004131		0.000000		0.000000		0.000000		0.000000		0.000000		0.00000000		0		0.000000		-1.000000		0		0.000000
6001113	8	0.2		4.028e-15		0.000000		1.001088		0.000000		0.000000		0.000000		0.000000		0.000000		0.00000000		0		0.000000		-1.000000		0		0.000000
6001113	16	0.4		6.626e-08		0.000000		1.000336		0.000000		0.000000		0.000000		0.000000		0.000000		0.00000003		0		0.000000		-1.000000		0		0.000000
6001113	24	0.6		1.201e-05		0.000012		1.000186		0.000007		0.000009		0.000006		0.000006		0.000004		0.00000468		0		0.000000		-1.000000		0		0.000000
6001113	32	0.8		0.0001372		0.000137		1.000016		0.000083		0.000107		0.000069		0.000069		0.000042		0.00005355		0		0.000000		-1.000000		0		0.000000
6001113	40	1		0.0005353		0.000535		0.999606		0.000325		0.000418		0.000268		0.000268		0.000162		0.00020928		0		0.000000		-1.000000		0		0.000000
6001113	80	2		0.005063		0.005041		0.995513		0.003076		0.003952		0.002511		0.002505		0.001519		0.00196994		0		0.000000		-1.000000		0		0.000000
6001113	160	4		0.009846		0.009788		0.994113		0.006054		0.007580		0.004314		0.004296		0.002617		0.00337348		0		0.000000		-1.000000		0		0.000000
6001113	240	6		0.01115		0.011109		0.995929		0.006912		0.008517		0.004128		0.004113		0.002513		0.00321636		0		0.000000		-1.000000		0		0.000000
6001113	320	8		0.01165		0.011625		0.997580		0.007254		0.008856		0.003673		0.003662		0.002242		0.00285510		0		0.000000		-1.000000		0		0.000000
6001113	400	10		0.01189		0.011881		0.998836		0.007426		0.009013		0.003246		0.003238		0.001984		0.00251899		0		0.000000		-1.000000		0		0.000000
6001113	800	20		0.01224		0.012263		1.001972		0.007688		0.009215		0.001968		0.001965		0.001207		0.00152125		0		0.000000		-1.000000		0		0.000000
6001113	1.6e+03	40		0.01234		0.012387		1.003854		0.007776		0.009260		0.001080		0.001080		0.000664		0.00083315		0		0.000000		-1.000000		0		0.000000
6001113	2.4e+03	60		0.01236		0.012419		1.004527		0.007799		0.009268		0.000743		0.000742		0.000457		0.00057229		0		0.000000		-1.000000		0		0.000000
6001113	3.2e+03	80		0.01237		0.012433		1.004872		0.007810		0.009270		0.000565		0.000565		0.000348		0.00043564		0		0.000000		-1.000000		0		0.000000
6001113	4e+03	1e+02		0.01238		0.012440		1.005082		0.007816		0.009271		0.000456		0.000457		0.000281		0.00035162		0		0.000000		-1.000000		0		0.000000
6002113	4	0.01		2.134e-25		0.000000		1.130867		0.000000		0.000000		0.000000		0.000000		0.000000		0.00000000		2.486e-74		0.000000		1.131413		2.486e-74		0.000000
6002113	8	0.02		3.751e-13		0.000000		1.058776		0.000000		0.000000		0.000000		0.000000		0.000000		0.00000000		2.055e-37		0.000000		1.080893		2.055e-37		0.000000
6002113	16	0.04		3.349e-07		0.000000		0.908863		0.000000		0.000000		0.000000		0.000000		0.000000		0.00000013		3.562e-19		0.000000		1.030597		3.562e-19		0.000000
6002113	24	0.06		2.369e-05		0.000019		0.815255		0.000012		0.000009		0.000024		0.000014		0.000012		0.00000889		2.909e-13		0.000000		1.012972		2.909e-13		0.000000
6002113	32	0.08		0.0001712		0.000129		0.751488		0.000088		0.000064		0.000171		0.000091		0.000088		0.00006426		2.156e-10		0.000000		1.006763		2.156e-10		0.000000
6002113	40	0.1		0.0005225		0.000362		0.693696		0.000270		0.000199		0.000522		0.000256		0.000270		0.00019894		1.013e-08		0.000000		1.003895		1.013e-08		0.000000
6002113	80	0.2		0.00465		0.001840		0.395722		0.002530		0.002198		0.004650		0.001301		0.002530		0.00219837		1.336e-05		0.000013		0.979262		1.336e-05		0.000009
6002113	160	0.4		0.0227		0.003099		0.136504		0.013945		0.013768		0.022702		0.002191		0.013945		0.01376814		0.0003081		0.000239		0.774727		0.0003081		0.000169
6002113	240	0.6		0.04521		0.004001		0.088516		0.029390		0.029066		0.045203		0.002829		0.029386		0.02906490		0.0008924		0.000497		0.557278		0.0008924		0.000352
6002113	320	0.8		0.06409		0.004737		0.073922		0.043001		0.042234		0.064057		0.003350		0.042964		0.04222003		0.001602		0.000723		0.451187		0.001602		0.000511
6002113	400	1		0.07765		0.005364		0.069077		0.053258		0.051891		0.077550		0.003791		0.053129		0.05184324		0.002287		0.000958		0.418680		0.002288		0.000677
6002113	800	2		0.09185		0.008807		0.095890		0.067232		0.062226		0.091105		0.005974		0.066254		0.06176834		0.003693		0.001725		0.467018		0.003695		0.001218
6002113	1.6e+03	4		0.06625		0.015337		0.231511		0.051262		0.043939		0.060674		0.009111		0.046577		0.03992351		0.002887		0.001621		0.561528		0.002692		0.001055
6002113	2.4e+03	6		0.05225		0.016752		0.320588		0.041266		0.034320		0.041532		0.008923		0.032610		0.02685414		0.002294		0.001419		0.618588		0.001863		0.000804
6002113	3.2e+03	8		0.0452		0.016763		0.370900		0.036039		0.029561		0.031027		0.007902		0.024640		0.01988525		0.001983		0.001294		0.652756		0.001394		0.000638
6002113	4e+03	10		0.04109		0.016524		0.402099		0.032949		0.026822		0.024625		0.006909		0.019686		0.01570286		0.0018		0.001214		0.674683		0.001106		0.000525
6002113	8e+03	20		0.03341		0.015544		0.465231		0.027062		0.021739		0.011972		0.004019		0.009692		0.00756524		0.001454		0.001048		0.720682		0.0005359		0.000275
6002113	1.6e+04	40		0.02989		0.014844		0.496554		0.024326		0.019432		0.005868		0.002138		0.004779		0.00369428		0.001294		0.000963		0.744253		0.0002619		0.000140
6002113	2.4e+04	60		0.02878		0.014587		0.506892		0.023451		0.018701		0.003883		0.001453		0.003168		0.00244187		0.001244		0.000936		0.752132		0.0001731		0.000094
6002113	3.2e+04	80		0.02823		0.014454		0.512037		0.023020		0.018343		0.002901		0.001099		0.002369		0.00182337		0.001219		0.000922		0.756071		0.0001292		0.000071
6002113	4e+04	1e+02		0.0279		0.014373		0.515115		0.022764		0.018130		0.002316		0.000884		0.001892		0.00145480		0.001204		0.000913		0.758434		0.0001031		0.000057
6003113	40	0.01		2.058e-06		0.000002		0.903463		0.000002		0.000001		0.000002		0.000001		0.000002		0.00000108		5.746e-31		0.000000		1.113859		5.746e-31		0.000000
6003113	80	0.02		0.00093		0.000609		0.654328		0.000767		0.000522		0.000930		0.000430		0.000767		0.00052234		4.221e-16		0.000000		1.050822		4.221e-16		0.000000
6003113	160	0.04		0.01755		0.007836		0.446493		0.013256		0.011150		0.017549		0.005541		0.013256		0.01115031		6.728e-09		0.000000		1.018724		6.728e-09		0.000000
6003113	240	0.06		0.04251		0.014749		0.346944		0.031116		0.028667		0.042513		0.010429		0.031116		0.02866684		1.229e-06		0.000001		1.009389		1.229e-06		0.000001
6003113	320	0.08		0.06338		0.017874		0.282015		0.046039		0.044267		0.063380		0.012639		0.046039		0.04426678		1.401e-05		0.000014		1.005555		1.401e-05		0.000010
6003113	400	0.1		0.0788		0.018644		0.236600		0.057310		0.056299		0.078802		0.013184		0.057310		0.05629876		5.442e-05		0.000055		1.003628		5.442e-05		0.000039
6003113	800	0.2		0.1067		0.014882		0.139473		0.079032		0.079741		0.106701		0.010523		0.079032		0.07974070		0.0004995		0.000500		1.000541		0.0004995		0.000353
6003113	1.6e+03	0.4		0.09499		0.009275		0.097645		0.070798		0.072672		0.094986		0.006558		0.070798		0.07267162		0.0007664		0.000766		0.999571		0.0007664		0.000542
6003113	2.4e+03	0.6		0.07741		0.006667		0.086125		0.057252		0.059868		0.077411		0.004714		0.057251		0.05986720		0.0006307		0.000630		0.999568		0.0006307		0.000446
6003113	3.2e+03	0.8		0.06402		0.005251		0.082019		0.046842		0.049899		0.064021		0.003713		0.046840		0.04989507		0.0004839		0.000484		0.999668		0.0004838		0.000342
6003113	4e+03	1		0.05403		0.004440		0.082179		0.039110		0.042377		0.054022		0.003139		0.039109		0.04236591		0.000373		0.000373		0.999767		0.0003729		0.000264
6003113	8e+03	2		0.0276		0.003070		0.111204		0.019161		0.022329		0.027700		0.002130		0.019306		0.02228157		0.0001347		0.000135		1.000777		0.0001352		0.000096
6003113	1.6e+04	4		0.01204		0.002709		0.224977		0.007852		0.010430		0.011495		0.001687		0.007634		0.00970823		4.405e-05		0.000045		1.016326		4.206e-05		0.000030
6003113	2.4e+04	6		0.007875		0.002420		0.307287		0.004970		0.007106		0.006641		0.001385		0.004291		0.00579257		2.566e-05		0.000027		1.035977		2.164e-05		0.000016
6003113	3.2e+04	8		0.006175		0.002194		0.355278		0.003828		0.005703		0.004542		0.001131		0.002888		0.00404061		1.891e-05		0.000020		1.050273		1.391e-05		0.000010
6003113	4e+04	10		0.005286		0.002037		0.385433		0.003241		0.004953		0.003414		0.000942		0.002149		0.00307671		1.558e-05		0.000017		1.060260		1.006e-05		0.000008
6003113	8e+04	20		0.003796		0.001698		0.447176		0.002277		0.003665		0.001483		0.000497		0.000914		0.00137476		1.033e-05		0.000011		1.082997		4.038e-06		0.000003
6003113	1.6e+05	40		0.003187		0.001524		0.478100		0.001892		0.003124		0.000686		0.000251		0.000418		0.00064536		8.327e-06		0.000009		1.095482		1.792e-06		0.000001
6003113	2.4e+05	60		0.003003		0.001466		0.488340		0.001776		0.002958		0.000445		0.000168		0.000270		0.00042087		7.737e-06		0.000009		1.099770		1.147e-06		0.000001
6003113	3.2e+05	80		0.002914		0.001438		0.493442		0.001721		0.002877		0.000329		0.000126		0.000200		0.00031214		7.456e-06		0.000008		1.101934		8.425e-07		0.000001
6003113	4e+05	1e+02		0.002862		0.001421		0.496497		0.001688		0.002830		0.000261		0.000101		0.000158		0.00024802		7.291e-06		0.000008		1.103239		6.657e-07		0.000001
