PDG	Ctau	CtauScaleFactor	Efficiency	StatError	RelativeStatError	PuUpEffic	PuDownEffic	TruncEffic	StatError	PuUpTrunEffic	PuDownTruncEffic	EfficiencyNeg	StatError	RelativeStatError	TrunEfficNeg	StatError
6001113	0.015	0.01		0		0.000000		-1.000000		0.000000		0.000000		0.000000		0.000000		0.000000		0.00000000		0		0.000000		-1.000000		0		0.000000
6001113	0.03	0.02		0		0.000000		-1.000000		0.000000		0.000000		0.000000		0.000000		0.000000		0.00000000		0		0.000000		-1.000000		0		0.000000
6001113	0.06	0.04		0		0.000000		-1.000000		0.000000		0.000000		0.000000		0.000000		0.000000		0.00000000		0		0.000000		-1.000000		0		0.000000
6001113	0.09	0.06		0		0.000000		-1.000000		0.000000		0.000000		0.000000		0.000000		0.000000		0.00000000		0		0.000000		-1.000000		0		0.000000
6001113	0.12	0.08		0		0.000000		-1.000000		0.000000		0.000000		0.000000		0.000000		0.000000		0.00000000		0		0.000000		-1.000000		0		0.000000
6001113	0.15	0.1		0		0.000000		-1.000000		0.000000		0.000000		0.000000		0.000000		0.000000		0.00000000		0		0.000000		-1.000000		0		0.000000
6001113	0.3	0.2		0		0.000000		-1.000000		0.000000		0.000000		0.000000		0.000000		0.000000		0.00000000		0		0.000000		-1.000000		0		0.000000
6001113	0.6	0.4		0		0.000000		-1.000000		0.000000		0.000000		0.000000		0.000000		0.000000		0.00000000		0		0.000000		-1.000000		0		0.000000
6001113	0.9	0.6		0		0.000000		-1.000000		0.000000		0.000000		0.000000		0.000000		0.000000		0.00000000		0		0.000000		-1.000000		0		0.000000
6001113	1.2	0.8		0		0.000000		-1.000000		0.000000		0.000000		0.000000		0.000000		0.000000		0.00000000		0		0.000000		-1.000000		0		0.000000
6001113	1.5	1		0		0.000000		-1.000000		0.000000		0.000000		0.000000		0.000000		0.000000		0.00000000		0		0.000000		-1.000000		0		0.000000
6001113	3	2		0		0.000000		-1.000000		0.000000		0.000000		0.000000		0.000000		0.000000		0.00000000		0		0.000000		-1.000000		0		0.000000
6001113	6	4		0		0.000000		-1.000000		0.000000		0.000000		0.000000		0.000000		0.000000		0.00000000		0		0.000000		-1.000000		0		0.000000
6001113	9	6		0		0.000000		-1.000000		0.000000		0.000000		0.000000		0.000000		0.000000		0.00000000		0		0.000000		-1.000000		0		0.000000
6001113	12	8		0		0.000000		-1.000000		0.000000		0.000000		0.000000		0.000000		0.000000		0.00000000		0		0.000000		-1.000000		0		0.000000
6001113	15	10		0		0.000000		-1.000000		0.000000		0.000000		0.000000		0.000000		0.000000		0.00000000		0		0.000000		-1.000000		0		0.000000
6001113	30	20		0		0.000000		-1.000000		0.000000		0.000000		0.000000		0.000000		0.000000		0.00000000		0		0.000000		-1.000000		0		0.000000
6001113	60	40		0		0.000000		-1.000000		0.000000		0.000000		0.000000		0.000000		0.000000		0.00000000		0		0.000000		-1.000000		0		0.000000
6001113	90	60		0		0.000000		-1.000000		0.000000		0.000000		0.000000		0.000000		0.000000		0.00000000		0		0.000000		-1.000000		0		0.000000
6001113	120	80		0		0.000000		-1.000000		0.000000		0.000000		0.000000		0.000000		0.000000		0.00000000		0		0.000000		-1.000000		0		0.000000
6001113	150	1e+02		0		0.000000		-1.000000		0.000000		0.000000		0.000000		0.000000		0.000000		0.00000000		0		0.000000		-1.000000		0		0.000000
6002113	0.15	0.01		0		0.000000		-1.000000		0.000000		0.000000		0.000000		0.000000		0.000000		0.00000000		0		0.000000		-1.000000		0		0.000000
6002113	0.3	0.02		0		0.000000		-1.000000		0.000000		0.000000		0.000000		0.000000		0.000000		0.00000000		0		0.000000		-1.000000		0		0.000000
6002113	0.6	0.04		0		0.000000		-1.000000		0.000000		0.000000		0.000000		0.000000		0.000000		0.00000000		0		0.000000		-1.000000		0		0.000000
6002113	0.9	0.06		0		0.000000		-1.000000		0.000000		0.000000		0.000000		0.000000		0.000000		0.00000000		0		0.000000		-1.000000		0		0.000000
6002113	1.2	0.08		0		0.000000		-1.000000		0.000000		0.000000		0.000000		0.000000		0.000000		0.00000000		0		0.000000		-1.000000		0		0.000000
6002113	1.5	0.1		0		0.000000		-1.000000		0.000000		0.000000		0.000000		0.000000		0.000000		0.00000000		0		0.000000		-1.000000		0		0.000000
6002113	3	0.2		0		0.000000		-1.000000		0.000000		0.000000		0.000000		0.000000		0.000000		0.00000000		0		0.000000		-1.000000		0		0.000000
6002113	6	0.4		0		0.000000		-1.000000		0.000000		0.000000		0.000000		0.000000		0.000000		0.00000000		0		0.000000		-1.000000		0		0.000000
6002113	9	0.6		0		0.000000		-1.000000		0.000000		0.000000		0.000000		0.000000		0.000000		0.00000000		0		0.000000		-1.000000		0		0.000000
6002113	12	0.8		0		0.000000		-1.000000		0.000000		0.000000		0.000000		0.000000		0.000000		0.00000000		0		0.000000		-1.000000		0		0.000000
6002113	15	1		0		0.000000		-1.000000		0.000000		0.000000		0.000000		0.000000		0.000000		0.00000000		0		0.000000		-1.000000		0		0.000000
6002113	30	2		0		0.000000		-1.000000		0.000000		0.000000		0.000000		0.000000		0.000000		0.00000000		0		0.000000		-1.000000		0		0.000000
6002113	60	4		0		0.000000		-1.000000		0.000000		0.000000		0.000000		0.000000		0.000000		0.00000000		0		0.000000		-1.000000		0		0.000000
6002113	90	6		0		0.000000		-1.000000		0.000000		0.000000		0.000000		0.000000		0.000000		0.00000000		0		0.000000		-1.000000		0		0.000000
6002113	120	8		0		0.000000		-1.000000		0.000000		0.000000		0.000000		0.000000		0.000000		0.00000000		0		0.000000		-1.000000		0		0.000000
6002113	150	10		0		0.000000		-1.000000		0.000000		0.000000		0.000000		0.000000		0.000000		0.00000000		0		0.000000		-1.000000		0		0.000000
6002113	300	20		0		0.000000		-1.000000		0.000000		0.000000		0.000000		0.000000		0.000000		0.00000000		0		0.000000		-1.000000		0		0.000000
6002113	600	40		0		0.000000		-1.000000		0.000000		0.000000		0.000000		0.000000		0.000000		0.00000000		0		0.000000		-1.000000		0		0.000000
6002113	900	60		0		0.000000		-1.000000		0.000000		0.000000		0.000000		0.000000		0.000000		0.00000000		0		0.000000		-1.000000		0		0.000000
6002113	1.2e+03	80		0		0.000000		-1.000000		0.000000		0.000000		0.000000		0.000000		0.000000		0.00000000		0		0.000000		-1.000000		0		0.000000
6002113	1.5e+03	1e+02		0		0.000000		-1.000000		0.000000		0.000000		0.000000		0.000000		0.000000		0.00000000		0		0.000000		-1.000000		0		0.000000
6003113	1.5	0.01		5.141e-37		0.000000		1.090105		0.000000		0.000000		0.000000		0.000000		0.000000		0.00000000		1.578e-57		0.000000		1.090107		1.578e-57		0.000000
6003113	3	0.02		2.621e-19		0.000000		1.050259		0.000000		0.000000		0.000000		0.000000		0.000000		0.00000000		4.119e-29		0.000000		1.052176		4.119e-29		0.000000
6003113	6	0.04		1.27e-10		0.000000		0.963650		0.000000		0.000000		0.000000		0.000000		0.000000		0.00000000		4.254e-15		0.000000		1.021443		4.254e-15		0.000000
6003113	9	0.06		8.229e-08		0.000000		0.857696		0.000000		0.000000		0.000000		0.000000		0.000000		0.00000004		1.482e-10		0.000000		1.010191		1.482e-10		0.000000
6003113	12	0.08		1.907e-06		0.000001		0.781263		0.000002		0.000001		0.000002		0.000001		0.000002		0.00000107		2.36e-08		0.000000		1.001476		2.36e-08		0.000000
6003113	15	0.1		1.178e-05		0.000009		0.734315		0.000014		0.000007		0.000012		0.000006		0.000014		0.00000701		4.503e-07		0.000000		0.989254		4.503e-07		0.000000
6003113	30	0.2		0.0003144		0.000202		0.642389		0.000362		0.000209		0.000314		0.000143		0.000362		0.00020949		0.0001082		0.000096		0.887173		0.0001082		0.000068
6003113	60	0.4		0.001115		0.000554		0.496902		0.001191		0.000840		0.001115		0.000392		0.001191		0.00083991		0.0009699		0.000741		0.763669		0.0009699		0.000524
6003113	90	0.6		0.001601		0.000641		0.400438		0.001547		0.001335		0.001601		0.000453		0.001547		0.00133516		0.001488		0.001082		0.727365		0.001488		0.000765
6003113	120	0.8		0.001864		0.000684		0.367069		0.001666		0.001648		0.001864		0.000484		0.001666		0.00164784		0.001568		0.001121		0.714976		0.001568		0.000793
6003113	150	1		0.001962		0.000718		0.365841		0.001665		0.001790		0.001962		0.000507		0.001665		0.00179001		0.001465		0.001040		0.710079		0.001465		0.000736
6003113	300	2		0.001506		0.000642		0.426350		0.001172		0.001423		0.001509		0.000455		0.001171		0.00142854		0.0007635		0.000540		0.707803		0.000765		0.000383
6003113	600	4		0.0007759		0.000384		0.495422		0.000596		0.000721		0.000712		0.000248		0.000544		0.00066353		0.0003011		0.000217		0.719314		0.0002763		0.000140
6003113	900	6		0.000546		0.000288		0.526767		0.000420		0.000503		0.000429		0.000159		0.000329		0.00039559		0.000192		0.000140		0.728646		0.0001509		0.000078
6003113	1.2e+03	8		0.0004473		0.000243		0.543716		0.000345		0.000410		0.000301		0.000116		0.000231		0.00027596		0.0001494		0.000110		0.734421		0.0001006		0.000052
6003113	1.5e+03	10		0.0003941		0.000218		0.554175		0.000304		0.000360		0.000230		0.000090		0.000177		0.00021034		0.0001276		0.000094		0.738184		7.46e-05		0.000039
6003113	3e+03	20		0.0003015		0.000173		0.575510		0.000233		0.000274		0.000104		0.000043		0.000080		0.00009453		9.162e-05		0.000068		0.746246		3.169e-05		0.000017
6003113	6e+03	40		0.0002619		0.000154		0.586287		0.000203		0.000237		0.000049		0.000021		0.000038		0.00004461		7.708e-05		0.000058		0.750480		1.453e-05		0.000008
6003113	9e+03	60		0.0002497		0.000147		0.589884		0.000193		0.000226		0.000032		0.000014		0.000025		0.00002916		7.269e-05		0.000055		0.751914		9.402e-06		0.000005
6003113	1.2e+04	80		0.0002438		0.000144		0.591683		0.000189		0.000221		0.000024		0.000010		0.000019		0.00002165		7.058e-05		0.000053		0.752634		6.947e-06		0.000004
6003113	1.5e+04	1e+02		0.0002403		0.000142		0.592762		0.000186		0.000218		0.000019		0.000008		0.000015		0.00001722		6.934e-05		0.000052		0.753068		5.508e-06		0.000003
