PDG	Ctau	CtauScaleFactor	Efficiency	StatError	RelativeStatError	PuUpEffic	PuDownEffic	TruncEffic	StatError	PuUpTrunEffic	PuDownTruncEffic	EfficiencyNeg	StatError	RelativeStatError	TrunEfficNeg	StatError
6001113	0.015	0.01		0		0.000000		-1.000000		0.000000		0.000000		0.000000		0.000000		0.000000		0.00000000		0		0.000000		-1.000000		0		0.000000
6001113	0.03	0.02		0		0.000000		-1.000000		0.000000		0.000000		0.000000		0.000000		0.000000		0.00000000		0		0.000000		-1.000000		0		0.000000
6001113	0.06	0.04		0		0.000000		-1.000000		0.000000		0.000000		0.000000		0.000000		0.000000		0.00000000		0		0.000000		-1.000000		0		0.000000
6001113	0.09	0.06		0		0.000000		-1.000000		0.000000		0.000000		0.000000		0.000000		0.000000		0.00000000		0		0.000000		-1.000000		0		0.000000
6001113	0.12	0.08		0		0.000000		-1.000000		0.000000		0.000000		0.000000		0.000000		0.000000		0.00000000		0		0.000000		-1.000000		0		0.000000
6001113	0.15	0.1		0		0.000000		-1.000000		0.000000		0.000000		0.000000		0.000000		0.000000		0.00000000		0		0.000000		-1.000000		0		0.000000
6001113	0.3	0.2		0		0.000000		-1.000000		0.000000		0.000000		0.000000		0.000000		0.000000		0.00000000		0		0.000000		-1.000000		0		0.000000
6001113	0.6	0.4		0		0.000000		-1.000000		0.000000		0.000000		0.000000		0.000000		0.000000		0.00000000		0		0.000000		-1.000000		0		0.000000
6001113	0.9	0.6		0		0.000000		-1.000000		0.000000		0.000000		0.000000		0.000000		0.000000		0.00000000		0		0.000000		-1.000000		0		0.000000
6001113	1.2	0.8		0		0.000000		-1.000000		0.000000		0.000000		0.000000		0.000000		0.000000		0.00000000		0		0.000000		-1.000000		0		0.000000
6001113	1.5	1		0		0.000000		-1.000000		0.000000		0.000000		0.000000		0.000000		0.000000		0.00000000		0		0.000000		-1.000000		0		0.000000
6001113	3	2		0		0.000000		-1.000000		0.000000		0.000000		0.000000		0.000000		0.000000		0.00000000		0		0.000000		-1.000000		0		0.000000
6001113	6	4		0		0.000000		-1.000000		0.000000		0.000000		0.000000		0.000000		0.000000		0.00000000		0		0.000000		-1.000000		0		0.000000
6001113	9	6		0		0.000000		-1.000000		0.000000		0.000000		0.000000		0.000000		0.000000		0.00000000		0		0.000000		-1.000000		0		0.000000
6001113	12	8		0		0.000000		-1.000000		0.000000		0.000000		0.000000		0.000000		0.000000		0.00000000		0		0.000000		-1.000000		0		0.000000
6001113	15	10		0		0.000000		-1.000000		0.000000		0.000000		0.000000		0.000000		0.000000		0.00000000		0		0.000000		-1.000000		0		0.000000
6001113	30	20		0		0.000000		-1.000000		0.000000		0.000000		0.000000		0.000000		0.000000		0.00000000		0		0.000000		-1.000000		0		0.000000
6001113	60	40		0		0.000000		-1.000000		0.000000		0.000000		0.000000		0.000000		0.000000		0.00000000		0		0.000000		-1.000000		0		0.000000
6001113	90	60		0		0.000000		-1.000000		0.000000		0.000000		0.000000		0.000000		0.000000		0.00000000		0		0.000000		-1.000000		0		0.000000
6001113	120	80		0		0.000000		-1.000000		0.000000		0.000000		0.000000		0.000000		0.000000		0.00000000		0		0.000000		-1.000000		0		0.000000
6001113	150	1e+02		0		0.000000		-1.000000		0.000000		0.000000		0.000000		0.000000		0.000000		0.00000000		0		0.000000		-1.000000		0		0.000000
6002113	0.15	0.01		0		0.000000		-1.000000		0.000000		0.000000		0.000000		0.000000		0.000000		0.00000000		0		0.000000		-1.000000		0		0.000000
6002113	0.3	0.02		0		0.000000		-1.000000		0.000000		0.000000		0.000000		0.000000		0.000000		0.00000000		0		0.000000		-1.000000		0		0.000000
6002113	0.6	0.04		0		0.000000		-1.000000		0.000000		0.000000		0.000000		0.000000		0.000000		0.00000000		0		0.000000		-1.000000		0		0.000000
6002113	0.9	0.06		0		0.000000		-1.000000		0.000000		0.000000		0.000000		0.000000		0.000000		0.00000000		0		0.000000		-1.000000		0		0.000000
6002113	1.2	0.08		0		0.000000		-1.000000		0.000000		0.000000		0.000000		0.000000		0.000000		0.00000000		0		0.000000		-1.000000		0		0.000000
6002113	1.5	0.1		0		0.000000		-1.000000		0.000000		0.000000		0.000000		0.000000		0.000000		0.00000000		0		0.000000		-1.000000		0		0.000000
6002113	3	0.2		0		0.000000		-1.000000		0.000000		0.000000		0.000000		0.000000		0.000000		0.00000000		0		0.000000		-1.000000		0		0.000000
6002113	6	0.4		0		0.000000		-1.000000		0.000000		0.000000		0.000000		0.000000		0.000000		0.00000000		0		0.000000		-1.000000		0		0.000000
6002113	9	0.6		0		0.000000		-1.000000		0.000000		0.000000		0.000000		0.000000		0.000000		0.00000000		0		0.000000		-1.000000		0		0.000000
6002113	12	0.8		0		0.000000		-1.000000		0.000000		0.000000		0.000000		0.000000		0.000000		0.00000000		0		0.000000		-1.000000		0		0.000000
6002113	15	1		0		0.000000		-1.000000		0.000000		0.000000		0.000000		0.000000		0.000000		0.00000000		0		0.000000		-1.000000		0		0.000000
6002113	30	2		0		0.000000		-1.000000		0.000000		0.000000		0.000000		0.000000		0.000000		0.00000000		0		0.000000		-1.000000		0		0.000000
6002113	60	4		0		0.000000		-1.000000		0.000000		0.000000		0.000000		0.000000		0.000000		0.00000000		0		0.000000		-1.000000		0		0.000000
6002113	90	6		0		0.000000		-1.000000		0.000000		0.000000		0.000000		0.000000		0.000000		0.00000000		0		0.000000		-1.000000		0		0.000000
6002113	120	8		0		0.000000		-1.000000		0.000000		0.000000		0.000000		0.000000		0.000000		0.00000000		0		0.000000		-1.000000		0		0.000000
6002113	150	10		0		0.000000		-1.000000		0.000000		0.000000		0.000000		0.000000		0.000000		0.00000000		0		0.000000		-1.000000		0		0.000000
6002113	300	20		0		0.000000		-1.000000		0.000000		0.000000		0.000000		0.000000		0.000000		0.00000000		0		0.000000		-1.000000		0		0.000000
6002113	600	40		0		0.000000		-1.000000		0.000000		0.000000		0.000000		0.000000		0.000000		0.00000000		0		0.000000		-1.000000		0		0.000000
6002113	900	60		0		0.000000		-1.000000		0.000000		0.000000		0.000000		0.000000		0.000000		0.00000000		0		0.000000		-1.000000		0		0.000000
6002113	1.2e+03	80		0		0.000000		-1.000000		0.000000		0.000000		0.000000		0.000000		0.000000		0.00000000		0		0.000000		-1.000000		0		0.000000
6002113	1.5e+03	1e+02		0		0.000000		-1.000000		0.000000		0.000000		0.000000		0.000000		0.000000		0.00000000		0		0.000000		-1.000000		0		0.000000
6003113	1.5	0.01		5.969e-23		0.000000		1.003349		0.000000		0.000000		0.000000		0.000000		0.000000		0.00000000		0		0.000000		-1.000000		0		0.000000
6003113	3	0.02		6.205e-13		0.000000		0.997128		0.000000		0.000000		0.000000		0.000000		0.000000		0.00000000		0		0.000000		-1.000000		0		0.000000
6003113	6	0.04		4.961e-08		0.000000		0.919384		0.000000		0.000000		0.000000		0.000000		0.000000		0.00000004		0		0.000000		-1.000000		0		0.000000
6003113	9	0.06		2.046e-06		0.000002		0.812775		0.000002		0.000002		0.000002		0.000002		0.000002		0.00000155		0		0.000000		-1.000000		0		0.000000
6003113	12	0.08		1.307e-05		0.000010		0.731393		0.000010		0.000010		0.000013		0.000010		0.000010		0.00001013		0		0.000000		-1.000000		0		0.000000
6003113	15	0.1		3.969e-05		0.000027		0.673065		0.000031		0.000031		0.000040		0.000027		0.000031		0.00003139		0		0.000000		-1.000000		0		0.000000
6003113	30	0.2		0.0003612		0.000186		0.514338		0.000275		0.000303		0.000361		0.000186		0.000275		0.00030344		0		0.000000		-1.000000		0		0.000000
6003113	60	0.4		0.001092		0.000414		0.379345		0.000829		0.000963		0.001092		0.000414		0.000829		0.00096276		0		0.000000		-1.000000		0		0.000000
6003113	90	0.6		0.001517		0.000512		0.337505		0.001154		0.001361		0.001517		0.000512		0.001154		0.00136063		0		0.000000		-1.000000		0		0.000000
6003113	120	0.8		0.001699		0.000553		0.325207		0.001294		0.001536		0.001699		0.000553		0.001294		0.00153616		0		0.000000		-1.000000		0		0.000000
6003113	150	1		0.001748		0.000563		0.322020		0.001332		0.001587		0.001747		0.000563		0.001332		0.00158612		0		0.000000		-1.000000		0		0.000000
6003113	300	2		0.001478		0.000483		0.326766		0.001124		0.001355		0.001464		0.000478		0.001120		0.00133617		0		0.000000		-1.000000		0		0.000000
6003113	600	4		0.001028		0.000349		0.339148		0.000757		0.000968		0.000949		0.000317		0.000728		0.00086506		0		0.000000		-1.000000		0		0.000000
6003113	900	6		0.000834		0.000292		0.350242		0.000596		0.000804		0.000689		0.000233		0.000530		0.00062795		0		0.000000		-1.000000		0		0.000000
6003113	1.2e+03	8		0.0007341		0.000264		0.359068		0.000514		0.000719		0.000540		0.000184		0.000416		0.00049138		0		0.000000		-1.000000		0		0.000000
6003113	1.5e+03	10		0.0006745		0.000247		0.365803		0.000465		0.000668		0.000443		0.000151		0.000341		0.00040324		0		0.000000		-1.000000		0		0.000000
6003113	3e+03	20		0.0005583		0.000214		0.383131		0.000373		0.000569		0.000233		0.000080		0.000180		0.00021214		0		0.000000		-1.000000		0		0.000000
6003113	6e+03	40		0.0005028		0.000198		0.393903		0.000330		0.000520		0.000120		0.000041		0.000092		0.00010880		0		0.000000		-1.000000		0		0.000000
6003113	9e+03	60		0.0004848		0.000193		0.397817		0.000316		0.000505		0.000080		0.000028		0.000062		0.00007315		0		0.000000		-1.000000		0		0.000000
6003113	1.2e+04	80		0.000476		0.000190		0.399834		0.000309		0.000497		0.000061		0.000021		0.000047		0.00005510		0		0.000000		-1.000000		0		0.000000
6003113	1.5e+04	1e+02		0.0004707		0.000189		0.401063		0.000305		0.000492		0.000049		0.000017		0.000038		0.00004419		0		0.000000		-1.000000		0		0.000000
