PDG	Ctau	CtauScaleFactor	Efficiency	StatError	RelativeStatError	PuUpEffic	PuDownEffic	TruncEffic	StatError	PuUpTrunEffic	PuDownTruncEffic	EfficiencyNeg	StatError	RelativeStatError	TrunEfficNeg	StatError
6001113	0.015	0.01		0		0.000000		-1.000000		0.000000		0.000000		0.000000		0.000000		0.000000		0.00000000		0		0.000000		-1.000000		0		0.000000
6001113	0.03	0.02		0		0.000000		-1.000000		0.000000		0.000000		0.000000		0.000000		0.000000		0.00000000		0		0.000000		-1.000000		0		0.000000
6001113	0.06	0.04		0		0.000000		-1.000000		0.000000		0.000000		0.000000		0.000000		0.000000		0.00000000		0		0.000000		-1.000000		0		0.000000
6001113	0.09	0.06		0		0.000000		-1.000000		0.000000		0.000000		0.000000		0.000000		0.000000		0.00000000		0		0.000000		-1.000000		0		0.000000
6001113	0.12	0.08		0		0.000000		-1.000000		0.000000		0.000000		0.000000		0.000000		0.000000		0.00000000		0		0.000000		-1.000000		0		0.000000
6001113	0.15	0.1		0		0.000000		-1.000000		0.000000		0.000000		0.000000		0.000000		0.000000		0.00000000		0		0.000000		-1.000000		0		0.000000
6001113	0.3	0.2		0		0.000000		-1.000000		0.000000		0.000000		0.000000		0.000000		0.000000		0.00000000		0		0.000000		-1.000000		0		0.000000
6001113	0.6	0.4		0		0.000000		-1.000000		0.000000		0.000000		0.000000		0.000000		0.000000		0.00000000		0		0.000000		-1.000000		0		0.000000
6001113	0.9	0.6		0		0.000000		-1.000000		0.000000		0.000000		0.000000		0.000000		0.000000		0.00000000		0		0.000000		-1.000000		0		0.000000
6001113	1.2	0.8		0		0.000000		-1.000000		0.000000		0.000000		0.000000		0.000000		0.000000		0.00000000		0		0.000000		-1.000000		0		0.000000
6001113	1.5	1		0		0.000000		-1.000000		0.000000		0.000000		0.000000		0.000000		0.000000		0.00000000		0		0.000000		-1.000000		0		0.000000
6001113	3	2		0		0.000000		-1.000000		0.000000		0.000000		0.000000		0.000000		0.000000		0.00000000		0		0.000000		-1.000000		0		0.000000
6001113	6	4		0		0.000000		-1.000000		0.000000		0.000000		0.000000		0.000000		0.000000		0.00000000		0		0.000000		-1.000000		0		0.000000
6001113	9	6		0		0.000000		-1.000000		0.000000		0.000000		0.000000		0.000000		0.000000		0.00000000		0		0.000000		-1.000000		0		0.000000
6001113	12	8		0		0.000000		-1.000000		0.000000		0.000000		0.000000		0.000000		0.000000		0.00000000		0		0.000000		-1.000000		0		0.000000
6001113	15	10		0		0.000000		-1.000000		0.000000		0.000000		0.000000		0.000000		0.000000		0.00000000		0		0.000000		-1.000000		0		0.000000
6001113	30	20		0		0.000000		-1.000000		0.000000		0.000000		0.000000		0.000000		0.000000		0.00000000		0		0.000000		-1.000000		0		0.000000
6001113	60	40		0		0.000000		-1.000000		0.000000		0.000000		0.000000		0.000000		0.000000		0.00000000		0		0.000000		-1.000000		0		0.000000
6001113	90	60		0		0.000000		-1.000000		0.000000		0.000000		0.000000		0.000000		0.000000		0.00000000		0		0.000000		-1.000000		0		0.000000
6001113	120	80		0		0.000000		-1.000000		0.000000		0.000000		0.000000		0.000000		0.000000		0.00000000		0		0.000000		-1.000000		0		0.000000
6001113	150	1e+02		0		0.000000		-1.000000		0.000000		0.000000		0.000000		0.000000		0.000000		0.00000000		0		0.000000		-1.000000		0		0.000000
6002113	0.15	0.01		0		0.000000		-1.000000		0.000000		0.000000		0.000000		0.000000		0.000000		0.00000000		0		0.000000		-1.000000		0		0.000000
6002113	0.3	0.02		0		0.000000		-1.000000		0.000000		0.000000		0.000000		0.000000		0.000000		0.00000000		0		0.000000		-1.000000		0		0.000000
6002113	0.6	0.04		0		0.000000		-1.000000		0.000000		0.000000		0.000000		0.000000		0.000000		0.00000000		0		0.000000		-1.000000		0		0.000000
6002113	0.9	0.06		0		0.000000		-1.000000		0.000000		0.000000		0.000000		0.000000		0.000000		0.00000000		0		0.000000		-1.000000		0		0.000000
6002113	1.2	0.08		0		0.000000		-1.000000		0.000000		0.000000		0.000000		0.000000		0.000000		0.00000000		0		0.000000		-1.000000		0		0.000000
6002113	1.5	0.1		0		0.000000		-1.000000		0.000000		0.000000		0.000000		0.000000		0.000000		0.00000000		0		0.000000		-1.000000		0		0.000000
6002113	3	0.2		0		0.000000		-1.000000		0.000000		0.000000		0.000000		0.000000		0.000000		0.00000000		0		0.000000		-1.000000		0		0.000000
6002113	6	0.4		0		0.000000		-1.000000		0.000000		0.000000		0.000000		0.000000		0.000000		0.00000000		0		0.000000		-1.000000		0		0.000000
6002113	9	0.6		0		0.000000		-1.000000		0.000000		0.000000		0.000000		0.000000		0.000000		0.00000000		0		0.000000		-1.000000		0		0.000000
6002113	12	0.8		0		0.000000		-1.000000		0.000000		0.000000		0.000000		0.000000		0.000000		0.00000000		0		0.000000		-1.000000		0		0.000000
6002113	15	1		0		0.000000		-1.000000		0.000000		0.000000		0.000000		0.000000		0.000000		0.00000000		0		0.000000		-1.000000		0		0.000000
6002113	30	2		0		0.000000		-1.000000		0.000000		0.000000		0.000000		0.000000		0.000000		0.00000000		0		0.000000		-1.000000		0		0.000000
6002113	60	4		0		0.000000		-1.000000		0.000000		0.000000		0.000000		0.000000		0.000000		0.00000000		0		0.000000		-1.000000		0		0.000000
6002113	90	6		0		0.000000		-1.000000		0.000000		0.000000		0.000000		0.000000		0.000000		0.00000000		0		0.000000		-1.000000		0		0.000000
6002113	120	8		0		0.000000		-1.000000		0.000000		0.000000		0.000000		0.000000		0.000000		0.00000000		0		0.000000		-1.000000		0		0.000000
6002113	150	10		0		0.000000		-1.000000		0.000000		0.000000		0.000000		0.000000		0.000000		0.00000000		0		0.000000		-1.000000		0		0.000000
6002113	300	20		0		0.000000		-1.000000		0.000000		0.000000		0.000000		0.000000		0.000000		0.00000000		0		0.000000		-1.000000		0		0.000000
6002113	600	40		0		0.000000		-1.000000		0.000000		0.000000		0.000000		0.000000		0.000000		0.00000000		0		0.000000		-1.000000		0		0.000000
6002113	900	60		0		0.000000		-1.000000		0.000000		0.000000		0.000000		0.000000		0.000000		0.00000000		0		0.000000		-1.000000		0		0.000000
6002113	1.2e+03	80		0		0.000000		-1.000000		0.000000		0.000000		0.000000		0.000000		0.000000		0.00000000		0		0.000000		-1.000000		0		0.000000
6002113	1.5e+03	1e+02		0		0.000000		-1.000000		0.000000		0.000000		0.000000		0.000000		0.000000		0.00000000		0		0.000000		-1.000000		0		0.000000
6003113	1.5	0.01		4.426e-37		0.000000		1.090105		0.000000		0.000000		0.000000		0.000000		0.000000		0.00000000		5.481e-58		0.000000		1.090107		5.481e-58		0.000000
6003113	3	0.02		2.257e-19		0.000000		1.050156		0.000000		0.000000		0.000000		0.000000		0.000000		0.00000000		1.431e-29		0.000000		1.052176		1.431e-29		0.000000
6003113	6	0.04		1.097e-10		0.000000		0.960864		0.000000		0.000000		0.000000		0.000000		0.000000		0.00000000		1.478e-15		0.000000		1.021441		1.478e-15		0.000000
6003113	9	0.06		7.149e-08		0.000000		0.851956		0.000000		0.000000		0.000000		0.000000		0.000000		0.00000004		5.149e-11		0.000000		1.010097		5.149e-11		0.000000
6003113	12	0.08		1.665e-06		0.000001		0.775245		0.000002		0.000001		0.000002		0.000001		0.000002		0.00000107		8.205e-09		0.000000		1.000898		8.205e-09		0.000000
6003113	15	0.1		1.033e-05		0.000008		0.729349		0.000014		0.000007		0.000010		0.000005		0.000014		0.00000702		1.567e-07		0.000000		0.987568		1.567e-07		0.000000
6003113	30	0.2		0.000283		0.000179		0.632098		0.000367		0.000214		0.000283		0.000126		0.000367		0.00021421		3.814e-05		0.000033		0.876920		3.814e-05		0.000024
6003113	60	0.4		0.001105		0.000509		0.460322		0.001302		0.000955		0.001105		0.000360		0.001302		0.00095511		0.0003484		0.000262		0.752034		0.0003484		0.000185
6003113	90	0.6		0.00164		0.000619		0.377499		0.001774		0.001570		0.001640		0.000438		0.001774		0.00157034		0.0005394		0.000388		0.719634		0.0005394		0.000274
6003113	120	0.8		0.001897		0.000665		0.350608		0.001939		0.001931		0.001897		0.000470		0.001939		0.00193071		0.0005713		0.000406		0.710067		0.0005713		0.000287
6003113	150	1		0.001967		0.000683		0.347170		0.001939		0.002075		0.001967		0.000483		0.001939		0.00207500		0.0005353		0.000378		0.707009		0.0005353		0.000268
6003113	300	2		0.001439		0.000567		0.393825		0.001337		0.001592		0.001442		0.000401		0.001337		0.00159857		0.0002806		0.000199		0.708405		0.0002811		0.000141
6003113	600	4		0.0007206		0.000332		0.460718		0.000668		0.000790		0.000661		0.000214		0.000609		0.00072742		0.000111		0.000080		0.721642		0.0001018		0.000052
6003113	900	6		0.0005025		0.000248		0.492920		0.000467		0.000547		0.000395		0.000137		0.000365		0.00043077		7.084e-05		0.000052		0.731519		5.567e-05		0.000029
6003113	1.2e+03	8		0.0004098		0.000209		0.510542		0.000382		0.000445		0.000276		0.000100		0.000256		0.00029950		5.517e-05		0.000041		0.737557		3.714e-05		0.000019
6003113	1.5e+03	10		0.00036		0.000188		0.521470		0.000336		0.000390		0.000210		0.000078		0.000195		0.00022784		4.713e-05		0.000035		0.741475		2.755e-05		0.000014
6003113	3e+03	20		0.000274		0.000149		0.543858		0.000256		0.000296		0.000095		0.000037		0.000088		0.00010200		3.385e-05		0.000025		0.749839		1.171e-05		0.000006
6003113	6e+03	40		0.0002375		0.000132		0.555209		0.000222		0.000256		0.000045		0.000018		0.000042		0.00004804		2.849e-05		0.000021		0.754221		5.369e-06		0.000003
6003113	9e+03	60		0.0002262		0.000126		0.559004		0.000212		0.000243		0.000029		0.000012		0.000027		0.00003138		2.687e-05		0.000020		0.755703		3.475e-06		0.000002
6003113	1.2e+04	80		0.0002208		0.000124		0.560903		0.000207		0.000237		0.000022		0.000009		0.000020		0.00002329		2.609e-05		0.000020		0.756448		2.568e-06		0.000001
6003113	1.5e+04	1e+02		0.0002175		0.000122		0.562042		0.000204		0.000234		0.000017		0.000007		0.000016		0.00001852		2.563e-05		0.000019		0.756896		2.036e-06		0.000001
