PDG	Ctau	CtauScaleFactor	Efficiency	StatError	RelativeStatError	PuUpEffic	PuDownEffic	TruncEffic	StatError	PuUpTrunEffic	PuDownTruncEffic	EfficiencyNeg	StatError	RelativeStatError	TrunEfficNeg	StatError
6001113	0.4	0.01		5.831e-79		0.000000		1.232430		0.000000		0.000000		0.000000		0.000000		0.000000		0.00000000		0		0.000000		-1.000000		0		0.000000
6001113	0.8	0.02		8.292e-40		0.000000		1.100230		0.000000		0.000000		0.000000		0.000000		0.000000		0.00000000		0		0.000000		-1.000000		0		0.000000
6001113	1.6	0.04		1.6e-20		0.000000		1.027019		0.000000		0.000000		0.000000		0.000000		0.000000		0.00000000		0		0.000000		-1.000000		0		0.000000
6001113	2.4	0.06		2.929e-14		0.000000		1.011451		0.000000		0.000000		0.000000		0.000000		0.000000		0.00000000		0		0.000000		-1.000000		0		0.000000
6001113	3.2	0.08		3.311e-11		0.000000		1.006395		0.000000		0.000000		0.000000		0.000000		0.000000		0.00000000		0		0.000000		-1.000000		0		0.000000
6001113	4	0.1		2.023e-09		0.000000		1.004131		0.000000		0.000000		0.000000		0.000000		0.000000		0.00000000		0		0.000000		-1.000000		0		0.000000
6001113	8	0.2		4.476e-06		0.000004		1.000260		0.000004		0.000005		0.000004		0.000003		0.000004		0.00000473		0		0.000000		-1.000000		0		0.000000
6001113	16	0.4		0.0001173		0.000103		0.881865		0.000110		0.000123		0.000117		0.000073		0.000110		0.00012298		0		0.000000		-1.000000		0		0.000000
6001113	24	0.6		0.0004481		0.000231		0.516356		0.000440		0.000445		0.000443		0.000164		0.000436		0.00043939		0		0.000000		-1.000000		0		0.000000
6001113	32	0.8		0.001374		0.000445		0.323487		0.001383		0.001335		0.001297		0.000309		0.001316		0.00124901		0		0.000000		-1.000000		0		0.000000
6001113	40	1		0.003329		0.000996		0.299262		0.003329		0.003274		0.002958		0.000654		0.003006		0.00285733		0		0.000000		-1.000000		0		0.000000
6001113	80	2		0.02405		0.010667		0.443559		0.022964		0.025032		0.017554		0.005792		0.017202		0.01785301		0		0.000000		-1.000000		0		0.000000
6001113	160	4		0.05336		0.029500		0.552847		0.050252		0.056221		0.031133		0.013537		0.029819		0.03247217		0		0.000000		-1.000000		0		0.000000
6001113	240	6		0.06499		0.038285		0.589074		0.061213		0.068382		0.031062		0.014703		0.029599		0.03255577		0		0.000000		-1.000000		0		0.000000
6001113	320	8		0.07072		0.042937		0.607132		0.066674		0.074289		0.028371		0.013986		0.026984		0.02978120		0		0.000000		-1.000000		0		0.000000
6001113	400	10		0.07407		0.045770		0.617965		0.069888		0.077709		0.025508		0.012878		0.024240		0.02679349		0		0.000000		-1.000000		0		0.000000
6001113	800	20		0.08045		0.051462		0.639643		0.076088		0.084164		0.016058		0.008492		0.015242		0.01687925		0		0.000000		-1.000000		0		0.000000
6001113	1.6e+03	40		0.08346		0.054290		0.650494		0.079040		0.087162		0.008996		0.004866		0.008536		0.00945631		0		0.000000		-1.000000		0		0.000000
6001113	2.4e+03	60		0.08443		0.055226		0.654112		0.079998		0.088124		0.006228		0.003394		0.005909		0.00654618		0		0.000000		-1.000000		0		0.000000
6001113	3.2e+03	80		0.08491		0.055693		0.655921		0.080472		0.088597		0.004759		0.002603		0.004516		0.00500274		0		0.000000		-1.000000		0		0.000000
6001113	4e+03	1e+02		0.08519		0.055973		0.657007		0.080755		0.088879		0.003851		0.002111		0.003653		0.00404751		0		0.000000		-1.000000		0		0.000000
6002113	4	0.01		4.791e-22		0.000000		1.121966		0.000000		0.000000		0.000000		0.000000		0.000000		0.00000000		5.181e-43		0.000000		1.131413		5.181e-43		0.000000
6002113	8	0.02		1.331e-11		0.000000		0.967807		0.000000		0.000000		0.000000		0.000000		0.000000		0.00000000		4.95e-22		0.000000		1.080893		4.95e-22		0.000000
6002113	16	0.04		1.974e-06		0.000001		0.643099		0.000002		0.000002		0.000002		0.000001		0.000002		0.00000200		9.226e-12		0.000000		1.030453		9.226e-12		0.000000
6002113	24	0.06		8.947e-05		0.000043		0.480173		0.000089		0.000090		0.000089		0.000030		0.000089		0.00009001		1.668e-08		0.000000		1.009893		1.668e-08		0.000000
6002113	32	0.08		0.0005431		0.000217		0.399883		0.000535		0.000548		0.000543		0.000154		0.000535		0.00054796		5.872e-07		0.000001		0.992605		5.872e-07		0.000000
6002113	40	0.1		0.001515		0.000530		0.349977		0.001487		0.001536		0.001515		0.000375		0.001487		0.00153587		4.504e-06		0.000004		0.968713		4.504e-06		0.000003
6002113	80	0.2		0.01053		0.002184		0.207403		0.010249		0.010806		0.010532		0.001545		0.010249		0.01080631		0.0001868		0.000147		0.785634		0.0001868		0.000104
6002113	160	0.4		0.03299		0.003250		0.098528		0.032541		0.033480		0.032988		0.002298		0.032541		0.03348007		0.000922		0.000497		0.538888		0.000922		0.000351
6002113	240	0.6		0.05333		0.003709		0.069551		0.053126		0.053517		0.053328		0.002623		0.053122		0.05351552		0.001498		0.000633		0.422348		0.001498		0.000447
6002113	320	0.8		0.06844		0.004085		0.059689		0.068560		0.068185		0.068409		0.002888		0.068523		0.06817088		0.001966		0.000700		0.356357		0.001966		0.000495
6002113	400	1		0.07862		0.004466		0.056802		0.079130		0.077877		0.078532		0.003156		0.079000		0.07783068		0.002361		0.000790		0.334610		0.002361		0.000559
6002113	800	2		0.08643		0.007510		0.086883		0.089087		0.082957		0.085776		0.005056		0.088116		0.08247495		0.002993		0.001259		0.420794		0.002994		0.000889
6002113	1.6e+03	4		0.06155		0.013818		0.224478		0.065524		0.056394		0.056419		0.008168		0.059935		0.05138597		0.002198		0.001191		0.542076		0.002049		0.000774
6002113	2.4e+03	6		0.0485		0.015210		0.313601		0.052293		0.043639		0.038585		0.008089		0.041653		0.03426140		0.00172		0.001044		0.606903		0.001397		0.000591
6002113	3.2e+03	8		0.04195		0.015258		0.363761		0.045496		0.037433		0.028826		0.007192		0.031375		0.02527287		0.001477		0.000952		0.644518		0.001039		0.000469
6002113	4e+03	10		0.03814		0.015059		0.394814		0.041509		0.033886		0.022881		0.006300		0.025025		0.01991450		0.001336		0.000893		0.668361		0.0008211		0.000386
6002113	8e+03	20		0.03102		0.014194		0.457537		0.033959		0.027345		0.011129		0.003676		0.012283		0.00955629		0.001071		0.000769		0.717868		0.0003949		0.000202
6002113	1.6e+04	40		0.02776		0.013566		0.488598		0.030471		0.024394		0.005457		0.001958		0.006048		0.00465799		0.0009507		0.000706		0.743042		0.0001923		0.000103
6002113	2.4e+04	60		0.02673		0.013334		0.498841		0.029357		0.023461		0.003612		0.001331		0.004008		0.00307705		0.0009125		0.000686		0.751436		0.000127		0.000069
6002113	3.2e+04	80		0.02622		0.013214		0.503936		0.028810		0.023004		0.002699		0.001007		0.002996		0.00229699		0.0008938		0.000675		0.755629		9.474e-05		0.000052
6002113	4e+04	1e+02		0.02592		0.013141		0.506984		0.028485		0.022733		0.002154		0.000810		0.002393		0.00183236		0.0008827		0.000669		0.758143		7.556e-05		0.000041
6003113	40	0.01		1.77e-06		0.000001		0.813747		0.000002		0.000001		0.000002		0.000001		0.000002		0.00000121		4.793e-31		0.000000		1.113859		4.793e-31		0.000000
6003113	80	0.02		0.0008347		0.000477		0.571372		0.001078		0.000608		0.000835		0.000337		0.001078		0.00060752		3.522e-16		0.000000		1.050635		3.522e-16		0.000000
6003113	160	0.04		0.0164		0.006132		0.373796		0.019389		0.013810		0.016405		0.004336		0.019389		0.01380979		5.698e-09		0.000000		1.004036		5.698e-09		0.000000
6003113	240	0.06		0.04126		0.011647		0.282315		0.046033		0.037307		0.041255		0.008236		0.046033		0.03730650		1.097e-06		0.000001		0.945982		1.097e-06		0.000001
6003113	320	0.08		0.06291		0.014325		0.227709		0.067810		0.059109		0.062911		0.010130		0.067810		0.05910943		1.351e-05		0.000012		0.878053		1.351e-05		0.000008
6003113	400	0.1		0.0791		0.015168		0.191768		0.083453		0.076003		0.079096		0.010725		0.083453		0.07600257		5.702e-05		0.000047		0.816089		5.702e-05		0.000033
6003113	800	0.2		0.1065		0.012644		0.118673		0.108263		0.106351		0.106544		0.008941		0.108263		0.10635116		0.0007157		0.000470		0.657009		0.0007157		0.000332
6003113	1.6e+03	0.4		0.09096		0.007939		0.087279		0.090754		0.092414		0.090965		0.005614		0.090754		0.09241357		0.001426		0.000848		0.594966		0.001426		0.000600
6003113	2.4e+03	0.6		0.07224		0.005633		0.077976		0.071292		0.074185		0.072234		0.003983		0.071286		0.07417819		0.001304		0.000761		0.583585		0.001304		0.000538
6003113	3.2e+03	0.8		0.05898		0.004375		0.074175		0.057675		0.061135		0.058938		0.003093		0.057632		0.06108540		0.001058		0.000614		0.580084		0.001058		0.000434
6003113	4e+03	1		0.04959		0.003664		0.073891		0.048107		0.051815		0.049457		0.002588		0.047984		0.05166853		0.0008444		0.000489		0.578718		0.0008443		0.000346
6003113	8e+03	2		0.02645		0.002885		0.109087		0.024874		0.028621		0.025845		0.001877		0.024404		0.02782604		0.0003278		0.000190		0.578913		0.0003289		0.000135
6003113	1.6e+04	4		0.01276		0.003179		0.249172		0.011377		0.014771		0.011337		0.001761		0.010289		0.01282685		0.0001113		0.000067		0.605381		0.0001062		0.000045
6003113	2.4e+04	6		0.008832		0.003028		0.342835		0.007652		0.010635		0.006766		0.001509		0.005994		0.00790149		6.562e-05		0.000042		0.637919		5.533e-05		0.000025
6003113	3.2e+04	8		0.007164		0.002845		0.397067		0.006109		0.008818		0.004719		0.001258		0.004122		0.00561838		4.867e-05		0.000032		0.660946		3.58e-05		0.000017
6003113	4e+04	10		0.00627		0.002704		0.431225		0.005296		0.007825		0.003594		0.001062		0.003110		0.00433249		4.025e-05		0.000027		0.676747		2.599e-05		0.000012
6003113	8e+04	20		0.004727		0.002372		0.501680		0.003918		0.006067		0.001607		0.000576		0.001365		0.00199081		2.69e-05		0.000019		0.711937		1.051e-05		0.000005
6003113	1.6e+05	40		0.004076		0.002190		0.537356		0.003347		0.005305		0.000755		0.000296		0.000635		0.00094909		2.176e-05		0.000016		0.730839		4.684e-06		0.000003
6003113	2.4e+05	60		0.003876		0.002129		0.549244		0.003173		0.005067		0.000493		0.000199		0.000413		0.00062227		2.025e-05		0.000015		0.737269		3.001e-06		0.000002
6003113	3.2e+05	80		0.003779		0.002098		0.555181		0.003089		0.004952		0.000366		0.000150		0.000306		0.00046276		1.952e-05		0.000014		0.740503		2.206e-06		0.000001
6003113	4e+05	1e+02		0.003721		0.002079		0.558741		0.003040		0.004884		0.000291		0.000120		0.000243		0.00036831		1.91e-05		0.000014		0.742449		1.744e-06		0.000001
