PDG	Ctau	CtauScaleFactor	Efficiency	StatError	RelativeStatError	PuUpEffic	PuDownEffic	TruncEffic	StatError	PuUpTrunEffic	PuDownTruncEffic	EfficiencyNeg	StatError	RelativeStatError	TrunEfficNeg	StatError
6001113	0.015	0.01		0		0.000000		-1.000000		0.000000		0.000000		0.000000		0.000000		0.000000		0.00000000		0		0.000000		-1.000000		0		0.000000
6001113	0.03	0.02		0		0.000000		-1.000000		0.000000		0.000000		0.000000		0.000000		0.000000		0.00000000		0		0.000000		-1.000000		0		0.000000
6001113	0.06	0.04		0		0.000000		-1.000000		0.000000		0.000000		0.000000		0.000000		0.000000		0.00000000		0		0.000000		-1.000000		0		0.000000
6001113	0.09	0.06		0		0.000000		-1.000000		0.000000		0.000000		0.000000		0.000000		0.000000		0.00000000		0		0.000000		-1.000000		0		0.000000
6001113	0.12	0.08		0		0.000000		-1.000000		0.000000		0.000000		0.000000		0.000000		0.000000		0.00000000		0		0.000000		-1.000000		0		0.000000
6001113	0.15	0.1		0		0.000000		-1.000000		0.000000		0.000000		0.000000		0.000000		0.000000		0.00000000		0		0.000000		-1.000000		0		0.000000
6001113	0.3	0.2		0		0.000000		-1.000000		0.000000		0.000000		0.000000		0.000000		0.000000		0.00000000		0		0.000000		-1.000000		0		0.000000
6001113	0.6	0.4		0		0.000000		-1.000000		0.000000		0.000000		0.000000		0.000000		0.000000		0.00000000		0		0.000000		-1.000000		0		0.000000
6001113	0.9	0.6		0		0.000000		-1.000000		0.000000		0.000000		0.000000		0.000000		0.000000		0.00000000		0		0.000000		-1.000000		0		0.000000
6001113	1.2	0.8		0		0.000000		-1.000000		0.000000		0.000000		0.000000		0.000000		0.000000		0.00000000		0		0.000000		-1.000000		0		0.000000
6001113	1.5	1		0		0.000000		-1.000000		0.000000		0.000000		0.000000		0.000000		0.000000		0.00000000		0		0.000000		-1.000000		0		0.000000
6001113	3	2		0		0.000000		-1.000000		0.000000		0.000000		0.000000		0.000000		0.000000		0.00000000		0		0.000000		-1.000000		0		0.000000
6001113	6	4		0		0.000000		-1.000000		0.000000		0.000000		0.000000		0.000000		0.000000		0.00000000		0		0.000000		-1.000000		0		0.000000
6001113	9	6		0		0.000000		-1.000000		0.000000		0.000000		0.000000		0.000000		0.000000		0.00000000		0		0.000000		-1.000000		0		0.000000
6001113	12	8		0		0.000000		-1.000000		0.000000		0.000000		0.000000		0.000000		0.000000		0.00000000		0		0.000000		-1.000000		0		0.000000
6001113	15	10		0		0.000000		-1.000000		0.000000		0.000000		0.000000		0.000000		0.000000		0.00000000		0		0.000000		-1.000000		0		0.000000
6001113	30	20		0		0.000000		-1.000000		0.000000		0.000000		0.000000		0.000000		0.000000		0.00000000		0		0.000000		-1.000000		0		0.000000
6001113	60	40		0		0.000000		-1.000000		0.000000		0.000000		0.000000		0.000000		0.000000		0.00000000		0		0.000000		-1.000000		0		0.000000
6001113	90	60		0		0.000000		-1.000000		0.000000		0.000000		0.000000		0.000000		0.000000		0.00000000		0		0.000000		-1.000000		0		0.000000
6001113	120	80		0		0.000000		-1.000000		0.000000		0.000000		0.000000		0.000000		0.000000		0.00000000		0		0.000000		-1.000000		0		0.000000
6001113	150	1e+02		0		0.000000		-1.000000		0.000000		0.000000		0.000000		0.000000		0.000000		0.00000000		0		0.000000		-1.000000		0		0.000000
6002113	0.15	0.01		0		0.000000		-1.000000		0.000000		0.000000		0.000000		0.000000		0.000000		0.00000000		0		0.000000		-1.000000		0		0.000000
6002113	0.3	0.02		0		0.000000		-1.000000		0.000000		0.000000		0.000000		0.000000		0.000000		0.00000000		0		0.000000		-1.000000		0		0.000000
6002113	0.6	0.04		0		0.000000		-1.000000		0.000000		0.000000		0.000000		0.000000		0.000000		0.00000000		0		0.000000		-1.000000		0		0.000000
6002113	0.9	0.06		0		0.000000		-1.000000		0.000000		0.000000		0.000000		0.000000		0.000000		0.00000000		0		0.000000		-1.000000		0		0.000000
6002113	1.2	0.08		0		0.000000		-1.000000		0.000000		0.000000		0.000000		0.000000		0.000000		0.00000000		0		0.000000		-1.000000		0		0.000000
6002113	1.5	0.1		0		0.000000		-1.000000		0.000000		0.000000		0.000000		0.000000		0.000000		0.00000000		0		0.000000		-1.000000		0		0.000000
6002113	3	0.2		0		0.000000		-1.000000		0.000000		0.000000		0.000000		0.000000		0.000000		0.00000000		0		0.000000		-1.000000		0		0.000000
6002113	6	0.4		0		0.000000		-1.000000		0.000000		0.000000		0.000000		0.000000		0.000000		0.00000000		0		0.000000		-1.000000		0		0.000000
6002113	9	0.6		0		0.000000		-1.000000		0.000000		0.000000		0.000000		0.000000		0.000000		0.00000000		0		0.000000		-1.000000		0		0.000000
6002113	12	0.8		0		0.000000		-1.000000		0.000000		0.000000		0.000000		0.000000		0.000000		0.00000000		0		0.000000		-1.000000		0		0.000000
6002113	15	1		0		0.000000		-1.000000		0.000000		0.000000		0.000000		0.000000		0.000000		0.00000000		0		0.000000		-1.000000		0		0.000000
6002113	30	2		0		0.000000		-1.000000		0.000000		0.000000		0.000000		0.000000		0.000000		0.00000000		0		0.000000		-1.000000		0		0.000000
6002113	60	4		0		0.000000		-1.000000		0.000000		0.000000		0.000000		0.000000		0.000000		0.00000000		0		0.000000		-1.000000		0		0.000000
6002113	90	6		0		0.000000		-1.000000		0.000000		0.000000		0.000000		0.000000		0.000000		0.00000000		0		0.000000		-1.000000		0		0.000000
6002113	120	8		0		0.000000		-1.000000		0.000000		0.000000		0.000000		0.000000		0.000000		0.00000000		0		0.000000		-1.000000		0		0.000000
6002113	150	10		0		0.000000		-1.000000		0.000000		0.000000		0.000000		0.000000		0.000000		0.00000000		0		0.000000		-1.000000		0		0.000000
6002113	300	20		0		0.000000		-1.000000		0.000000		0.000000		0.000000		0.000000		0.000000		0.00000000		0		0.000000		-1.000000		0		0.000000
6002113	600	40		0		0.000000		-1.000000		0.000000		0.000000		0.000000		0.000000		0.000000		0.00000000		0		0.000000		-1.000000		0		0.000000
6002113	900	60		0		0.000000		-1.000000		0.000000		0.000000		0.000000		0.000000		0.000000		0.00000000		0		0.000000		-1.000000		0		0.000000
6002113	1.2e+03	80		0		0.000000		-1.000000		0.000000		0.000000		0.000000		0.000000		0.000000		0.00000000		0		0.000000		-1.000000		0		0.000000
6002113	1.5e+03	1e+02		0		0.000000		-1.000000		0.000000		0.000000		0.000000		0.000000		0.000000		0.00000000		0		0.000000		-1.000000		0		0.000000
6003113	1.5	0.01		3.278e-21		0.000000		0.988232		0.000000		0.000000		0.000000		0.000000		0.000000		0.00000000		0		0.000000		-1.000000		0		0.000000
6003113	3	0.02		4.37e-12		0.000000		0.890708		0.000000		0.000000		0.000000		0.000000		0.000000		0.00000000		0		0.000000		-1.000000		0		0.000000
6003113	6	0.04		1.372e-07		0.000000		0.754422		0.000000		0.000000		0.000000		0.000000		0.000000		0.00000018		0		0.000000		-1.000000		0		0.000000
6003113	9	0.06		4.055e-06		0.000003		0.680362		0.000003		0.000005		0.000004		0.000003		0.000003		0.00000503		0		0.000000		-1.000000		0		0.000000
6003113	12	0.08		2.151e-05		0.000013		0.626910		0.000018		0.000026		0.000022		0.000013		0.000018		0.00002610		0		0.000000		-1.000000		0		0.000000
6003113	15	0.1		5.787e-05		0.000034		0.585319		0.000049		0.000069		0.000058		0.000034		0.000049		0.00006924		0		0.000000		-1.000000		0		0.000000
6003113	30	0.2		0.0004021		0.000186		0.462051		0.000351		0.000467		0.000402		0.000186		0.000351		0.00046670		0		0.000000		-1.000000		0		0.000000
6003113	60	0.4		0.001023		0.000368		0.359901		0.000906		0.001165		0.001023		0.000368		0.000906		0.00116518		0		0.000000		-1.000000		0		0.000000
6003113	90	0.6		0.001328		0.000437		0.328722		0.001183		0.001504		0.001328		0.000437		0.001183		0.00150394		0		0.000000		-1.000000		0		0.000000
6003113	120	0.8		0.001439		0.000461		0.320665		0.001284		0.001625		0.001439		0.000461		0.001284		0.00162453		0		0.000000		-1.000000		0		0.000000
6003113	150	1		0.001452		0.000464		0.319803		0.001297		0.001636		0.001451		0.000464		0.001296		0.00163539		0		0.000000		-1.000000		0		0.000000
6003113	300	2		0.001184		0.000390		0.329370		0.001056		0.001333		0.001173		0.000386		0.001052		0.00131514		0		0.000000		-1.000000		0		0.000000
6003113	600	4		0.0008105		0.000279		0.344475		0.000700		0.000933		0.000748		0.000254		0.000674		0.00083416		0		0.000000		-1.000000		0		0.000000
6003113	900	6		0.0006541		0.000233		0.356436		0.000548		0.000770		0.000541		0.000186		0.000488		0.00060167		0		0.000000		-1.000000		0		0.000000
6003113	1.2e+03	8		0.0005743		0.000210		0.365643		0.000471		0.000687		0.000422		0.000147		0.000381		0.00046936		0		0.000000		-1.000000		0		0.000000
6003113	1.5e+03	10		0.0005269		0.000196		0.372581		0.000426		0.000637		0.000346		0.000121		0.000313		0.00038446		0		0.000000		-1.000000		0		0.000000
6003113	3e+03	20		0.0004349		0.000170		0.390241		0.000341		0.000540		0.000182		0.000064		0.000165		0.00020154		0		0.000000		-1.000000		0		0.000000
6003113	6e+03	40		0.0003911		0.000157		0.401140		0.000301		0.000494		0.000093		0.000033		0.000084		0.00010318		0		0.000000		-1.000000		0		0.000000
6003113	9e+03	60		0.000377		0.000153		0.405090		0.000288		0.000478		0.000063		0.000022		0.000057		0.00006934		0		0.000000		-1.000000		0		0.000000
6003113	1.2e+04	80		0.00037		0.000151		0.407124		0.000282		0.000471		0.000047		0.000017		0.000043		0.00005221		0		0.000000		-1.000000		0		0.000000
6003113	1.5e+04	1e+02		0.0003658		0.000149		0.408364		0.000279		0.000466		0.000038		0.000013		0.000034		0.00004187		0		0.000000		-1.000000		0		0.000000
