PDG	Ctau	CtauScaleFactor	Efficiency	StatError	RelativeStatError	PuUpEffic	PuDownEffic	TruncEffic	StatError	PuUpTrunEffic	PuDownTruncEffic	EfficiencyNeg	StatError	RelativeStatError	TrunEfficNeg	StatError
6001113	0.5	0.01		2.449e-125		0.000000		1.003626		0.000000		0.000000		0.000000		0.000000		0.000000		0.00000000		0		0.000000		-1.000000		0		0.000000
6001113	1	0.02		1.233e-63		0.000000		1.001772		0.000000		0.000000		0.000000		0.000000		0.000000		0.00000000		0		0.000000		-1.000000		0		0.000000
6001113	2	0.04		6.145e-33		0.000000		1.000888		0.000000		0.000000		0.000000		0.000000		0.000000		0.00000000		0		0.000000		-1.000000		0		0.000000
6001113	3	0.06		8.839e-23		0.000000		1.000602		0.000000		0.000000		0.000000		0.000000		0.000000		0.00000000		0		0.000000		-1.000000		0		0.000000
6001113	4	0.08		9.762e-18		0.000000		1.000460		0.000000		0.000000		0.000000		0.000000		0.000000		0.00000000		0		0.000000		-1.000000		0		0.000000
6001113	5	0.1		9.864e-15		0.000000		1.000374		0.000000		0.000000		0.000000		0.000000		0.000000		0.00000000		0		0.000000		-1.000000		0		0.000000
6001113	10	0.2		7.886e-09		0.000000		1.000199		0.000000		0.000000		0.000000		0.000000		0.000000		0.00000001		0		0.000000		-1.000000		0		0.000000
6001113	20	0.4		4.965e-06		0.000005		0.999918		0.000005		0.000005		0.000005		0.000005		0.000005		0.00000508		0		0.000000		-1.000000		0		0.000000
6001113	30	0.6		3.645e-05		0.000036		0.978695		0.000035		0.000037		0.000036		0.000036		0.000035		0.00003650		0		0.000000		-1.000000		0		0.000000
6001113	40	0.8		0.0001087		0.000090		0.829987		0.000105		0.000111		0.000088		0.000088		0.000085		0.00008980		0		0.000000		-1.000000		0		0.000000
6001113	50	1		0.0002856		0.000202		0.707007		0.000277		0.000292		0.000143		0.000143		0.000139		0.00014648		0		0.000000		-1.000000		0		0.000000
6001113	100	2		0.005365		0.005055		0.942177		0.005211		0.005475		0.000298		0.000298		0.000289		0.00030411		0		0.000000		-1.000000		0		0.000000
6001113	200	4		0.02211		0.021369		0.966439		0.021530		0.022521		0.000304		0.000304		0.000296		0.00030996		0		0.000000		-1.000000		0		0.000000
6001113	300	6		0.03252		0.031320		0.962965		0.031717		0.033093		0.000258		0.000258		0.000251		0.00026217		0		0.000000		-1.000000		0		0.000000
6001113	400	8		0.03863		0.037085		0.960099		0.037702		0.039278		0.000218		0.000218		0.000212		0.00022153		0		0.000000		-1.000000		0		0.000000
6001113	500	10		0.04252		0.040745		0.958166		0.041530		0.043225		0.000188		0.000188		0.000183		0.00019038		0		0.000000		-1.000000		0		0.000000
6001113	1e+03	20		0.05072		0.048394		0.954083		0.049601		0.051518		0.000108		0.000108		0.000106		0.00010987		0		0.000000		-1.000000		0		0.000000
6001113	2e+03	40		0.05496		0.052324		0.952042		0.053781		0.055798		0.000058		0.000058		0.000057		0.00005902		0		0.000000		-1.000000		0		0.000000
6001113	3e+03	60		0.05638		0.053642		0.951374		0.055187		0.057236		0.000040		0.000040		0.000039		0.00004030		0		0.000000		-1.000000		0		0.000000
6001113	4e+03	80		0.0571		0.054302		0.951044		0.055892		0.057956		0.000030		0.000030		0.000029		0.00003059		0		0.000000		-1.000000		0		0.000000
6001113	5e+03	1e+02		0.05753		0.054698		0.950846		0.056316		0.058389		0.000024		0.000024		0.000024		0.00002465		0		0.000000		-1.000000		0		0.000000
6002113	5	0.01		2.011e-17		0.000000		0.937843		0.000000		0.000000		0.000000		0.000000		0.000000		0.00000000		0		0.000000		-1.000000		0		0.000000
6002113	10	0.02		3.69e-10		0.000000		0.818452		0.000000		0.000000		0.000000		0.000000		0.000000		0.00000000		0		0.000000		-1.000000		0		0.000000
6002113	20	0.04		1.268e-06		0.000001		0.742152		0.000001		0.000001		0.000001		0.000001		0.000001		0.00000117		0		0.000000		-1.000000		0		0.000000
6002113	30	0.06		1.68e-05		0.000012		0.710729		0.000017		0.000016		0.000017		0.000012		0.000017		0.00001559		0		0.000000		-1.000000		0		0.000000
6002113	40	0.08		5.887e-05		0.000039		0.670357		0.000060		0.000055		0.000059		0.000039		0.000060		0.00005483		0		0.000000		-1.000000		0		0.000000
6002113	50	0.1		0.0001256		0.000077		0.615600		0.000129		0.000117		0.000126		0.000077		0.000129		0.00011741		0		0.000000		-1.000000		0		0.000000
6002113	100	0.2		0.0006873		0.000256		0.373060		0.000704		0.000655		0.000687		0.000256		0.000704		0.00065521		0		0.000000		-1.000000		0		0.000000
6002113	200	0.4		0.001955		0.000475		0.242772		0.001975		0.001911		0.001955		0.000475		0.001975		0.00191095		0		0.000000		-1.000000		0		0.000000
6002113	300	0.6		0.002769		0.000599		0.216187		0.002770		0.002750		0.002769		0.000599		0.002770		0.00275044		0		0.000000		-1.000000		0		0.000000
6002113	400	0.8		0.003181		0.000669		0.210445		0.003161		0.003192		0.003181		0.000669		0.003160		0.00319212		0		0.000000		-1.000000		0		0.000000
6002113	500	1		0.00335		0.000706		0.210770		0.003312		0.003385		0.003349		0.000706		0.003311		0.00338418		0		0.000000		-1.000000		0		0.000000
6002113	1e+03	2		0.003098		0.000689		0.222557		0.003027		0.003172		0.003039		0.000676		0.002964		0.00312240		0		0.000000		-1.000000		0		0.000000
6002113	2e+03	4		0.002429		0.000574		0.236161		0.002364		0.002494		0.002093		0.000491		0.002023		0.00217237		0		0.000000		-1.000000		0		0.000000
6002113	3e+03	6		0.002126		0.000516		0.242689		0.002068		0.002181		0.001556		0.000373		0.001499		0.00162113		0		0.000000		-1.000000		0		0.000000
6002113	4e+03	8		0.001966		0.000485		0.246478		0.001912		0.002015		0.001233		0.000299		0.001186		0.00128682		0		0.000000		-1.000000		0		0.000000
6002113	5e+03	10		0.001869		0.000465		0.248941		0.001818		0.001914		0.001019		0.000249		0.000979		0.00106519		0		0.000000		-1.000000		0		0.000000
6002113	1e+04	20		0.001673		0.000425		0.254326		0.001628		0.001711		0.000545		0.000135		0.000522		0.00057032		0		0.000000		-1.000000		0		0.000000
6002113	2e+04	40		0.001575		0.000405		0.257259		0.001533		0.001609		0.000281		0.000070		0.000270		0.00029510		0		0.000000		-1.000000		0		0.000000
6002113	3e+04	60		0.001543		0.000399		0.258273		0.001502		0.001576		0.000190		0.000048		0.000182		0.00019900		0		0.000000		-1.000000		0		0.000000
6002113	4e+04	80		0.001527		0.000395		0.258787		0.001487		0.001559		0.000143		0.000036		0.000137		0.00015011		0		0.000000		-1.000000		0		0.000000
6002113	5e+04	1e+02		0.001517		0.000393		0.259098		0.001477		0.001549		0.000115		0.000029		0.000110		0.00012050		0		0.000000		-1.000000		0		0.000000
6003113	50	0.01		5.004e-05		0.000045		0.901192		0.000051		0.000051		0.000050		0.000045		0.000051		0.00005052		0		0.000000		-1.000000		0		0.000000
6003113	100	0.02		0.0006352		0.000407		0.640260		0.000647		0.000638		0.000635		0.000407		0.000647		0.00063786		0		0.000000		-1.000000		0		0.000000
6003113	200	0.04		0.002391		0.001052		0.439869		0.002398		0.002426		0.002391		0.001052		0.002398		0.00242567		0		0.000000		-1.000000		0		0.000000
6003113	300	0.06		0.0037		0.001360		0.367509		0.003648		0.003807		0.003700		0.001360		0.003648		0.00380667		0		0.000000		-1.000000		0		0.000000
6003113	400	0.08		0.0045		0.001496		0.332458		0.004380		0.004683		0.004500		0.001496		0.004380		0.00468337		0		0.000000		-1.000000		0		0.000000
6003113	500	0.1		0.004942		0.001549		0.313394		0.004766		0.005189		0.004942		0.001549		0.004766		0.00518870		0		0.000000		-1.000000		0		0.000000
6003113	1e+03	0.2		0.005011		0.001430		0.285305		0.004722		0.005384		0.005011		0.001430		0.004722		0.00538447		0		0.000000		-1.000000		0		0.000000
6003113	2e+03	0.4		0.003724		0.001040		0.279236		0.003459		0.004061		0.003724		0.001040		0.003459		0.00406066		0		0.000000		-1.000000		0		0.000000
6003113	3e+03	0.6		0.002852		0.000795		0.278738		0.002636		0.003125		0.002852		0.000795		0.002636		0.00312520		0		0.000000		-1.000000		0		0.000000
6003113	4e+03	0.8		0.002292		0.000639		0.278805		0.002114		0.002518		0.002292		0.000639		0.002114		0.00251812		0		0.000000		-1.000000		0		0.000000
6003113	5e+03	1		0.001909		0.000533		0.278959		0.001758		0.002100		0.001909		0.000533		0.001758		0.00210028		0		0.000000		-1.000000		0		0.000000
6003113	1e+04	2		0.001033		0.000289		0.279859		0.000947		0.001143		0.001022		0.000286		0.000937		0.00112827		0		0.000000		-1.000000		0		0.000000
6003113	2e+04	4		0.0005834		0.000165		0.283358		0.000530		0.000652		0.000521		0.000146		0.000477		0.00057741		0		0.000000		-1.000000		0		0.000000
6003113	3e+04	6		0.0004498		0.000129		0.287319		0.000407		0.000506		0.000349		0.000098		0.000319		0.00038695		0		0.000000		-1.000000		0		0.000000
6003113	4e+04	8		0.0003887		0.000113		0.290488		0.000350		0.000439		0.000262		0.000074		0.000240		0.00029085		0		0.000000		-1.000000		0		0.000000
6003113	5e+04	10		0.0003541		0.000104		0.292898		0.000319		0.000402		0.000210		0.000059		0.000192		0.00023295		0		0.000000		-1.000000		0		0.000000
6003113	1e+05	20		0.0002903		0.000087		0.299094		0.000260		0.000331		0.000105		0.000030		0.000096		0.00011672		0		0.000000		-1.000000		0		0.000000
6003113	2e+05	40		0.0002611		0.000079		0.302977		0.000233		0.000299		0.000053		0.000015		0.000048		0.00005841		0		0.000000		-1.000000		0		0.000000
6003113	3e+05	60		0.0002518		0.000077		0.304398		0.000225		0.000289		0.000035		0.000010		0.000032		0.00003895		0		0.000000		-1.000000		0		0.000000
6003113	4e+05	80		0.0002472		0.000075		0.305132		0.000220		0.000284		0.000026		0.000007		0.000024		0.00002922		0		0.000000		-1.000000		0		0.000000
6003113	5e+05	1e+02		0.0002445		0.000075		0.305581		0.000218		0.000281		0.000021		0.000006		0.000019		0.00002338		0		0.000000		-1.000000		0		0.000000
